5 22
0 8 4 4 1 0 1 50 1 2 50 3 1 50 4 1 50
1 10 2 2 1 1 4 50 2 4 50
2 22 2 2 1 3 0 50 4 0 50
3 25 2 2 1 4 0 50 1 0 50
4 34 2 2 1 0 1 50 3 1 50
5 36 2 2 1 2 0 50 4 0 50
6 37 2 2 1 0 3 50 1 3 50
7 38 1 1 1 2 4 50
8 51 5 5 1 0 2 50 1 2 50 2 3 50 3 2 50 4 2 50
9 52 1 1 1 3 4 50
10 53 5 5 1 0 2 50 1 2 50 2 3 50 3 2 50 4 2 50
11 151 1 1 1 3 4 50
12 251 1 1 1 3 4 50
13 351 1 1 1 3 4 50
14 451 1 1 1 3 4 50
15 452 1 1 1 3 4 50
16 453 1 1 1 3 4 50
17 454 5 5 1 0 2 50 1 2 50 2 3 50 3 2 50 4 2 50
18 456 1 1 1 3 4 50
19 457 1 1 1 3 4 50
20 458 2 2 1 2 0 50 4 0 50
21 459 2 2 1 0 3 50 1 3 50
