16 1000
0 3 1 1 1 7 3 1
1 15 4 4 1 0 15 32 7 15 32 13 15 32 14 15 32
2 16 1 1 1 2 5 1
3 60 13 13 1 0 4 1 1 4 1 3 4 1 5 4 1 6 4 1 7 4 1 8 4 1 9 4 1 11 4 1 12 4 1 13 4 1 14 4 1 15 4 1
4 63 2 2 1 0 8 20 13 8 20
5 111 15 15 1 0 13 1 2 13 1 3 13 1 4 13 1 5 13 1 6 13 1 7 13 1 8 13 1 9 13 1 10 13 1 11 13 1 12 13 1 13 14 1 14 13 1 15 13 1
6 221 32 16 2 0 7 5 1 7 5 2 7 5 3 7 5 4 7 5 5 7 5 6 7 5 7 8 5 8 7 5 9 7 5 10 7 5 11 7 5 12 7 5 13 7 5 14 7 5 15 7 5 0 10 5 1 10 5 2 10 5 3 10 5 4 10 5 5 10 5 6 10 5 7 10 5 8 10 5 9 10 5 10 11 5 11 10 5 12 10 5 13 10 5 14 10 5 15 10 5
7 227 1 1 1 9 13 1
8 283 14 14 1 0 1 1 2 1 1 3 1 1 4 1 1 5 1 1 6 1 1 7 1 1 8 1 1 9 1 1 10 1 1 11 1 1 12 1 1 13 1 1 14 1 1
9 288 3 3 1 1 10 1 3 10 1 15 10 1
10 299 7 7 1 1 5 1 3 5 1 7 5 1 9 5 1 12 5 1 13 5 1 15 5 1
11 508 70 14 5 0 1 5 1 0 5 2 0 5 3 0 5 4 0 5 5 0 5 7 0 5 8 0 5 9 0 5 10 0 5 11 0 5 12 0 5 13 0 5 14 0 5 0 2 5 1 2 5 2 3 5 3 2 5 4 2 5 5 2 5 7 2 5 8 2 5 9 2 5 10 2 5 11 2 5 12 2 5 13 2 5 14 2 5 0 10 5 1 10 5 2 10 5 3 10 5 4 10 5 5 10 5 7 10 5 8 10 5 9 10 5 10 11 5 11 10 5 12 10 5 13 10 5 14 10 5 0 12 5 1 12 5 2 12 5 3 12 5 4 12 5 5 12 5 7 12 5 8 12 5 9 12 5 10 12 5 11 12 5 12 13 5 13 12 5 14 12 5 0 13 5 1 13 5 2 13 5 3 13 5 4 13 5 5 13 5 7 13 5 8 13 5 9 13 5 10 13 5 11 13 5 12 13 5 13 14 5 14 13 5
12 509 1 1 1 0 1 1
13 509 1 1 1 1 15 7
14 512 1 1 1 5 7 1
15 514 1 1 1 0 9 1
16 543 11 1 11 9 0 3 9 1 3 9 4 3 9 6 6 9 7 3 9 8 2 9 10 6 9 11 3 9 12 3 9 14 3 9 15 3
17 587 13 13 1 0 6 1 1 6 1 2 6 1 3 6 1 5 6 1 7 6 1 8 6 1 9 6 1 10 6 1 12 6 1 13 6 1 14 6 1 15 6 1
18 627 13 1 1 13 8 50 13 8 50 13 8 50 13 8 50 13 8 50 13 8 50 13 8 50 13 8 50 13 8 50 13 8 50 13 8 50 13 8 50 13 8 38
19 851 70 14 5 0 10 5 1 10 5 2 10 5 3 10 5 4 10 5 5 10 5 6 10 5 7 10 5 8 10 5 9 10 5 10 11 5 11 10 5 12 10 5 13 10 5 0 11 5 1 11 5 2 11 5 3 11 5 4 11 5 5 11 5 6 11 5 7 11 5 8 11 5 9 11 5 10 11 5 11 12 5 12 11 5 13 11 5 0 12 5 1 12 5 2 12 5 3 12 5 4 12 5 5 12 5 6 12 5 7 12 5 8 12 5 9 12 5 10 12 5 11 12 5 12 13 5 13 12 5 0 13 5 1 13 5 2 13 5 3 13 5 4 13 5 5 13 5 6 13 5 7 13 5 8 13 5 9 13 5 10 13 5 11 13 5 12 13 5 13 14 5 0 15 5 1 15 5 2 15 5 3 15 5 4 15 5 5 15 5 6 15 5 7 15 5 8 15 5 9 15 5 10 15 5 11 15 5 12 15 5 13 15 5
20 860 1 1 1 12 7 11
21 874 3 3 1 5 8 2 6 8 2 10 8 2
22 886 2 2 1 2 13 45 14 13 45
23 888 1 1 1 7 3 7
24 908 2 2 1 3 9 47 4 9 47
25 913 1 1 1 6 14 1
26 951 9 1 1 2 6 50 2 6 50 2 6 50 2 6 50 2 6 50 2 6 50 2 6 50 2 6 50 2 6 23
27 951 1 1 1 9 14 3
28 964 1 1 1 11 5 1
29 968 1 1 1 2 4 1
30 1004 14 14 1 0 1 1 1 2 1 2 1 1 3 1 1 4 1 1 5 1 1 6 1 1 8 1 1 9 1 1 10 1 1 12 1 1 13 1 1 14 1 1 15 1 1
31 1008 1 1 1 11 3 1
32 1037 7 7 1 1 3 1 4 3 1 6 3 1 9 3 1 10 3 1 12 3 1 14 3 1
33 1074 10 5 2 2 12 1 3 12 1 9 12 1 10 12 1 13 12 1 2 15 1 3 15 1 9 15 1 10 15 1 13 15 1
34 1140 16 1 16 15 0 2 15 1 1 15 2 2 15 3 1 15 4 1 15 5 1 15 6 1 15 7 1 15 8 2 15 9 1 15 10 1 15 11 1 15 12 1 15 13 1 15 14 2 15 0 1
35 1140 1 1 1 11 13 1
36 1169 8 8 1 1 11 1 2 11 1 4 11 1 5 11 1 12 11 1 13 11 1 14 11 1 15 11 1
37 1221 13 13 1 0 14 1 1 14 1 3 14 1 4 14 1 5 14 1 7 14 1 8 14 1 9 14 1 11 14 1 12 14 1 13 14 1 14 15 1 15 14 1
38 1247 6 3 1 1 13 50 1 13 10 10 13 50 10 13 10 13 14 50 13 14 10
39 1281 12 12 1 0 2 1 1 2 1 2 3 1 3 2 1 5 2 1 7 2 1 8 2 1 10 2 1 11 2 1 12 2 1 14 2 1 15 2 1
40 1283 1 1 1 15 1 1
41 1297 7 7 1 0 10 1 2 10 1 5 10 1 7 10 1 9 10 1 10 11 1 12 10 1
42 1351 13 1 1 9 7 50 9 7 50 9 7 50 9 7 50 9 7 50 9 7 50 9 7 50 9 7 50 9 7 50 9 7 50 9 7 50 9 7 50 9 7 38
43 1358 1 1 1 7 14 1
44 1359 1 1 1 11 0 1
45 1361 2 2 1 13 5 1 14 5 1
46 1381 7 7 1 0 8 1 1 8 1 3 8 1 6 8 1 7 8 1 8 9 1 10 8 1
47 1411 7 7 1 0 1 1 1 2 1 2 1 1 5 1 1 7 1 1 8 1 1 12 1 1
48 1430 3 3 1 2 14 1 8 14 1 15 14 1
49 1435 1 1 1 7 14 1
50 1437 1 1 1 13 10 1
51 1476 8 8 1 0 4 1 2 4 1 5 4 1 6 4 1 7 4 1 9 4 1 10 4 1 12 4 1
52 1481 1 1 1 11 12 1
53 1481 1 1 1 14 0 1
54 1543 14 14 1 0 3 1 1 3 1 3 4 1 4 3 1 5 3 1 6 3 1 8 3 1 9 3 1 10 3 1 11 3 1 12 3 1 13 3 1 14 3 1 15 3 1
55 1544 1 1 1 5 2 1
56 1568 4 4 1 0 10 8 6 10 8 7 10 8 11 10 8
57 2336 210 6 7 0 1 50 0 1 50 0 1 50 0 1 50 0 1 46 1 0 50 1 0 50 1 0 50 1 0 50 1 0 46 8 0 50 8 0 50 8 0 50 8 0 50 8 0 46 10 0 50 10 0 50 10 0 50 10 0 50 10 0 46 13 0 50 13 0 50 13 0 50 13 0 50 13 0 46 15 0 50 15 0 50 15 0 50 15 0 50 15 0 46 0 1 50 0 1 50 0 1 50 0 1 50 0 1 46 1 2 50 1 2 50 1 2 50 1 2 50 1 2 46 8 1 50 8 1 50 8 1 50 8 1 50 8 1 46 10 1 50 10 1 50 10 1 50 10 1 50 10 1 46 13 1 50 13 1 50 13 1 50 13 1 50 13 1 46 15 1 50 15 1 50 15 1 50 15 1 50 15 1 46 0 4 50 0 4 50 0 4 50 0 4 50 0 4 46 1 4 50 1 4 50 1 4 50 1 4 50 1 4 46 8 4 50 8 4 50 8 4 50 8 4 50 8 4 46 10 4 50 10 4 50 10 4 50 10 4 50 10 4 46 13 4 50 13 4 50 13 4 50 13 4 50 13 4 46 15 4 50 15 4 50 15 4 50 15 4 50 15 4 46 0 7 50 0 7 50 0 7 50 0 7 50 0 7 46 1 7 50 1 7 50 1 7 50 1 7 50 1 7 46 8 7 50 8 7 50 8 7 50 8 7 50 8 7 46 10 7 50 10 7 50 10 7 50 10 7 50 10 7 46 13 7 50 13 7 50 13 7 50 13 7 50 13 7 46 15 7 50 15 7 50 15 7 50 15 7 50 15 7 46 0 11 50 0 11 50 0 11 50 0 11 50 0 11 46 1 11 50 1 11 50 1 11 50 1 11 50 1 11 46 8 11 50 8 11 50 8 11 50 8 11 50 8 11 46 10 11 50 10 11 50 10 11 50 10 11 50 10 11 46 13 11 50 13 11 50 13 11 50 13 11 50 13 11 46 15 11 50 15 11 50 15 11 50 15 11 50 15 11 46 0 13 50 0 13 50 0 13 50 0 13 50 0 13 47 1 13 50 1 13 50 1 13 50 1 13 50 1 13 47 8 13 50 8 13 50 8 13 50 8 13 50 8 13 47 10 13 50 10 13 50 10 13 50 10 13 50 10 13 47 13 14 50 13 14 50 13 14 50 13 14 50 13 14 47 15 13 50 15 13 50 15 13 50 15 13 50 15 13 47 0 14 50 0 14 50 0 14 50 0 14 50 0 14 47 1 14 50 1 14 50 1 14 50 1 14 50 1 14 47 8 14 50 8 14 50 8 14 50 8 14 50 8 14 47 10 14 50 10 14 50 10 14 50 10 14 50 10 14 47 13 14 50 13 14 50 13 14 50 13 14 50 13 14 47 15 14 50 15 14 50 15 14 50 15 14 50 15 14 47
58 2338 1 1 1 13 0 1
59 2387 15 3 5 0 1 1 6 0 1 7 0 1 0 1 1 6 1 1 7 1 1 0 3 1 6 3 1 7 3 1 0 6 1 6 7 1 7 6 1 0 11 1 6 11 1 7 11 1
60 2417 13 13 1 0 5 1 2 5 1 3 5 1 4 5 1 5 6 1 6 5 1 7 5 1 8 5 1 9 5 1 10 5 1 12 5 1 13 5 1 15 5 1
61 2423 2 2 1 9 10 22 10 9 22
62 2426 1 1 1 6 12 1
63 2462 7 7 1 0 13 1 6 13 1 7 13 1 8 13 1 10 13 1 11 13 1 12 13 1
64 2473 2 2 1 4 1 22 10 1 22
65 2482 4 2 1 2 0 50 2 0 26 13 0 50 13 0 26
66 2494 2 2 1 1 7 22 5 7 22
67 2520 7 7 1 0 7 1 3 7 1 5 7 1 10 7 1 12 7 1 13 7 1 14 7 1
68 2795 75 15 5 0 1 5 1 2 5 3 1 5 4 1 5 5 1 5 6 1 5 7 1 5 8 1 5 9 1 5 10 1 5 11 1 5 12 1 5 13 1 5 14 1 5 15 1 5 0 2 5 1 2 5 3 2 5 4 2 5 5 2 5 6 2 5 7 2 5 8 2 5 9 2 5 10 2 5 11 2 5 12 2 5 13 2 5 14 2 5 15 2 5 0 6 5 1 6 5 3 6 5 4 6 5 5 6 5 6 7 5 7 6 5 8 6 5 9 6 5 10 6 5 11 6 5 12 6 5 13 6 5 14 6 5 15 6 5 0 9 5 1 9 5 3 9 5 4 9 5 5 9 5 6 9 5 7 9 5 8 9 5 9 10 5 10 9 5 11 9 5 12 9 5 13 9 5 14 9 5 15 9 5 0 10 5 1 10 5 3 10 5 4 10 5 5 10 5 6 10 5 7 10 5 8 10 5 9 10 5 10 11 5 11 10 5 12 10 5 13 10 5 14 10 5 15 10 5
69 2799 1 1 1 11 7 1
70 2803 1 1 1 13 4 1
71 2884 13 13 1 0 5 1 1 5 1 2 5 1 3 5 1 4 5 1 5 6 1 6 5 1 8 5 1 9 5 1 11 5 1 12 5 1 13 5 1 14 5 1
72 2887 1 1 1 1 14 1
73 2927 14 7 2 0 6 2 2 6 2 3 6 2 6 7 2 11 6 2 12 6 2 14 6 2 0 14 2 2 14 2 3 14 2 6 14 2 11 14 2 12 14 2 14 15 2
74 2931 1 1 1 11 5 6
75 2932 2 2 1 1 9 25 15 9 25
76 3232 75 15 5 0 1 5 1 2 5 2 1 5 3 1 5 4 1 5 5 1 5 6 1 5 7 1 5 8 1 5 9 1 5 10 1 5 11 1 5 12 1 5 13 1 5 14 1 5 0 2 5 1 2 5 2 3 5 3 2 5 4 2 5 5 2 5 6 2 5 7 2 5 8 2 5 9 2 5 10 2 5 11 2 5 12 2 5 13 2 5 14 2 5 0 3 5 1 3 5 2 3 5 3 4 5 4 3 5 5 3 5 6 3 5 7 3 5 8 3 5 9 3 5 10 3 5 11 3 5 12 3 5 13 3 5 14 3 5 0 4 5 1 4 5 2 4 5 3 4 5 4 5 5 5 4 5 6 4 5 7 4 5 8 4 5 9 4 5 10 4 5 11 4 5 12 4 5 13 4 5 14 4 5 0 15 5 1 15 5 2 15 5 3 15 5 4 15 5 5 15 5 6 15 5 7 15 5 8 15 5 9 15 5 10 15 5 11 15 5 12 15 5 13 15 5 14 15 5
77 3235 1 1 1 14 3 1
78 3237 1 1 1 12 0 1
79 3295 13 13 1 0 14 1 1 14 1 2 14 1 3 14 1 4 14 1 5 14 1 6 14 1 7 14 1 11 14 1 12 14 1 13 14 1 14 15 1 15 14 1
80 3305 7 7 1 2 3 1 3 4 1 4 3 1 8 3 1 9 3 1 10 3 1 15 3 1
81 3348 18 3 1 4 0 50 4 0 50 4 0 50 4 0 50 4 0 50 4 0 29 10 0 50 10 0 50 10 0 50 10 0 50 10 0 50 10 0 29 12 0 50 12 0 50 12 0 50 12 0 50 12 0 50 12 0 29
82 3357 2 2 1 2 9 22 15 9 22
83 3387 13 13 1 0 1 1 1 0 1 2 0 1 4 0 1 5 0 1 6 0 1 7 0 1 8 0 1 9 0 1 10 0 1 11 0 1 12 0 1 15 0 1
84 3430 13 13 1 0 9 1 1 9 1 2 9 1 5 9 1 7 9 1 8 9 1 9 10 1 10 9 1 11 9 1 12 9 1 13 9 1 14 9 1 15 9 1
85 3465 12 6 2 1 10 1 4 10 1 10 11 1 11 10 1 13 10 1 14 10 1 1 14 1 4 14 1 10 14 1 11 14 1 13 14 1 14 15 1
86 3474 1 1 1 7 1 1
87 3484 2 2 1 8 9 1 13 8 1
88 3488 1 1 1 2 0 1
89 3491 1 1 1 3 9 1
90 3503 6 3 1 0 1 50 0 1 12 5 0 50 5 0 12 9 0 50 9 0 12
91 3509 1 1 1 1 3 1
92 3559 14 14 1 0 14 1 1 14 1 2 14 1 3 14 1 4 14 1 5 14 1 6 14 1 7 14 1 8 14 1 9 14 1 11 14 1 12 14 1 13 14 1 15 14 1
93 3559 1 1 1 4 7 1
94 3567 1 1 1 12 3 1
95 3567 1 1 1 3 10 1
96 3591 8 8 1 0 10 1 1 10 1 2 10 1 3 10 1 4 10 1 7 10 1 11 10 1 14 10 1
97 3597 1 1 1 11 15 3
98 3600 1 1 1 4 6 1
99 3601 1 1 1 3 4 1
100 3601 1 1 1 12 8 1
101 3603 1 1 1 11 12 1
102 3633 10 5 2 2 0 1 4 0 1 6 0 1 10 0 1 12 0 1 2 3 1 4 2 1 6 2 1 10 2 1 12 2 1
103 3636 1 1 1 4 6 1
104 3638 1 1 1 12 6 1
105 3643 1 1 1 9 5 1
106 3661 5 5 1 0 14 1 3 14 1 4 14 1 5 14 1 15 14 1
107 3699 12 12 1 2 8 1 3 8 1 5 8 1 6 8 1 8 9 1 9 8 1 10 8 1 11 8 1 12 8 1 13 8 1 14 8 1 15 8 1
108 3699 1 1 1 0 12 1
109 3707 1 1 1 15 9 1
110 3758 10 5 2 0 2 1 3 2 1 6 2 1 10 2 1 11 2 1 0 14 1 3 14 1 6 14 1 10 14 1 11 14 1
111 3768 1 1 1 13 1 1
112 3778 4 4 1 4 12 1 9 12 1 10 12 1 15 12 1
113 3785 3 3 1 0 6 1 5 6 1 9 6 1
114 3818 7 7 1 1 2 1 4 1 1 6 1 1 7 1 1 12 1 1 13 1 1 15 1 1
115 3829 2 2 1 11 9 2 13 9 2
116 3838 1 1 1 3 10 18
117 3868 7 7 1 1 2 1 3 1 1 4 1 1 7 1 1 11 1 1 14 1 1 15 1 1
118 3870 1 1 1 12 13 1
119 3880 1 1 1 4 3 7
120 3899 7 7 1 1 5 1 4 5 1 5 6 1 7 5 1 8 5 1 9 5 1 10 5 1
121 3909 1 1 1 7 12 1
122 3916 1 1 1 14 9 1
123 3917 1 1 1 13 4 1
124 3957 13 13 1 0 3 1 1 3 1 2 3 1 3 4 1 4 3 1 5 3 1 6 3 1 7 3 1 8 3 1 10 3 1 11 3 1 14 3 1 15 3 1
125 3976 4 2 1 0 14 50 0 14 1 5 14 50 5 14 1
126 3977 1 1 1 8 2 1
127 4055 15 15 1 0 12 1 1 12 1 2 12 1 3 12 1 4 12 1 5 12 1 6 12 1 7 12 1 8 12 1 9 12 1 10 12 1 11 12 1 12 13 1 13 12 1 15 12 1
128 4060 1 1 1 0 3 1
129 4784 182 13 14 0 1 40 2 0 40 3 0 40 4 0 40 5 0 40 6 0 40 7 0 40 8 0 40 9 0 40 10 0 40 12 0 40 14 0 40 15 0 40 0 1 20 2 1 20 3 1 20 4 1 20 5 1 20 6 1 20 7 1 20 8 1 20 9 1 20 10 1 20 12 1 20 14 1 20 15 1 20 0 2 20 2 3 20 3 2 20 4 2 20 5 2 20 6 2 20 7 2 20 8 2 20 9 2 20 10 2 20 12 2 20 14 2 20 15 2 20 0 3 20 2 3 20 3 4 20 4 3 20 5 3 20 6 3 20 7 3 20 8 3 20 9 3 20 10 3 20 12 3 20 14 3 20 15 3 20 0 4 20 2 4 20 3 4 20 4 5 20 5 4 20 6 4 20 7 4 20 8 4 20 9 4 20 10 4 20 12 4 20 14 4 20 15 4 20 0 5 20 2 5 20 3 5 20 4 5 20 5 6 20 6 5 20 7 5 20 8 5 20 9 5 20 10 5 20 12 5 20 14 5 20 15 5 20 0 6 23 2 6 23 3 6 23 4 6 23 5 6 23 6 7 23 7 6 23 8 6 23 9 6 23 10 6 23 12 6 23 14 6 23 15 6 23 0 7 20 2 7 20 3 7 20 4 7 20 5 7 20 6 7 20 7 8 20 8 7 20 9 7 20 10 7 20 12 7 20 14 7 20 15 7 20 0 8 20 2 8 20 3 8 20 4 8 20 5 8 20 6 8 20 7 8 20 8 9 20 9 8 20 10 8 20 12 8 20 14 8 20 15 8 20 0 9 41 2 9 41 3 9 41 4 9 41 5 9 41 6 9 41 7 9 41 8 9 41 9 10 41 10 9 41 12 9 41 14 9 41 15 9 41 0 11 20 2 11 20 3 11 20 4 11 20 5 11 20 6 11 20 7 11 20 8 11 20 9 11 20 10 11 20 12 11 20 14 11 20 15 11 20 0 12 20 2 12 20 3 12 20 4 12 20 5 12 20 6 12 20 7 12 20 8 12 20 9 12 20 10 12 20 12 13 20 14 12 20 15 12 20 0 13 20 2 13 20 3 13 20 4 13 20 5 13 20 6 13 20 7 13 20 8 13 20 9 13 20 10 13 20 12 13 20 14 13 20 15 13 20 0 15 20 2 15 20 3 15 20 4 15 20 5 15 20 6 15 20 7 15 20 8 15 20 9 15 20 10 15 20 12 15 20 14 15 20 15 0 20
130 4787 1 1 1 12 11 1
131 4791 2 2 1 3 10 22 15 10 22
132 4839 12 12 1 0 6 1 2 6 1 3 6 1 4 6 1 5 6 1 6 7 1 7 6 1 9 6 1 11 6 1 12 6 1 13 6 1 15 6 1
133 4882 14 14 1 0 3 1 1 3 1 2 3 1 4 3 1 5 3 1 6 3 1 7 3 1 8 3 1 10 3 1 11 3 1 12 3 1 13 3 1 14 3 1 15 3 1
134 4913 7 7 1 0 14 1 7 14 1 8 14 1 9 14 1 10 14 1 14 15 1 15 14 1
135 4919 2 2 1 0 6 1 4 6 1
136 4936 6 3 1 1 10 50 1 10 10 7 10 50 7 10 10 14 10 50 14 10 10
137 4967 7 7 1 0 4 1 2 4 1 8 4 1 9 4 1 11 4 1 12 4 1 15 4 1
138 4976 1 1 1 4 15 1
139 4983 3 3 1 9 10 1 13 9 1 14 9 1
140 4983 1 1 1 5 15 1
141 4990 2 2 1 3 0 23 10 0 23
142 5017 14 14 1 0 5 1 1 5 1 2 5 1 3 5 1 4 5 1 5 6 1 6 5 1 7 5 1 8 5 1 9 5 1 10 5 1 12 5 1 14 5 1 15 5 1
143 5018 1 1 1 10 0 1
144 5018 1 1 1 15 11 1
145 5058 8 8 1 1 8 1 2 8 1 3 8 1 4 8 1 5 8 1 10 8 1 14 8 1 15 8 1
146 5075 4 4 1 0 8 1 1 8 1 2 8 1 4 8 1
147 5104 14 14 1 0 8 1 1 8 1 2 8 1 3 8 1 4 8 1 5 8 1 7 8 1 8 9 1 9 8 1 10 8 1 11 8 1 13 8 1 14 8 1 15 8 1
148 5130 13 13 1 0 7 1 2 7 1 3 7 1 4 7 1 5 7 1 6 7 1 7 8 1 8 7 1 9 7 1 10 7 1 12 7 1 14 7 1 15 7 1
149 5133 1 1 1 11 0 1
150 5139 2 2 1 6 7 1 8 7 1
151 5142 1 1 1 0 5 1
152 5168 5 5 1 0 13 1 7 13 1 10 13 1 12 13 1 13 14 1
153 5217 13 13 1 0 7 1 1 7 1 2 7 1 4 7 1 5 7 1 6 7 1 7 8 1 8 7 1 9 7 1 11 7 1 13 7 1 14 7 1 15 7 1
154 5248 8 8 1 2 7 1 4 7 1 6 7 1 7 8 1 10 7 1 12 7 1 14 7 1 15 7 1
155 5259 4 4 1 3 14 1 5 14 1 6 14 1 9 14 1
156 5261 1 1 1 12 4 1
157 5285 7 7 1 0 13 1 1 13 1 5 13 1 8 13 1 10 13 1 11 13 1 14 13 1
158 5295 6 3 1 3 14 50 3 14 13 9 14 50 9 14 13 14 15 50 14 15 13
159 5296 2 2 1 14 10 22 15 10 22
160 5302 3 3 1 0 7 1 6 7 1 15 7 1
161 5307 2 2 1 4 6 21 8 6 21
162 5309 1 1 1 2 7 1
163 5312 1 1 1 4 13 1
164 5325 6 3 1 1 2 50 1 2 12 4 1 50 4 1 12 9 1 50 9 1 12
165 5342 6 3 1 1 15 50 1 15 5 4 15 50 4 15 5 7 15 50 7 15 5
166 5342 1 1 1 12 15 1
167 5345 2 2 1 4 12 22 10 12 22
168 5353 5 5 1 2 10 1 5 10 1 10 11 1 13 10 1 14 10 1
169 5360 2 2 1 1 3 1 5 3 1
170 5402 15 15 1 0 15 1 1 15 1 2 15 1 3 15 1 4 15 1 5 15 1 7 15 1 8 15 1 9 15 1 10 15 1 11 15 1 12 15 1 13 15 1 14 15 1 15 0 1
171 5424 6 3 1 4 9 50 4 9 12 6 9 50 6 9 12 10 9 50 10 9 12
172 5424 1 1 1 13 15 1
173 5426 1 1 1 14 9 1
174 5448 7 7 1 0 5 1 3 5 1 4 5 1 5 6 1 6 5 1 7 5 1 11 5 1
175 5491 13 13 1 0 9 1 2 9 1 3 9 1 4 9 1 6 9 1 7 9 1 8 9 1 9 10 1 10 9 1 12 9 1 13 9 1 14 9 1 15 9 1
176 5516 6 2 3 4 5 1 8 5 1 4 11 1 8 11 1 4 12 4 8 12 4
177 5517 1 1 1 6 4 1
178 5521 1 1 1 9 14 1
179 5522 1 1 1 9 0 1
180 5524 1 1 1 5 6 1
181 5528 3 3 1 5 2 2 8 2 2 12 2 2
182 5532 1 1 1 4 15 1
183 5548 1 1 1 12 7 1
184 5551 1 1 1 0 12 1
185 5564 4 2 1 2 3 50 2 3 26 10 2 50 10 2 26
186 5634 12 12 1 1 3 1 2 3 1 3 4 1 4 3 1 5 3 1 7 3 1 8 3 1 10 3 1 11 3 1 12 3 1 13 3 1 14 3 1
187 5663 6 3 1 1 15 50 1 15 10 11 15 50 11 15 10 12 15 50 12 15 10
188 5663 1 1 1 7 1 1
189 5666 1 1 1 10 15 1
190 5667 1 1 1 5 14 1
191 5668 1 1 1 13 14 1
192 5675 2 2 1 9 13 46 15 13 46
193 5684 4 4 1 0 1 1 4 0 1 10 0 1 15 0 1
194 5714 14 14 1 0 3 1 1 3 1 2 3 1 3 4 1 4 3 1 6 3 1 7 3 1 8 3 1 10 3 1 11 3 1 12 3 1 13 3 1 14 3 1 15 3 1
195 5723 1 1 1 12 11 1
196 5759 7 7 1 5 14 1 7 14 1 8 14 1 10 14 1 11 14 1 12 14 1 13 14 1
197 5774 6 3 1 4 2 50 4 2 14 6 2 50 6 2 14 14 2 50 14 2 14
198 5775 1 1 1 6 13 1
199 5812 11 1 11 4 0 3 4 1 3 4 5 3 4 5 6 4 6 3 4 8 2 4 9 6 4 11 3 4 12 3 4 14 3 4 15 3
200 5814 1 1 1 5 4 1
201 5820 2 2 1 2 4 1 9 4 1
202 5822 1 1 1 1 4 1
203 5822 1 1 1 12 6 1
204 5860 7 7 1 0 3 1 1 3 1 2 3 1 8 3 1 12 3 1 13 3 1 14 3 1
205 5872 2 2 1 3 2 22 5 2 22
206 5902 14 14 1 0 6 1 2 6 1 3 6 1 4 6 1 5 6 1 6 7 1 7 6 1 8 6 1 9 6 1 10 6 1 11 6 1 12 6 1 14 6 1 15 6 1
207 5953 13 13 1 1 12 1 2 12 1 3 12 1 4 12 1 5 12 1 6 12 1 7 12 1 8 12 1 9 12 1 10 12 1 12 13 1 14 12 1 15 12 1
208 5954 1 1 1 7 11 1
209 6005 12 12 1 0 15 1 2 15 1 3 15 1 5 15 1 6 15 1 7 15 1 8 15 1 9 15 1 10 15 1 12 15 1 13 15 1 15 0 1
210 6061 14 14 1 0 4 1 1 4 1 2 4 1 3 4 1 4 5 1 6 4 1 8 4 1 9 4 1 10 4 1 11 4 1 12 4 1 13 4 1 14 4 1 15 4 1
211 6070 3 3 1 1 14 2 2 14 2 12 14 2
212 6075 1 1 1 5 15 1
213 6079 1 1 1 14 7 1
214 6079 1 1 1 8 12 1
215 6122 13 13 1 0 15 1 1 15 1 2 15 1 3 15 1 4 15 1 5 15 1 6 15 1 7 15 1 8 15 1 11 15 1 13 15 1 14 15 1 15 0 1
216 6122 1 1 1 12 13 2
217 6131 1 1 1 2 14 1
218 6142 6 2 1 1 9 50 1 9 50 1 9 23 13 9 50 13 9 50 13 9 23
219 6144 2 2 1 6 13 1 7 13 1
220 6164 7 7 1 0 6 1 3 6 1 4 6 1 7 6 1 10 6 1 11 6 1 13 6 1
221 6178 6 3 1 0 13 50 0 13 10 7 13 50 7 13 10 11 13 50 11 13 10
222 6200 15 15 1 0 7 1 1 7 1 2 7 1 4 7 1 5 7 1 6 7 1 7 8 1 8 7 1 9 7 1 10 7 1 11 7 1 12 7 1 13 7 1 14 7 1 15 7 1
223 6200 1 1 1 8 9 7
224 6222 7 7 1 2 8 1 6 8 1 8 9 1 11 8 1 12 8 1 13 8 1 14 8 1
225 6240 3 3 1 0 14 2 3 14 2 7 14 2
226 6251 3 3 1 0 3 2 10 3 2 12 3 2
227 6251 1 1 1 14 9 1
228 6252 1 1 1 1 2 1
229 6273 4 4 1 3 5 1 8 5 1 10 5 1 15 5 1
230 6277 2 2 1 0 6 46 3 6 46
231 6279 1 1 1 4 14 1
232 6285 1 1 1 0 13 1
233 6306 7 7 1 1 11 1 3 11 1 8 11 1 9 11 1 10 11 1 11 12 1 12 11 1
234 6313 1 1 1 7 8 1
235 6335 2 2 1 3 6 1 6 7 1
236 6989 182 13 14 0 1 40 1 0 40 2 0 40 3 0 40 4 0 40 5 0 40 6 0 40 8 0 40 10 0 40 11 0 40 12 0 40 13 0 40 14 0 40 0 1 20 1 2 20 2 1 20 3 1 20 4 1 20 5 1 20 6 1 20 8 1 20 10 1 20 11 1 20 12 1 20 13 1 20 14 1 20 0 2 20 1 2 20 2 3 20 3 2 20 4 2 20 5 2 20 6 2 20 8 2 20 10 2 20 11 2 20 12 2 20 13 2 20 14 2 20 0 3 20 1 3 20 2 3 20 3 4 20 4 3 20 5 3 20 6 3 20 8 3 20 10 3 20 11 3 20 12 3 20 13 3 20 14 3 20 0 4 20 1 4 20 2 4 20 3 4 20 4 5 20 5 4 20 6 4 20 8 4 20 10 4 20 11 4 20 12 4 20 13 4 20 14 4 20 0 5 20 1 5 20 2 5 20 3 5 20 4 5 20 5 6 20 6 5 20 8 5 20 10 5 20 11 5 20 12 5 20 13 5 20 14 5 20 0 6 23 1 6 23 2 6 23 3 6 23 4 6 23 5 6 23 6 7 23 8 6 23 10 6 23 11 6 23 12 6 23 13 6 23 14 6 23 0 7 20 1 7 20 2 7 20 3 7 20 4 7 20 5 7 20 6 7 20 8 7 20 10 7 20 11 7 20 12 7 20 13 7 20 14 7 20 0 8 20 1 8 20 2 8 20 3 8 20 4 8 20 5 8 20 6 8 20 8 9 20 10 8 20 11 8 20 12 8 20 13 8 20 14 8 20 0 9 41 1 9 41 2 9 41 3 9 41 4 9 41 5 9 41 6 9 41 8 9 41 10 9 41 11 9 41 12 9 41 13 9 41 14 9 41 0 10 20 1 10 20 2 10 20 3 10 20 4 10 20 5 10 20 6 10 20 8 10 20 10 11 20 11 10 20 12 10 20 13 10 20 14 10 20 0 12 20 1 12 20 2 12 20 3 12 20 4 12 20 5 12 20 6 12 20 8 12 20 10 12 20 11 12 20 12 13 20 13 12 20 14 12 20 0 13 20 1 13 20 2 13 20 3 13 20 4 13 20 5 13 20 6 13 20 8 13 20 10 13 20 11 13 20 12 13 20 13 14 20 14 13 20 0 15 20 1 15 20 2 15 20 3 15 20 4 15 20 5 15 20 6 15 20 8 15 20 10 15 20 11 15 20 12 15 20 13 15 20 14 15 20
237 6991 1 1 1 10 15 3
238 6992 1 1 1 14 13 1
239 7254 75 15 5 0 1 4 1 0 4 2 0 4 3 0 4 4 0 4 5 0 4 6 0 4 7 0 4 8 0 4 9 0 4 11 0 4 12 0 4 13 0 4 14 0 4 15 0 4 0 2 4 1 2 4 2 3 4 3 2 4 4 2 4 5 2 4 6 2 4 7 2 4 8 2 4 9 2 4 11 2 4 12 2 4 13 2 4 14 2 4 15 2 4 0 6 4 1 6 4 2 6 4 3 6 4 4 6 4 5 6 4 6 7 4 7 6 4 8 6 4 9 6 4 11 6 4 12 6 4 13 6 4 14 6 4 15 6 4 0 7 4 1 7 4 2 7 4 3 7 4 4 7 4 5 7 4 6 7 4 7 8 4 8 7 4 9 7 4 11 7 4 12 7 4 13 7 4 14 7 4 15 7 4 0 10 4 1 10 4 2 10 4 3 10 4 4 10 4 5 10 4 6 10 4 7 10 4 8 10 4 9 10 4 11 10 4 12 10 4 13 10 4 14 10 4 15 10 4
240 7257 1 1 1 9 11 2
241 7267 3 3 1 0 14 2 6 14 2 8 14 2
242 7269 2 2 1 12 0 1 13 0 1
243 7279 3 3 1 7 6 9 12 6 9 15 6 9
244 7290 1 1 1 12 6 1
245 7322 7 7 1 0 8 1 2 8 1 3 8 1 5 8 1 9 8 1 13 8 1 14 8 1
246 7325 1 1 1 9 11 1
247 7356 13 13 1 0 2 1 1 2 1 2 3 1 5 2 1 6 2 1 7 2 1 8 2 1 9 2 1 10 2 1 11 2 1 12 2 1 13 2 1 14 2 1
248 7357 1 1 1 2 14 1
249 7370 6 3 1 2 13 50 2 13 13 7 13 50 7 13 13 12 13 50 12 13 13
250 7377 1 1 1 7 14 1
251 7413 10 5 2 3 0 1 5 0 1 7 0 1 9 0 1 15 0 1 3 13 1 5 13 1 7 13 1 9 13 1 15 13 1
252 7446 10 5 2 2 9 1 4 9 1 5 9 1 7 9 1 8 9 1 2 10 1 4 10 1 5 10 1 7 10 1 8 10 1
253 7466 5 5 1 3 7 1 5 7 1 7 8 1 8 7 1 11 7 1
254 7516 14 14 1 0 2 1 1 2 1 2 3 1 3 2 1 4 2 1 5 2 1 7 2 1 8 2 1 10 2 1 11 2 1 12 2 1 13 2 1 14 2 1 15 2 1
255 7555 13 13 1 0 5 1 1 5 1 2 5 1 4 5 1 5 6 1 6 5 1 8 5 1 9 5 1 10 5 1 12 5 1 13 5 1 14 5 1 15 5 1
256 7565 2 2 1 3 4 22 4 3 22
257 7570 1 1 1 13 5 1
258 7573 3 3 1 0 1 2 9 1 2 10 1 2
259 7576 1 1 1 14 6 1
260 7577 1 1 1 4 7 1
261 7578 2 2 1 2 0 47 7 0 47
262 7647 13 13 1 0 7 1 3 7 1 4 7 1 5 7 1 6 7 1 8 7 1 9 7 1 10 7 1 11 7 1 12 7 1 13 7 1 14 7 1 15 7 1
263 7762 28 14 1 1 5 50 1 5 8 2 5 50 2 5 8 3 5 50 3 5 8 4 5 50 4 5 8 5 6 50 5 6 8 7 5 50 7 5 8 8 5 50 8 5 8 9 5 50 9 5 8 10 5 50 10 5 8 11 5 50 11 5 8 12 5 50 12 5 8 13 5 50 13 5 8 14 5 50 14 5 8 15 5 50 15 5 8
264 7764 1 1 1 0 6 1
265 7765 1 1 1 7 13 1
266 7767 1 1 1 3 9 1
267 7797 3 3 1 7 2 2 8 2 2 12 2 2
268 7835 14 14 1 0 1 1 1 2 1 2 1 1 4 1 1 5 1 1 6 1 1 8 1 1 9 1 1 10 1 1 11 1 1 12 1 1 13 1 1 14 1 1 15 1 1
269 7838 1 1 1 5 0 1
270 7856 7 7 1 0 10 1 2 10 1 5 10 1 8 10 1 9 10 1 10 11 1 14 10 1
271 7858 1 1 1 15 0 1
272 7859 1 1 1 15 0 1
273 8034 60 4 15 6 1 2 10 1 2 12 1 2 14 1 2 6 2 2 10 2 2 12 2 2 14 2 2 6 3 2 10 3 2 12 3 2 14 3 2 6 4 2 10 4 2 12 4 2 14 4 2 6 5 2 10 5 2 12 5 2 14 5 2 6 7 5 10 6 5 12 6 5 14 6 5 6 7 3 10 7 3 12 7 3 14 7 3 6 8 2 10 8 2 12 8 2 14 8 2 6 9 2 10 9 2 12 9 2 14 9 2 6 10 2 10 11 2 12 10 2 14 10 2 6 11 2 10 11 2 12 11 2 14 11 2 6 12 2 10 12 2 12 13 2 14 12 2 6 13 2 10 13 2 12 13 2 14 13 2 6 14 2 10 14 2 12 14 2 14 15 2 6 15 2 10 15 2 12 15 2 14 15 2
274 8039 1 1 1 6 1 1
275 8043 1 1 1 7 8 1
276 8044 1 1 1 8 3 1
277 8061 6 2 1 2 11 50 2 11 50 2 11 38 10 11 50 10 11 50 10 11 38
278 8071 4 4 1 0 2 1 4 2 1 6 2 1 14 2 1
279 8072 1 1 1 3 4 1
280 8098 7 7 1 0 10 1 1 10 1 7 10 1 8 10 1 10 11 1 13 10 1 15 10 1
281 8132 10 5 2 2 11 1 4 11 1 6 11 1 7 11 1 14 11 1 2 13 1 4 13 1 6 13 1 7 13 1 14 13 1
282 8132 1 1 1 6 5 1
283 8136 1 1 1 11 1 1
284 8169 7 7 1 0 12 1 1 12 1 4 12 1 8 12 1 9 12 1 10 12 1 13 12 1
285 8171 1 1 1 13 6 1
286 8185 7 7 1 1 7 1 3 7 1 4 7 1 5 7 1 8 7 1 10 7 1 14 7 1
287 8189 1 1 1 12 2 1
288 8271 30 10 3 0 3 1 1 3 1 2 3 1 5 3 1 6 3 1 7 3 1 8 3 1 11 3 1 14 3 1 15 3 1 0 6 1 1 6 1 2 6 1 5 6 1 6 7 1 7 6 1 8 6 1 11 6 1 14 6 1 15 6 1 0 14 1 1 14 1 2 14 1 5 14 1 6 14 1 7 14 1 8 14 1 11 14 1 14 15 1 15 14 1
289 8941 182 13 14 0 1 40 1 0 40 3 0 40 4 0 40 5 0 40 6 0 40 7 0 40 9 0 40 11 0 40 12 0 40 13 0 40 14 0 40 15 0 40 0 1 20 1 2 20 3 1 20 4 1 20 5 1 20 6 1 20 7 1 20 9 1 20 11 1 20 12 1 20 13 1 20 14 1 20 15 1 20 0 2 20 1 2 20 3 2 20 4 2 20 5 2 20 6 2 20 7 2 20 9 2 20 11 2 20 12 2 20 13 2 20 14 2 20 15 2 20 0 3 20 1 3 20 3 4 20 4 3 20 5 3 20 6 3 20 7 3 20 9 3 20 11 3 20 12 3 20 13 3 20 14 3 20 15 3 20 0 4 20 1 4 20 3 4 20 4 5 20 5 4 20 6 4 20 7 4 20 9 4 20 11 4 20 12 4 20 13 4 20 14 4 20 15 4 20 0 5 20 1 5 20 3 5 20 4 5 20 5 6 20 6 5 20 7 5 20 9 5 20 11 5 20 12 5 20 13 5 20 14 5 20 15 5 20 0 7 23 1 7 23 3 7 23 4 7 23 5 7 23 6 7 23 7 8 23 9 7 23 11 7 23 12 7 23 13 7 23 14 7 23 15 7 23 0 8 20 1 8 20 3 8 20 4 8 20 5 8 20 6 8 20 7 8 20 9 8 20 11 8 20 12 8 20 13 8 20 14 8 20 15 8 20 0 9 20 1 9 20 3 9 20 4 9 20 5 9 20 6 9 20 7 9 20 9 10 20 11 9 20 12 9 20 13 9 20 14 9 20 15 9 20 0 10 41 1 10 41 3 10 41 4 10 41 5 10 41 6 10 41 7 10 41 9 10 41 11 10 41 12 10 41 13 10 41 14 10 41 15 10 41 0 11 20 1 11 20 3 11 20 4 11 20 5 11 20 6 11 20 7 11 20 9 11 20 11 12 20 12 11 20 13 11 20 14 11 20 15 11 20 0 13 20 1 13 20 3 13 20 4 13 20 5 13 20 6 13 20 7 13 20 9 13 20 11 13 20 12 13 20 13 14 20 14 13 20 15 13 20 0 14 20 1 14 20 3 14 20 4 14 20 5 14 20 6 14 20 7 14 20 9 14 20 11 14 20 12 14 20 13 14 20 14 15 20 15 14 20 0 15 20 1 15 20 3 15 20 4 15 20 5 15 20 6 15 20 7 15 20 9 15 20 11 15 20 12 15 20 13 15 20 14 15 20 15 0 20
290 8958 7 7 1 3 11 1 6 11 1 7 11 1 9 11 1 10 11 1 13 11 1 14 11 1
291 9048 24 8 3 1 0 29 2 0 29 3 0 29 4 0 29 8 0 29 9 0 29 10 0 29 11 0 29 1 5 26 2 5 26 3 5 26 4 5 26 8 5 26 9 5 26 10 5 26 11 5 26 1 12 26 2 12 26 3 12 26 4 12 26 8 12 26 9 12 26 10 12 26 11 12 26
292 9095 10 5 2 1 11 1 6 11 1 7 11 1 12 11 1 15 11 1 1 14 1 6 14 1 7 14 1 12 14 1 15 14 1
293 9117 4 4 1 3 14 32 9 14 32 11 14 32 13 14 32
294 9154 8 8 1 0 5 1 2 5 1 3 5 1 4 5 1 6 5 1 7 5 1 12 5 1 14 5 1
295 9193 13 13 1 0 14 1 1 14 1 2 14 1 3 14 1 4 14 1 5 14 1 8 14 1 10 14 1 11 14 1 12 14 1 13 14 1 14 15 1 15 14 1
296 9197 2 2 1 7 10 25 14 10 25
297 9226 10 5 2 1 7 1 2 7 1 4 7 1 11 7 1 15 7 1 1 10 1 2 10 1 4 10 1 11 10 1 15 10 1
298 9227 1 1 1 10 3 1
299 9256 10 5 2 1 7 1 2 7 1 7 8 1 10 7 1 13 7 1 1 11 1 2 11 1 7 11 1 10 11 1 13 11 1
300 9256 2 2 1 1 3 25 12 3 25
301 9259 1 1 1 1 11 1
302 9260 1 1 1 15 9 1
303 9264 1 1 1 14 12 1
304 9267 1 1 1 4 10 1
305 9269 1 1 1 2 0 1
306 9315 7 7 1 2 3 1 4 2 1 9 2 1 10 2 1 11 2 1 13 2 1 15 2 1
307 9318 2 2 1 6 9 1 13 9 1
308 9320 1 1 1 15 5 1
309 9405 13 13 1 0 12 1 1 12 1 2 12 1 3 12 1 4 12 1 5 12 1 7 12 1 8 12 1 10 12 1 12 13 1 13 12 1 14 12 1 15 12 1
310 9417 7 7 1 1 14 1 2 14 1 3 14 1 5 14 1 6 14 1 10 14 1 11 14 1
311 9485 13 13 1 0 6 1 2 6 1 4 6 1 5 6 1 6 7 1 8 6 1 9 6 1 10 6 1 11 6 1 12 6 1 13 6 1 14 6 1 15 6 1
312 9488 1 1 1 5 14 1
313 9495 2 2 1 8 3 44 15 3 44
314 9514 3 3 1 6 3 1 12 3 1 14 3 1
315 9515 2 2 1 9 10 41 12 10 41
316 9539 9 1 1 5 9 50 5 9 50 5 9 50 5 9 50 5 9 50 5 9 50 5 9 50 5 9 50 5 9 23
317 9543 3 3 1 4 14 1 10 14 1 12 14 1
318 9545 1 1 1 3 8 1
319 9557 1 1 1 15 12 1
320 9604 13 13 1 0 14 1 1 14 1 2 14 1 4 14 1 5 14 1 6 14 1 7 14 1 9 14 1 10 14 1 11 14 1 12 14 1 14 15 1 15 14 1
321 9614 2 2 1 8 4 22 13 4 22
322 9652 10 5 2 0 5 1 1 5 1 3 5 1 10 5 1 13 5 1 0 7 1 1 7 1 3 7 1 10 7 1 13 7 1
323 9656 3 3 1 7 2 1 11 2 1 13 2 1
324 9666 2 2 1 6 13 22 10 13 22
325 9667 1 1 1 4 10 1
326 9667 1 1 1 0 3 1
327 9671 2 2 1 3 6 24 15 6 24
328 9681 4 4 1 1 11 1 4 11 1 7 11 1 15 11 1
329 9689 1 1 1 7 11 1
330 9724 7 7 1 0 9 1 2 9 1 4 9 1 6 9 1 13 9 1 14 9 1 15 9 1
331 9725 1 1 1 1 2 1
332 9795 18 3 1 3 10 50 3 10 50 3 10 50 3 10 50 3 10 50 3 10 29 10 11 50 10 11 50 10 11 50 10 11 50 10 11 50 10 11 29 14 10 50 14 10 50 14 10 50 14 10 50 14 10 50 14 10 29
333 9828 7 7 1 1 6 1 2 6 1 3 6 1 4 6 1 8 6 1 10 6 1 14 6 1
334 9886 13 13 1 1 15 1 2 15 1 3 15 1 4 15 1 5 15 1 6 15 1 7 15 1 8 15 1 9 15 1 12 15 1 13 15 1 14 15 1 15 0 1
335 9892 2 2 1 6 12 1 14 12 1
336 9897 1 1 1 3 10 1
337 9906 1 1 1 0 7 1
338 9956 13 13 1 0 5 1 1 5 1 2 5 1 3 5 1 6 5 1 7 5 1 8 5 1 9 5 1 10 5 1 11 5 1 13 5 1 14 5 1 15 5 1
339 9988 6 3 1 3 10 50 3 10 10 6 10 50 6 10 10 7 10 50 7 10 10
340 10046 7 7 1 0 8 1 5 8 1 6 8 1 10 8 1 11 8 1 12 8 1 14 8 1
341 10059 5 5 1 5 14 1 8 14 1 11 14 1 12 14 1 14 15 1
342 10068 1 1 1 15 0 1
343 10117 7 7 1 1 10 1 5 10 1 6 10 1 9 10 1 10 11 1 13 10 1 15 10 1
344 10120 1 1 1 6 10 1
345 10121 1 1 1 1 2 1
346 10125 1 1 1 15 0 1
347 10146 13 13 1 0 8 1 1 8 1 3 8 1 4 8 1 5 8 1 6 8 1 7 8 1 8 9 1 9 8 1 10 8 1 12 8 1 13 8 1 15 8 1
348 10180 7 7 1 3 6 1 6 7 1 7 6 1 8 6 1 10 6 1 11 6 1 12 6 1
349 10209 12 12 1 1 0 1 2 0 1 3 0 1 4 0 1 5 0 1 6 0 1 7 0 1 8 0 1 9 0 1 11 0 1 12 0 1 13 0 1
350 10210 2 2 1 9 6 1 15 6 1
351 10220 5 5 1 2 3 1 3 2 1 4 2 1 7 2 1 11 2 1
352 10224 2 2 1 2 11 1 4 11 1
353 10241 2 2 1 0 9 47 9 10 47
354 10243 1 1 1 0 8 1
355 10254 6 2 3 7 4 49 10 4 49 7 12 49 10 12 49 7 15 49 10 15 49
356 10255 1 1 1 1 11 1
357 10295 14 14 1 0 5 1 1 5 1 2 5 1 3 5 1 4 5 1 5 6 1 6 5 1 7 5 1 8 5 1 9 5 1 10 5 1 12 5 1 13 5 1 15 5 1
358 10297 1 1 1 15 8 1
359 10317 10 5 2 3 1 47 4 1 47 9 1 47 12 1 47 13 1 47 3 4 47 4 5 47 9 4 47 12 4 47 13 4 47
360 10341 6 3 1 1 4 50 1 4 13 7 4 50 7 4 13 11 4 50 11 4 13
361 10979 203 7 7 0 1 50 0 1 50 0 1 50 0 1 48 3 1 50 3 1 50 3 1 50 3 1 48 5 1 50 5 1 50 5 1 50 5 1 48 7 1 50 7 1 50 7 1 50 7 1 48 8 1 50 8 1 50 8 1 50 8 1 48 12 1 50 12 1 50 12 1 50 12 1 48 14 1 50 14 1 50 14 1 50 14 1 48 0 3 50 0 3 50 0 3 50 0 3 48 3 4 50 3 4 50 3 4 50 3 4 48 5 3 50 5 3 50 5 3 50 5 3 48 7 3 50 7 3 50 7 3 50 7 3 48 8 3 50 8 3 50 8 3 50 8 3 48 12 3 50 12 3 50 12 3 50 12 3 48 14 3 50 14 3 50 14 3 50 14 3 48 0 4 50 0 4 50 0 4 50 0 4 50 0 4 12 3 4 50 3 4 50 3 4 50 3 4 50 3 4 12 5 4 50 5 4 50 5 4 50 5 4 50 5 4 12 7 4 50 7 4 50 7 4 50 7 4 50 7 4 12 8 4 50 8 4 50 8 4 50 8 4 50 8 4 12 12 4 50 12 4 50 12 4 50 12 4 50 12 4 12 14 4 50 14 4 50 14 4 50 14 4 50 14 4 12 0 8 50 0 8 50 0 8 50 0 8 48 3 8 50 3 8 50 3 8 50 3 8 48 5 8 50 5 8 50 5 8 50 5 8 48 7 8 50 7 8 50 7 8 50 7 8 48 8 9 50 8 9 50 8 9 50 8 9 48 12 8 50 12 8 50 12 8 50 12 8 48 14 8 50 14 8 50 14 8 50 14 8 48 0 10 50 0 10 50 0 10 50 0 10 48 3 10 50 3 10 50 3 10 50 3 10 48 5 10 50 5 10 50 5 10 50 5 10 48 7 10 50 7 10 50 7 10 50 7 10 48 8 10 50 8 10 50 8 10 50 8 10 48 12 10 50 12 10 50 12 10 50 12 10 48 14 10 50 14 10 50 14 10 50 14 10 48 0 12 50 0 12 50 0 12 50 0 12 48 3 12 50 3 12 50 3 12 50 3 12 48 5 12 50 5 12 50 5 12 50 5 12 48 7 12 50 7 12 50 7 12 50 7 12 48 8 12 50 8 12 50 8 12 50 8 12 48 12 13 50 12 13 50 12 13 50 12 13 48 14 12 50 14 12 50 14 12 50 14 12 48 0 15 50 0 15 50 0 15 50 0 15 48 3 15 50 3 15 50 3 15 50 3 15 48 5 15 50 5 15 50 5 15 50 5 15 48 7 15 50 7 15 50 7 15 50 7 15 48 8 15 50 8 15 50 8 15 50 8 15 48 12 15 50 12 15 50 12 15 50 12 15 48 14 15 50 14 15 50 14 15 50 14 15 48
362 10985 1 1 1 12 10 11
363 10986 2 2 1 6 3 21 12 3 21
364 10989 1 1 1 14 15 1
365 10993 2 2 1 5 11 19 7 11 19
366 11007 2 2 1 3 7 23 4 7 23
367 11020 7 7 1 0 8 1 9 8 1 11 8 1 12 8 1 13 8 1 14 8 1 15 8 1
368 11027 1 1 1 5 14 1
369 11030 2 2 1 3 0 1 14 0 1
370 11031 1 1 1 9 5 1
371 11032 1 1 1 8 3 1
372 11032 1 1 1 5 2 1
373 11042 1 1 1 12 13 1
374 11047 3 3 1 5 15 2 8 15 2 13 15 2
375 11054 2 2 1 2 9 24 13 9 24
376 11061 4 4 1 4 2 1 6 2 1 8 2 1 9 2 1
377 11118 13 13 1 0 7 1 1 7 1 3 7 1 4 7 1 7 8 1 8 7 1 9 7 1 10 7 1 11 7 1 12 7 1 13 7 1 14 7 1 15 7 1
378 11132 5 5 1 2 10 1 6 10 1 8 10 1 10 11 1 15 10 1
379 11139 1 1 1 14 9 1
380 11141 1 1 1 3 14 1
381 11198 13 13 1 0 15 1 1 15 1 2 15 1 3 15 1 4 15 1 5 15 1 6 15 1 8 15 1 9 15 1 10 15 1 12 15 1 13 15 1 14 15 1
382 11202 2 2 1 3 5 22 6 5 22
383 11206 2 2 1 12 3 1 14 3 1
384 11244 13 13 1 1 2 1 3 2 1 4 2 1 5 2 1 6 2 1 7 2 1 8 2 1 9 2 1 11 2 1 12 2 1 13 2 1 14 2 1 15 2 1
385 11253 4 2 1 7 13 50 7 13 26 10 13 50 10 13 26
386 11299 13 13 1 0 9 1 1 9 1 3 9 1 4 9 1 5 9 1 6 9 1 7 9 1 9 10 1 10 9 1 11 9 1 12 9 1 14 9 1 15 9 1
387 11300 1 1 1 8 7 1
388 11342 9 1 1 5 4 50 5 4 50 5 4 50 5 4 50 5 4 50 5 4 50 5 4 50 5 4 50 5 4 23
389 11347 3 3 1 5 1 1 9 1 1 10 1 1
390 11362 2 2 1 2 15 21 4 15 21
391 11385 6 2 3 3 5 49 6 5 49 3 7 49 6 7 49 3 8 49 6 8 49
392 11394 2 2 1 8 2 1 15 2 1
393 11417 6 3 1 0 6 50 0 6 13 7 6 50 7 6 13 13 6 50 13 6 13
394 11451 7 7 1 0 15 1 1 15 1 2 15 1 6 15 1 7 15 1 9 15 1 12 15 1
395 11451 3 3 1 1 2 2 6 2 2 12 2 2
396 11491 14 14 1 0 15 1 1 15 1 2 15 1 3 15 1 4 15 1 6 15 1 7 15 1 9 15 1 10 15 1 11 15 1 12 15 1 13 15 1 14 15 1 15 0 1
397 11499 1 1 1 0 1 1
398 11499 1 1 1 8 15 1
399 11505 4 2 1 11 6 50 11 6 2 12 6 50 12 6 2
400 11532 7 7 1 0 8 1 3 8 1 6 8 1 8 9 1 11 8 1 12 8 1 15 8 1
401 11540 3 3 1 8 15 1 9 15 1 10 15 1
402 11604 14 14 1 0 5 1 1 5 1 2 5 1 4 5 1 6 5 1 7 5 1 8 5 1 9 5 1 10 5 1 11 5 1 12 5 1 13 5 1 14 5 1 15 5 1
403 11663 13 13 1 0 4 1 1 4 1 2 4 1 3 4 1 5 4 1 6 4 1 7 4 1 8 4 1 9 4 1 10 4 1 13 4 1 14 4 1 15 4 1
404 11665 1 1 1 14 3 1
405 11669 1 1 1 1 11 1
406 11697 11 1 11 4 1 3 4 2 3 4 3 3 4 5 6 4 6 3 4 7 2 4 8 6 4 9 3 4 10 3 4 13 3 4 14 3
407 11703 1 1 1 10 11 7
408 11730 11 11 1 0 9 1 1 9 1 3 9 1 4 9 1 7 9 1 10 9 1 11 9 1 12 9 1 13 9 1 14 9 1 15 9 1
409 11730 1 1 1 2 9 1
410 11781 13 13 1 0 8 1 1 8 1 2 8 1 3 8 1 4 8 1 6 8 1 7 8 1 9 8 1 11 8 1 12 8 1 13 8 1 14 8 1 15 8 1
411 11783 1 1 1 15 0 1
412 11824 15 3 5 2 3 1 7 2 1 15 2 1 2 4 1 7 4 1 15 4 1 2 6 1 7 6 1 15 6 1 2 13 1 7 13 1 15 13 1 2 14 1 7 14 1 15 14 1
413 11835 1 1 1 7 14 2
414 11852 6 2 1 4 7 50 4 7 50 4 7 23 10 7 50 10 7 50 10 7 23
415 11855 1 1 1 10 13 1
416 11855 1 1 1 2 13 1
417 11916 14 14 1 0 1 1 2 1 1 3 1 1 4 1 1 5 1 1 6 1 1 8 1 1 9 1 1 10 1 1 11 1 1 12 1 1 13 1 1 14 1 1 15 1 1
418 11934 6 3 1 6 3 50 6 3 13 8 3 50 8 3 13 9 3 50 9 3 13
419 11943 1 1 1 5 8 1
420 11943 1 1 1 10 5 1
421 11971 6 3 1 0 2 50 0 2 5 8 2 50 8 2 5 15 2 50 15 2 5
422 11975 1 1 1 0 13 1
423 11976 1 1 1 7 4 1
424 12021 10 5 2 0 1 47 2 0 47 7 0 47 8 0 47 15 0 47 0 4 47 2 4 47 7 4 47 8 4 47 15 4 47
425 12021 1 1 1 12 6 1
426 12023 1 1 1 1 14 3
427 12023 1 1 1 7 0 1
428 12264 75 15 5 0 3 4 2 3 4 3 4 4 4 3 4 5 3 4 6 3 4 7 3 4 8 3 4 9 3 4 10 3 4 11 3 4 12 3 4 13 3 4 14 3 4 15 3 4 0 5 4 2 5 4 3 5 4 4 5 4 5 6 4 6 5 4 7 5 4 8 5 4 9 5 4 10 5 4 11 5 4 12 5 4 13 5 4 14 5 4 15 5 4 0 11 4 2 11 4 3 11 4 4 11 4 5 11 4 6 11 4 7 11 4 8 11 4 9 11 4 10 11 4 11 12 4 12 11 4 13 11 4 14 11 4 15 11 4 0 13 4 2 13 4 3 13 4 4 13 4 5 13 4 6 13 4 7 13 4 8 13 4 9 13 4 10 13 4 11 13 4 12 13 4 13 14 4 14 13 4 15 13 4 0 14 4 2 14 4 3 14 4 4 14 4 5 14 4 6 14 4 7 14 4 8 14 4 9 14 4 10 14 4 11 14 4 12 14 4 13 14 4 14 15 4 15 14 4
429 12535 75 15 5 0 1 4 1 0 4 2 0 4 4 0 4 5 0 4 6 0 4 7 0 4 8 0 4 9 0 4 10 0 4 11 0 4 12 0 4 13 0 4 14 0 4 15 0 4 0 9 4 1 9 4 2 9 4 4 9 4 5 9 4 6 9 4 7 9 4 8 9 4 9 10 4 10 9 4 11 9 4 12 9 4 13 9 4 14 9 4 15 9 4 0 10 4 1 10 4 2 10 4 4 10 4 5 10 4 6 10 4 7 10 4 8 10 4 9 10 4 10 11 4 11 10 4 12 10 4 13 10 4 14 10 4 15 10 4 0 14 4 1 14 4 2 14 4 4 14 4 5 14 4 6 14 4 7 14 4 8 14 4 9 14 4 10 14 4 11 14 4 12 14 4 13 14 4 14 15 4 15 14 4 0 15 4 1 15 4 2 15 4 4 15 4 5 15 4 6 15 4 7 15 4 8 15 4 9 15 4 10 15 4 11 15 4 12 15 4 13 15 4 14 15 4 15 0 4
430 12575 8 8 1 0 10 1 1 10 1 2 10 1 7 10 1 8 10 1 9 10 1 14 10 1 15 10 1
431 12643 28 14 1 0 8 50 0 8 8 1 8 50 1 8 8 2 8 50 2 8 8 3 8 50 3 8 8 4 8 50 4 8 8 5 8 50 5 8 8 6 8 50 6 8 8 8 9 50 8 9 8 9 8 50 9 8 8 11 8 50 11 8 8 12 8 50 12 8 8 13 8 50 13 8 8 14 8 50 14 8 8 15 8 50 15 8 8
432 12654 1 1 1 1 5 1
433 12681 6 2 3 10 7 1 13 7 1 10 12 1 13 12 1 10 15 4 13 15 4
434 12684 1 1 1 1 2 1
435 12690 1 1 1 14 3 1
436 12690 2 2 1 6 7 24 13 7 24
437 12756 28 14 1 0 14 50 0 14 8 1 14 50 1 14 8 3 14 50 3 14 8 5 14 50 5 14 8 6 14 50 6 14 8 7 14 50 7 14 8 8 14 50 8 14 8 9 14 50 9 14 8 10 14 50 10 14 8 11 14 50 11 14 8 12 14 50 12 14 8 13 14 50 13 14 8 14 15 50 14 15 8 15 14 50 15 14 8
438 12758 1 1 1 5 11 1
439 12771 3 3 1 0 8 9 3 8 9 13 8 9
440 12773 1 1 1 0 12 1
441 12797 6 2 3 2 0 49 10 0 49 2 9 49 10 9 49 2 13 49 10 13 49
442 12814 6 2 1 7 0 50 7 0 50 7 0 38 13 0 50 13 0 50 13 0 38
443 12879 14 14 1 0 15 1 1 15 1 2 15 1 3 15 1 5 15 1 6 15 1 7 15 1 8 15 1 9 15 1 10 15 1 11 15 1 12 15 1 13 15 1 15 0 1
444 12901 6 3 1 4 14 50 4 14 13 10 14 50 10 14 13 11 14 50 11 14 13
445 12902 2 2 1 6 2 44 11 2 44
446 12906 1 1 1 7 11 1
447 12906 1 1 1 4 0 1
448 12907 1 1 1 4 5 1
449 12953 7 7 1 0 6 1 3 6 1 5 6 1 7 6 1 11 6 1 12 6 1 13 6 1
450 12957 1 1 1 12 9 1
451 12995 10 5 2 2 4 1 6 4 1 8 4 1 10 4 1 11 4 1 2 5 1 6 5 1 8 5 1 10 5 1 11 5 1
452 13020 7 7 1 0 6 1 1 6 1 2 6 1 4 6 1 5 6 1 14 6 1 15 6 1
453 13073 14 14 1 0 13 1 1 13 1 4 13 1 5 13 1 6 13 1 7 13 1 8 13 1 9 13 1 10 13 1 11 13 1 12 13 1 13 14 1 14 13 1 15 13 1
454 13074 1 1 1 1 5 1
455 13076 2 2 1 1 0 1 12 0 1
456 13174 30 10 3 0 4 1 1 4 1 2 4 1 5 4 1 6 4 1 7 4 1 10 4 1 11 4 1 12 4 1 15 4 1 0 5 1 1 5 1 2 5 1 5 6 1 6 5 1 7 5 1 10 5 1 11 5 1 12 5 1 15 5 1 0 8 1 1 8 1 2 8 1 5 8 1 6 8 1 7 8 1 10 8 1 11 8 1 12 8 1 15 8 1
457 13228 15 15 1 0 1 1 1 0 1 2 0 1 3 0 1 4 0 1 5 0 1 6 0 1 7 0 1 8 0 1 10 0 1 11 0 1 12 0 1 13 0 1 14 0 1 15 0 1
458 13236 2 2 1 6 10 21 8 10 21
459 13965 210 6 7 0 1 50 0 1 50 0 1 50 0 1 50 0 1 46 3 1 50 3 1 50 3 1 50 3 1 50 3 1 46 4 1 50 4 1 50 4 1 50 4 1 50 4 1 46 8 1 50 8 1 50 8 1 50 8 1 50 8 1 46 11 1 50 11 1 50 11 1 50 11 1 50 11 1 46 15 1 50 15 1 50 15 1 50 15 1 50 15 1 46 0 6 50 0 6 50 0 6 50 0 6 50 0 6 46 3 6 50 3 6 50 3 6 50 3 6 50 3 6 46 4 6 50 4 6 50 4 6 50 4 6 50 4 6 46 8 6 50 8 6 50 8 6 50 8 6 50 8 6 46 11 6 50 11 6 50 11 6 50 11 6 50 11 6 46 15 6 50 15 6 50 15 6 50 15 6 50 15 6 46 0 7 50 0 7 50 0 7 50 0 7 50 0 7 46 3 7 50 3 7 50 3 7 50 3 7 50 3 7 46 4 7 50 4 7 50 4 7 50 4 7 50 4 7 46 8 7 50 8 7 50 8 7 50 8 7 50 8 7 46 11 7 50 11 7 50 11 7 50 11 7 50 11 7 46 15 7 50 15 7 50 15 7 50 15 7 50 15 7 46 0 8 50 0 8 50 0 8 50 0 8 50 0 8 46 3 8 50 3 8 50 3 8 50 3 8 50 3 8 46 4 8 50 4 8 50 4 8 50 4 8 50 4 8 46 8 9 50 8 9 50 8 9 50 8 9 50 8 9 46 11 8 50 11 8 50 11 8 50 11 8 50 11 8 46 15 8 50 15 8 50 15 8 50 15 8 50 15 8 46 0 10 50 0 10 50 0 10 50 0 10 50 0 10 46 3 10 50 3 10 50 3 10 50 3 10 50 3 10 46 4 10 50 4 10 50 4 10 50 4 10 50 4 10 46 8 10 50 8 10 50 8 10 50 8 10 50 8 10 46 11 10 50 11 10 50 11 10 50 11 10 50 11 10 46 15 10 50 15 10 50 15 10 50 15 10 50 15 10 46 0 11 50 0 11 50 0 11 50 0 11 50 0 11 47 3 11 50 3 11 50 3 11 50 3 11 50 3 11 47 4 11 50 4 11 50 4 11 50 4 11 50 4 11 47 8 11 50 8 11 50 8 11 50 8 11 50 8 11 47 11 12 50 11 12 50 11 12 50 11 12 50 11 12 47 15 11 50 15 11 50 15 11 50 15 11 50 15 11 47 0 13 50 0 13 50 0 13 50 0 13 50 0 13 47 3 13 50 3 13 50 3 13 50 3 13 50 3 13 47 4 13 50 4 13 50 4 13 50 4 13 50 4 13 47 8 13 50 8 13 50 8 13 50 8 13 50 8 13 47 11 13 50 11 13 50 11 13 50 11 13 50 11 13 47 15 13 50 15 13 50 15 13 50 15 13 50 15 13 47
460 13972 2 2 1 4 11 22 7 11 22
461 14010 6 3 1 12 13 50 12 13 10 13 12 50 13 12 10 14 12 50 14 12 10
462 14018 1 1 1 5 6 1
463 14077 18 3 1 3 10 50 3 10 50 3 10 50 3 10 50 3 10 50 3 10 29 14 10 50 14 10 50 14 10 50 14 10 50 14 10 50 14 10 29 15 10 50 15 10 50 15 10 50 15 10 50 15 10 50 15 10 29
464 14080 1 1 1 4 15 1
465 14093 4 2 1 3 0 50 3 0 5 12 0 50 12 0 5
466 14098 1 1 1 14 1 3
467 14126 7 7 1 0 7 1 2 7 1 4 7 1 7 8 1 8 7 1 14 7 1 15 7 1
468 14139 4 2 1 7 0 50 7 0 1 14 0 50 14 0 1
469 14145 4 2 1 9 4 50 9 4 26 14 4 50 14 4 26
470 14267 32 16 2 0 2 5 1 2 5 2 3 5 3 2 5 4 2 5 5 2 5 6 2 5 7 2 5 8 2 5 9 2 5 10 2 5 11 2 5 12 2 5 13 2 5 14 2 5 15 2 5 0 5 5 1 5 5 2 5 5 3 5 5 4 5 5 5 6 5 6 5 5 7 5 5 8 5 5 9 5 5 10 5 5 11 5 5 12 5 5 13 5 5 14 5 5 15 5 5
471 14296 6 2 1 2 10 50 2 10 50 2 10 18 3 10 50 3 10 50 3 10 18
472 14318 6 3 1 1 5 50 1 5 12 8 5 50 8 5 12 9 5 50 9 5 12
473 14322 2 2 1 6 3 1 9 3 1
474 14331 2 2 1 7 1 21 10 1 21
475 14333 2 2 1 6 4 25 8 4 25
476 15040 210 6 7 1 0 50 1 0 50 1 0 50 1 0 50 1 0 46 6 0 50 6 0 50 6 0 50 6 0 50 6 0 46 10 0 50 10 0 50 10 0 50 10 0 50 10 0 46 13 0 50 13 0 50 13 0 50 13 0 50 13 0 46 14 0 50 14 0 50 14 0 50 14 0 50 14 0 46 15 0 50 15 0 50 15 0 50 15 0 50 15 0 46 1 4 50 1 4 50 1 4 50 1 4 50 1 4 46 6 4 50 6 4 50 6 4 50 6 4 50 6 4 46 10 4 50 10 4 50 10 4 50 10 4 50 10 4 46 13 4 50 13 4 50 13 4 50 13 4 50 13 4 46 14 4 50 14 4 50 14 4 50 14 4 50 14 4 46 15 4 50 15 4 50 15 4 50 15 4 50 15 4 46 1 9 50 1 9 50 1 9 50 1 9 50 1 9 46 6 9 50 6 9 50 6 9 50 6 9 50 6 9 46 10 9 50 10 9 50 10 9 50 10 9 50 10 9 46 13 9 50 13 9 50 13 9 50 13 9 50 13 9 46 14 9 50 14 9 50 14 9 50 14 9 50 14 9 46 15 9 50 15 9 50 15 9 50 15 9 50 15 9 46 1 10 50 1 10 50 1 10 50 1 10 50 1 10 46 6 10 50 6 10 50 6 10 50 6 10 50 6 10 46 10 11 50 10 11 50 10 11 50 10 11 50 10 11 46 13 10 50 13 10 50 13 10 50 13 10 50 13 10 46 14 10 50 14 10 50 14 10 50 14 10 50 14 10 46 15 10 50 15 10 50 15 10 50 15 10 50 15 10 46 1 11 50 1 11 50 1 11 50 1 11 50 1 11 46 6 11 50 6 11 50 6 11 50 6 11 50 6 11 46 10 11 50 10 11 50 10 11 50 10 11 50 10 11 46 13 11 50 13 11 50 13 11 50 13 11 50 13 11 46 14 11 50 14 11 50 14 11 50 14 11 50 14 11 46 15 11 50 15 11 50 15 11 50 15 11 50 15 11 46 1 13 50 1 13 50 1 13 50 1 13 50 1 13 47 6 13 50 6 13 50 6 13 50 6 13 50 6 13 47 10 13 50 10 13 50 10 13 50 10 13 50 10 13 47 13 14 50 13 14 50 13 14 50 13 14 50 13 14 47 14 13 50 14 13 50 14 13 50 14 13 50 14 13 47 15 13 50 15 13 50 15 13 50 15 13 50 15 13 47 1 15 50 1 15 50 1 15 50 1 15 50 1 15 47 6 15 50 6 15 50 6 15 50 6 15 50 6 15 47 10 15 50 10 15 50 10 15 50 10 15 50 10 15 47 13 15 50 13 15 50 13 15 50 13 15 50 13 15 47 14 15 50 14 15 50 14 15 50 14 15 50 14 15 47 15 0 50 15 0 50 15 0 50 15 0 50 15 0 47
477 15049 1 1 1 5 10 1
478 15109 14 14 1 0 13 1 1 13 1 2 13 1 3 13 1 4 13 1 5 13 1 6 13 1 8 13 1 10 13 1 11 13 1 12 13 1 13 14 1 14 13 1 15 13 1
479 15113 3 3 1 6 2 2 9 2 2 10 2 2
480 15116 2 1 1 0 12 50 0 12 9
481 15123 3 3 1 6 7 1 9 6 1 10 6 1
482 15123 1 1 1 14 3 1
483 15165 6 2 1 7 8 50 7 8 50 7 8 23 9 7 50 9 7 50 9 7 23
484 15209 7 7 1 1 12 1 3 12 1 4 12 1 8 12 1 9 12 1 12 13 1 15 12 1
485 15228 2 2 1 5 1 25 10 1 25
486 15262 7 7 1 0 8 1 2 8 1 3 8 1 4 8 1 6 8 1 11 8 1 12 8 1
487 15289 7 7 1 3 7 1 6 7 1 9 7 1 10 7 1 11 7 1 12 7 1 14 7 1
488 15308 7 7 1 1 13 1 2 13 1 5 13 1 7 13 1 8 13 1 10 13 1 12 13 1
489 15315 4 4 1 1 8 8 2 8 8 3 8 8 10 8 8
490 15317 1 1 1 2 8 1
491 15319 1 1 1 4 2 1
492 15321 1 1 1 8 3 1
493 15345 6 3 1 6 9 50 6 9 10 12 9 50 12 9 10 13 9 50 13 9 10
494 15383 13 13 1 1 15 1 2 15 1 4 15 1 5 15 1 6 15 1 7 15 1 8 15 1 10 15 1 11 15 1 12 15 1 13 15 1 14 15 1 15 0 1
495 15384 1 1 1 9 13 1
496 15388 2 2 1 10 12 19 14 12 19
497 15392 1 1 1 1 14 1
498 15405 2 2 1 2 11 1 10 11 1
499 15414 3 3 1 2 6 1 7 6 1 9 6 1
500 15422 1 1 1 14 15 1
501 15438 1 1 1 11 7 2
502 15439 1 1 1 2 13 1
503 15464 7 7 1 1 9 1 2 9 1 4 9 1 6 9 1 7 9 1 8 9 1 15 9 1
504 15499 7 7 1 1 13 1 5 13 1 7 13 1 8 13 1 9 13 1 13 14 1 14 13 1
505 15506 4 4 1 0 2 1 4 2 1 7 2 1 10 2 1
506 15526 7 7 1 0 8 1 5 8 1 6 8 1 10 8 1 11 8 1 12 8 1 15 8 1
507 15529 1 1 1 8 13 1
508 15549 7 7 1 0 15 1 5 15 1 7 15 1 8 15 1 9 15 1 11 15 1 14 15 1
509 15598 13 13 1 0 7 1 1 7 1 2 7 1 3 7 1 4 7 1 5 7 1 6 7 1 7 8 1 9 7 1 10 7 1 11 7 1 13 7 1 15 7 1
510 15628 13 13 1 0 13 1 2 13 1 3 13 1 6 13 1 7 13 1 8 13 1 9 13 1 10 13 1 11 13 1 12 13 1 13 14 1 14 13 1 15 13 1
511 15630 1 1 1 10 9 1
512 15641 4 2 1 2 15 50 2 15 5 5 15 50 5 15 5
513 15644 1 1 1 7 12 1
514 15682 13 13 1 0 9 1 2 9 1 5 9 1 6 9 1 7 9 1 8 9 1 9 10 1 10 9 1 11 9 1 12 9 1 13 9 1 14 9 1 15 9 1
515 15723 7 7 1 2 12 1 3 12 1 4 12 1 6 12 1 8 12 1 9 12 1 10 12 1
516 15752 7 7 1 6 14 1 7 14 1 9 14 1 10 14 1 12 14 1 13 14 1 14 15 1
517 15754 1 1 1 2 14 1
518 15758 2 2 1 2 6 1 13 6 1
519 15770 2 2 1 4 15 21 9 15 21
520 15803 13 13 1 0 1 1 2 0 1 3 0 1 4 0 1 6 0 1 8 0 1 9 0 1 10 0 1 11 0 1 12 0 1 13 0 1 14 0 1 15 0 1
521 15806 1 1 1 1 7 1
522 15807 1 1 1 3 5 1
523 15816 3 3 1 2 4 1 10 4 1 12 4 1
524 15818 1 1 1 0 3 6
525 15838 10 5 2 6 7 1 9 7 1 10 7 1 11 7 1 12 7 1 6 13 1 9 13 1 10 13 1 11 13 1 12 13 1
526 16453 182 13 14 0 1 40 2 0 40 3 0 40 4 0 40 5 0 40 6 0 40 7 0 40 8 0 40 9 0 40 11 0 40 12 0 40 14 0 40 15 0 40 0 1 20 2 1 20 3 1 20 4 1 20 5 1 20 6 1 20 7 1 20 8 1 20 9 1 20 11 1 20 12 1 20 14 1 20 15 1 20 0 2 20 2 3 20 3 2 20 4 2 20 5 2 20 6 2 20 7 2 20 8 2 20 9 2 20 11 2 20 12 2 20 14 2 20 15 2 20 0 3 20 2 3 20 3 4 20 4 3 20 5 3 20 6 3 20 7 3 20 8 3 20 9 3 20 11 3 20 12 3 20 14 3 20 15 3 20 0 4 20 2 4 20 3 4 20 4 5 20 5 4 20 6 4 20 7 4 20 8 4 20 9 4 20 11 4 20 12 4 20 14 4 20 15 4 20 0 6 20 2 6 20 3 6 20 4 6 20 5 6 20 6 7 20 7 6 20 8 6 20 9 6 20 11 6 20 12 6 20 14 6 20 15 6 20 0 7 23 2 7 23 3 7 23 4 7 23 5 7 23 6 7 23 7 8 23 8 7 23 9 7 23 11 7 23 12 7 23 14 7 23 15 7 23 0 9 20 2 9 20 3 9 20 4 9 20 5 9 20 6 9 20 7 9 20 8 9 20 9 10 20 11 9 20 12 9 20 14 9 20 15 9 20 0 10 20 2 10 20 3 10 20 4 10 20 5 10 20 6 10 20 7 10 20 8 10 20 9 10 20 11 10 20 12 10 20 14 10 20 15 10 20 0 11 41 2 11 41 3 11 41 4 11 41 5 11 41 6 11 41 7 11 41 8 11 41 9 11 41 11 12 41 12 11 41 14 11 41 15 11 41 0 12 20 2 12 20 3 12 20 4 12 20 5 12 20 6 12 20 7 12 20 8 12 20 9 12 20 11 12 20 12 13 20 14 12 20 15 12 20 0 13 20 2 13 20 3 13 20 4 13 20 5 13 20 6 13 20 7 13 20 8 13 20 9 13 20 11 13 20 12 13 20 14 13 20 15 13 20 0 14 20 2 14 20 3 14 20 4 14 20 5 14 20 6 14 20 7 14 20 8 14 20 9 14 20 11 14 20 12 14 20 14 15 20 15 14 20 0 15 20 2 15 20 3 15 20 4 15 20 5 15 20 6 15 20 7 15 20 8 15 20 9 15 20 11 15 20 12 15 20 14 15 20 15 0 20
527 16476 7 7 1 0 5 1 3 5 1 5 6 1 6 5 1 7 5 1 10 5 1 11 5 1
528 16478 1 1 1 9 1 1
529 16515 7 7 1 0 4 1 2 4 1 4 5 1 5 4 1 9 4 1 11 4 1 13 4 1
530 16537 12 12 1 0 3 1 1 3 1 2 3 1 4 3 1 5 3 1 6 3 1 7 3 1 9 3 1 10 3 1 11 3 1 12 3 1 13 3 1
531 16537 1 1 1 8 9 1
532 16543 3 3 1 2 3 1 8 3 1 15 3 1
533 16547 1 1 1 8 14 1
534 16552 1 1 1 10 1 3
535 16597 15 15 1 0 9 1 1 9 1 2 9 1 4 9 1 5 9 1 6 9 1 7 9 1 8 9 1 9 10 1 10 9 1 11 9 1 12 9 1 13 9 1 14 9 1 15 9 1
536 16598 1 1 1 5 6 1
537 16606 5 5 1 0 12 1 7 12 1 9 12 1 11 12 1 15 12 1
538 16606 1 1 1 3 13 1
539 16608 2 2 1 2 0 1 7 0 1
540 16642 6 3 1 0 1 50 0 1 14 3 1 50 3 1 14 4 1 50 4 1 14
541 16689 13 13 1 0 1 1 2 0 1 4 0 1 5 0 1 6 0 1 7 0 1 8 0 1 9 0 1 11 0 1 12 0 1 13 0 1 14 0 1 15 0 1
542 16746 14 14 1 0 12 1 1 12 1 2 12 1 3 12 1 4 12 1 5 12 1 6 12 1 7 12 1 8 12 1 9 12 1 12 13 1 13 12 1 14 12 1 15 12 1
543 16747 1 1 1 1 5 1
544 16791 6 3 1 11 4 50 11 4 12 13 4 50 13 4 12 14 4 50 14 4 12
545 16794 1 1 1 8 10 1
546 16849 12 12 1 0 14 1 1 14 1 2 14 1 3 14 1 4 14 1 5 14 1 8 14 1 10 14 1 11 14 1 12 14 1 14 15 1 15 14 1
547 17084 75 15 5 0 1 4 1 2 4 2 1 4 3 1 4 5 1 4 6 1 4 7 1 4 8 1 4 9 1 4 10 1 4 11 1 4 12 1 4 13 1 4 14 1 4 15 1 4 0 11 4 1 11 4 2 11 4 3 11 4 5 11 4 6 11 4 7 11 4 8 11 4 9 11 4 10 11 4 11 12 4 12 11 4 13 11 4 14 11 4 15 11 4 0 12 4 1 12 4 2 12 4 3 12 4 5 12 4 6 12 4 7 12 4 8 12 4 9 12 4 10 12 4 11 12 4 12 13 4 13 12 4 14 12 4 15 12 4 0 13 4 1 13 4 2 13 4 3 13 4 5 13 4 6 13 4 7 13 4 8 13 4 9 13 4 10 13 4 11 13 4 12 13 4 13 14 4 14 13 4 15 13 4 0 14 4 1 14 4 2 14 4 3 14 4 5 14 4 6 14 4 7 14 4 8 14 4 9 14 4 10 14 4 11 14 4 12 14 4 13 14 4 14 15 4 15 14 4
548 17088 1 1 1 6 4 1
549 17089 1 1 1 8 14 1
550 17091 1 1 1 4 11 1
551 17094 2 2 1 1 2 1 10 1 1
552 17110 2 2 1 0 4 1 1 4 1
553 17154 9 1 1 5 1 50 5 1 50 5 1 50 5 1 50 5 1 50 5 1 50 5 1 50 5 1 50 5 1 23
554 17157 2 2 1 9 0 22 10 0 22
555 17183 7 7 1 4 15 1 7 15 1 8 15 1 10 15 1 11 15 1 12 15 1 14 15 1
556 17189 2 2 1 3 10 21 5 10 21
557 17214 6 2 1 9 5 50 9 5 50 9 5 23 11 5 50 11 5 50 11 5 23
558 17219 1 1 1 12 13 1
559 17901 210 6 7 1 2 50 1 2 50 1 2 50 1 2 50 1 2 46 2 1 50 2 1 50 2 1 50 2 1 50 2 1 46 4 1 50 4 1 50 4 1 50 4 1 50 4 1 46 7 1 50 7 1 50 7 1 50 7 1 50 7 1 46 13 1 50 13 1 50 13 1 50 13 1 50 13 1 46 15 1 50 15 1 50 15 1 50 15 1 50 15 1 46 1 2 50 1 2 50 1 2 50 1 2 50 1 2 46 2 3 50 2 3 50 2 3 50 2 3 50 2 3 46 4 2 50 4 2 50 4 2 50 4 2 50 4 2 46 7 2 50 7 2 50 7 2 50 7 2 50 7 2 46 13 2 50 13 2 50 13 2 50 13 2 50 13 2 46 15 2 50 15 2 50 15 2 50 15 2 50 15 2 46 1 5 50 1 5 50 1 5 50 1 5 50 1 5 46 2 5 50 2 5 50 2 5 50 2 5 50 2 5 46 4 5 50 4 5 50 4 5 50 4 5 50 4 5 46 7 5 50 7 5 50 7 5 50 7 5 50 7 5 46 13 5 50 13 5 50 13 5 50 13 5 50 13 5 46 15 5 50 15 5 50 15 5 50 15 5 50 15 5 46 1 6 50 1 6 50 1 6 50 1 6 50 1 6 46 2 6 50 2 6 50 2 6 50 2 6 50 2 6 46 4 6 50 4 6 50 4 6 50 4 6 50 4 6 46 7 6 50 7 6 50 7 6 50 7 6 50 7 6 46 13 6 50 13 6 50 13 6 50 13 6 50 13 6 46 15 6 50 15 6 50 15 6 50 15 6 50 15 6 46 1 9 50 1 9 50 1 9 50 1 9 50 1 9 46 2 9 50 2 9 50 2 9 50 2 9 50 2 9 46 4 9 50 4 9 50 4 9 50 4 9 50 4 9 46 7 9 50 7 9 50 7 9 50 7 9 50 7 9 46 13 9 50 13 9 50 13 9 50 13 9 50 13 9 46 15 9 50 15 9 50 15 9 50 15 9 50 15 9 46 1 10 50 1 10 50 1 10 50 1 10 50 1 10 47 2 10 50 2 10 50 2 10 50 2 10 50 2 10 47 4 10 50 4 10 50 4 10 50 4 10 50 4 10 47 7 10 50 7 10 50 7 10 50 7 10 50 7 10 47 13 10 50 13 10 50 13 10 50 13 10 50 13 10 47 15 10 50 15 10 50 15 10 50 15 10 50 15 10 47 1 14 50 1 14 50 1 14 50 1 14 50 1 14 47 2 14 50 2 14 50 2 14 50 2 14 50 2 14 47 4 14 50 4 14 50 4 14 50 4 14 50 4 14 47 7 14 50 7 14 50 7 14 50 7 14 50 7 14 47 13 14 50 13 14 50 13 14 50 13 14 50 13 14 47 15 14 50 15 14 50 15 14 50 15 14 50 15 14 47
560 17903 3 3 1 5 3 2 6 3 2 15 3 2
561 17925 7 7 1 4 5 1 5 6 1 6 5 1 9 5 1 11 5 1 12 5 1 13 5 1
562 17942 4 2 1 1 15 50 1 15 1 11 15 50 11 15 1
563 17948 4 4 1 4 2 1 8 2 1 13 2 1 14 2 1
564 18016 14 14 1 0 13 1 1 13 1 3 13 1 4 13 1 5 13 1 7 13 1 8 13 1 9 13 1 10 13 1 11 13 1 12 13 1 13 14 1 14 13 1 15 13 1
565 18028 3 3 1 6 7 1 9 7 1 11 7 1
566 18056 7 7 1 0 14 1 2 14 1 7 14 1 8 14 1 10 14 1 13 14 1 14 15 1
567 18068 2 2 1 3 7 5 9 7 5
568 18120 13 13 1 0 1 1 1 2 1 3 1 1 4 1 1 5 1 1 6 1 1 8 1 1 9 1 1 10 1 1 11 1 1 12 1 1 13 1 1 15 1 1
569 18158 14 14 1 1 3 1 2 3 1 3 4 1 4 3 1 5 3 1 6 3 1 7 3 1 8 3 1 9 3 1 10 3 1 12 3 1 13 3 1 14 3 1 15 3 1
570 18164 1 1 1 5 15 1
571 18224 14 14 1 1 8 1 2 8 1 4 8 1 5 8 1 6 8 1 7 8 1 8 9 1 9 8 1 10 8 1 11 8 1 12 8 1 13 8 1 14 8 1 15 8 1
572 18225 1 1 1 0 1 1
573 18233 1 1 1 11 10 1
574 18237 1 1 1 11 2 1
575 18284 15 15 1 0 15 1 2 15 1 3 15 1 4 15 1 5 15 1 6 15 1 7 15 1 8 15 1 9 15 1 10 15 1 11 15 1 12 15 1 13 15 1 14 15 1 15 0 1
576 18314 13 13 1 0 14 1 1 14 1 2 14 1 3 14 1 4 14 1 5 14 1 6 14 1 7 14 1 10 14 1 12 14 1 13 14 1 14 15 1 15 14 1
577 18315 1 1 1 4 2 1
578 18562 75 15 5 0 1 4 1 2 4 2 1 4 3 1 4 4 1 4 5 1 4 6 1 4 7 1 4 8 1 4 9 1 4 10 1 4 11 1 4 13 1 4 14 1 4 15 1 4 0 4 4 1 4 4 2 4 4 3 4 4 4 5 4 5 4 4 6 4 4 7 4 4 8 4 4 9 4 4 10 4 4 11 4 4 13 4 4 14 4 4 15 4 4 0 5 4 1 5 4 2 5 4 3 5 4 4 5 4 5 6 4 6 5 4 7 5 4 8 5 4 9 5 4 10 5 4 11 5 4 13 5 4 14 5 4 15 5 4 0 11 4 1 11 4 2 11 4 3 11 4 4 11 4 5 11 4 6 11 4 7 11 4 8 11 4 9 11 4 10 11 4 11 12 4 13 11 4 14 11 4 15 11 4 0 13 4 1 13 4 2 13 4 3 13 4 4 13 4 5 13 4 6 13 4 7 13 4 8 13 4 9 13 4 10 13 4 11 13 4 13 14 4 14 13 4 15 13 4
579 18566 1 1 1 3 2 1
580 18567 1 1 1 6 4 1
581 18575 1 1 1 15 0 1
582 18577 1 1 1 12 2 1
583 18582 1 1 1 0 14 1
584 18592 1 1 1 10 4 1
585 18596 2 2 1 2 3 1 5 2 1
586 18596 1 1 1 10 14 1
587 19275 182 13 14 0 1 40 1 2 40 2 1 40 3 1 40 4 1 40 6 1 40 7 1 40 8 1 40 9 1 40 10 1 40 11 1 40 13 1 40 15 1 40 0 2 20 1 2 20 2 3 20 3 2 20 4 2 20 6 2 20 7 2 20 8 2 20 9 2 20 10 2 20 11 2 20 13 2 20 15 2 20 0 3 20 1 3 20 2 3 20 3 4 20 4 3 20 6 3 20 7 3 20 8 3 20 9 3 20 10 3 20 11 3 20 13 3 20 15 3 20 0 5 20 1 5 20 2 5 20 3 5 20 4 5 20 6 5 20 7 5 20 8 5 20 9 5 20 10 5 20 11 5 20 13 5 20 15 5 20 0 6 20 1 6 20 2 6 20 3 6 20 4 6 20 6 7 20 7 6 20 8 6 20 9 6 20 10 6 20 11 6 20 13 6 20 15 6 20 0 7 20 1 7 20 2 7 20 3 7 20 4 7 20 6 7 20 7 8 20 8 7 20 9 7 20 10 7 20 11 7 20 13 7 20 15 7 20 0 8 23 1 8 23 2 8 23 3 8 23 4 8 23 6 8 23 7 8 23 8 9 23 9 8 23 10 8 23 11 8 23 13 8 23 15 8 23 0 9 20 1 9 20 2 9 20 3 9 20 4 9 20 6 9 20 7 9 20 8 9 20 9 10 20 10 9 20 11 9 20 13 9 20 15 9 20 0 10 20 1 10 20 2 10 20 3 10 20 4 10 20 6 10 20 7 10 20 8 10 20 9 10 20 10 11 20 11 10 20 13 10 20 15 10 20 0 11 41 1 11 41 2 11 41 3 11 41 4 11 41 6 11 41 7 11 41 8 11 41 9 11 41 10 11 41 11 12 41 13 11 41 15 11 41 0 12 20 1 12 20 2 12 20 3 12 20 4 12 20 6 12 20 7 12 20 8 12 20 9 12 20 10 12 20 11 12 20 13 12 20 15 12 20 0 13 20 1 13 20 2 13 20 3 13 20 4 13 20 6 13 20 7 13 20 8 13 20 9 13 20 10 13 20 11 13 20 13 14 20 15 13 20 0 14 20 1 14 20 2 14 20 3 14 20 4 14 20 6 14 20 7 14 20 8 14 20 9 14 20 10 14 20 11 14 20 13 14 20 15 14 20 0 15 20 1 15 20 2 15 20 3 15 20 4 15 20 6 15 20 7 15 20 8 15 20 9 15 20 10 15 20 11 15 20 13 15 20 15 0 20
588 19276 2 2 1 5 6 21 10 6 21
589 19278 1 1 1 0 2 1
590 19280 1 1 1 14 11 1
591 19283 1 1 1 8 9 1
592 19318 13 13 1 0 8 1 1 8 1 2 8 1 3 8 1 4 8 1 5 8 1 6 8 1 7 8 1 9 8 1 11 8 1 13 8 1 14 8 1 15 8 1
593 19319 2 2 1 3 9 24 11 9 24
594 19321 1 1 1 10 11 1
595 19324 1 1 1 8 9 1
596 19361 7 7 1 0 6 1 1 6 1 2 6 1 5 6 1 6 7 1 7 6 1 9 6 1
597 19364 2 2 1 3 4 31 15 3 31
598 19415 13 13 1 0 4 1 1 4 1 2 4 1 3 4 1 4 5 1 5 4 1 7 4 1 9 4 1 11 4 1 12 4 1 13 4 1 14 4 1 15 4 1
599 19421 5 5 1 2 9 1 8 9 1 9 10 1 14 9 1 15 9 1
600 19462 14 14 1 0 7 1 1 7 1 2 7 1 4 7 1 5 7 1 6 7 1 7 8 1 8 7 1 9 7 1 10 7 1 11 7 1 12 7 1 13 7 1 15 7 1
601 19663 75 15 5 0 3 5 1 3 5 2 3 5 3 4 5 5 3 5 6 3 5 7 3 5 8 3 5 9 3 5 10 3 5 11 3 5 12 3 5 13 3 5 14 3 5 15 3 5 0 5 5 1 5 5 2 5 5 3 5 5 5 6 5 6 5 5 7 5 5 8 5 5 9 5 5 10 5 5 11 5 5 12 5 5 13 5 5 14 5 5 15 5 5 0 10 5 1 10 5 2 10 5 3 10 5 5 10 5 6 10 5 7 10 5 8 10 5 9 10 5 10 11 5 11 10 5 12 10 5 13 10 5 14 10 5 15 10 5 0 11 5 1 11 5 2 11 5 3 11 5 5 11 5 6 11 5 7 11 5 8 11 5 9 11 5 10 11 5 11 12 5 12 11 5 13 11 5 14 11 5 15 11 5 0 12 5 1 12 5 2 12 5 3 12 5 5 12 5 6 12 5 7 12 5 8 12 5 9 12 5 10 12 5 11 12 5 12 13 5 13 12 5 14 12 5 15 12 5
602 19664 2 2 1 1 13 5 6 13 5
603 19664 1 1 1 4 13 1
604 19665 1 1 1 3 10 1
605 19668 1 1 1 1 15 1
606 19681 6 3 1 3 13 50 3 13 12 8 13 50 8 13 12 14 13 50 14 13 12
607 19683 1 1 1 15 0 1
608 19718 10 5 2 1 10 1 3 10 1 9 10 1 10 11 1 15 10 1 1 15 1 3 15 1 9 15 1 10 15 1 15 0 1
609 19722 2 2 1 2 13 23 10 13 23
610 19722 1 1 1 6 3 1
611 19724 1 1 1 13 12 1
612 19726 1 1 1 3 15 1
613 19765 7 7 1 1 11 1 3 11 1 4 11 1 7 11 1 8 11 1 12 11 1 14 11 1
614 19767 1 1 1 13 0 1
615 20387 180 12 15 0 1 4 1 0 4 3 0 4 4 0 4 6 0 4 8 0 4 9 0 4 11 0 4 12 0 4 13 0 4 14 0 4 15 0 4 0 1 4 1 2 4 3 1 4 4 1 4 6 1 4 8 1 4 9 1 4 11 1 4 12 1 4 13 1 4 14 1 4 15 1 4 0 2 4 1 2 4 3 2 4 4 2 4 6 2 4 8 2 4 9 2 4 11 2 4 12 2 4 13 2 4 14 2 4 15 2 4 0 3 4 1 3 4 3 4 4 4 3 4 6 3 4 8 3 4 9 3 4 11 3 4 12 3 4 13 3 4 14 3 4 15 3 4 0 5 4 1 5 4 3 5 4 4 5 4 6 5 4 8 5 4 9 5 4 11 5 4 12 5 4 13 5 4 14 5 4 15 5 4 0 6 8 1 6 8 3 6 8 4 6 8 6 7 8 8 6 8 9 6 8 11 6 8 12 6 8 13 6 8 14 6 8 15 6 8 0 7 5 1 7 5 3 7 5 4 7 5 6 7 5 8 7 5 9 7 5 11 7 5 12 7 5 13 7 5 14 7 5 15 7 5 0 8 4 1 8 4 3 8 4 4 8 4 6 8 4 8 9 4 9 8 4 11 8 4 12 8 4 13 8 4 14 8 4 15 8 4 0 9 4 1 9 4 3 9 4 4 9 4 6 9 4 8 9 4 9 10 4 11 9 4 12 9 4 13 9 4 14 9 4 15 9 4 0 10 4 1 10 4 3 10 4 4 10 4 6 10 4 8 10 4 9 10 4 11 10 4 12 10 4 13 10 4 14 10 4 15 10 4 0 11 4 1 11 4 3 11 4 4 11 4 6 11 4 8 11 4 9 11 4 11 12 4 12 11 4 13 11 4 14 11 4 15 11 4 0 12 4 1 12 4 3 12 4 4 12 4 6 12 4 8 12 4 9 12 4 11 12 4 12 13 4 13 12 4 14 12 4 15 12 4 0 13 4 1 13 4 3 13 4 4 13 4 6 13 4 8 13 4 9 13 4 11 13 4 12 13 4 13 14 4 14 13 4 15 13 4 0 14 4 1 14 4 3 14 4 4 14 4 6 14 4 8 14 4 9 14 4 11 14 4 12 14 4 13 14 4 14 15 4 15 14 4 0 15 4 1 15 4 3 15 4 4 15 4 6 15 4 8 15 4 9 15 4 11 15 4 12 15 4 13 15 4 14 15 4 15 0 4
616 20398 3 3 1 6 15 1 9 15 1 14 15 1
617 20415 6 3 1 1 15 50 1 15 12 4 15 50 4 15 12 6 15 50 6 15 12
618 20416 1 1 1 5 7 1
619 20441 9 1 1 8 6 50 8 6 50 8 6 50 8 6 50 8 6 50 8 6 50 8 6 50 8 6 50 8 6 23
620 20442 2 2 1 2 12 21 11 12 21
621 20442 1 1 1 8 4 1
622 20443 1 1 1 11 7 1
623 20447 2 2 1 7 2 25 15 2 25
624 20468 6 2 1 1 14 50 1 14 50 1 14 18 13 14 50 13 14 50 13 14 18
625 20493 8 8 1 0 3 1 1 3 1 3 4 1 5 3 1 7 3 1 8 3 1 10 3 1 11 3 1
626 20511 6 3 1 0 2 50 0 2 10 1 2 50 1 2 10 2 3 50 2 3 10
627 20523 1 1 1 12 15 1
628 20530 1 1 1 5 13 1
629 20589 15 15 1 0 11 1 1 11 1 2 11 1 3 11 1 4 11 1 5 11 1 6 11 1 7 11 1 8 11 1 10 11 1 11 12 1 12 11 1 13 11 1 14 11 1 15 11 1
630 20620 12 1 1 12 13 50 12 13 50 12 13 50 12 13 50 12 13 50 12 13 50 12 13 50 12 13 50 12 13 50 12 13 50 12 13 50 12 13 33
631 20628 1 1 1 3 0 1
632 20644 3 3 1 1 13 1 4 13 1 14 13 1
633 20648 1 1 1 2 0 1
634 20649 2 2 1 0 4 1 7 4 1
635 20652 2 2 1 2 15 21 11 15 21
636 20701 13 13 1 0 6 1 1 6 1 4 6 1 5 6 1 6 7 1 7 6 1 8 6 1 9 6 1 11 6 1 12 6 1 13 6 1 14 6 1 15 6 1
637 20720 5 5 1 2 3 1 3 4 1 7 3 1 9 3 1 13 3 1
638 20725 1 1 1 6 0 1
639 20726 1 1 1 11 10 1
640 20755 7 7 1 0 13 1 3 13 1 4 13 1 5 13 1 6 13 1 7 13 1 8 13 1
641 20757 1 1 1 4 15 1
642 20810 14 14 1 0 12 1 1 12 1 4 12 1 5 12 1 6 12 1 7 12 1 8 12 1 9 12 1 10 12 1 11 12 1 12 13 1 13 12 1 14 12 1 15 12 1
643 20856 13 13 1 0 13 1 1 13 1 2 13 1 4 13 1 6 13 1 8 13 1 9 13 1 10 13 1 11 13 1 12 13 1 13 14 1 14 13 1 15 13 1
644 20865 3 3 1 1 7 2 4 7 2 6 7 2
645 20922 13 13 1 0 15 1 1 15 1 2 15 1 3 15 1 5 15 1 6 15 1 7 15 1 8 15 1 9 15 1 10 15 1 12 15 1 13 15 1 14 15 1
646 20940 1 1 1 8 4 1
647 20976 7 7 1 0 12 1 3 12 1 5 12 1 10 12 1 11 12 1 12 13 1 14 12 1
648 21001 3 3 1 1 12 2 3 12 2 11 12 2
649 21004 2 2 1 6 3 1 12 3 1
650 21011 2 2 1 6 2 1 14 2 1
651 21198 60 4 15 1 0 2 8 0 2 11 0 2 13 0 2 1 2 2 8 1 2 11 1 2 13 1 2 1 2 2 8 2 2 11 2 2 13 2 2 1 4 2 8 4 2 11 4 2 13 4 2 1 5 2 8 5 2 11 5 2 13 5 2 1 6 5 8 6 5 11 6 5 13 6 5 1 7 3 8 7 3 11 7 3 13 7 3 1 8 2 8 9 2 11 8 2 13 8 2 1 9 2 8 9 2 11 9 2 13 9 2 1 10 2 8 10 2 11 10 2 13 10 2 1 11 2 8 11 2 11 12 2 13 11 2 1 12 2 8 12 2 11 12 2 13 12 2 1 13 2 8 13 2 11 13 2 13 14 2 1 14 2 8 14 2 11 14 2 13 14 2 1 15 2 8 15 2 11 15 2 13 15 2
652 21200 1 1 1 14 15 1
653 21207 1 1 1 4 1 1
654 21811 182 13 14 0 1 40 1 0 40 2 0 40 4 0 40 5 0 40 6 0 40 7 0 40 8 0 40 10 0 40 11 0 40 12 0 40 13 0 40 15 0 40 0 1 20 1 2 20 2 1 20 4 1 20 5 1 20 6 1 20 7 1 20 8 1 20 10 1 20 11 1 20 12 1 20 13 1 20 15 1 20 0 2 20 1 2 20 2 3 20 4 2 20 5 2 20 6 2 20 7 2 20 8 2 20 10 2 20 11 2 20 12 2 20 13 2 20 15 2 20 0 3 20 1 3 20 2 3 20 4 3 20 5 3 20 6 3 20 7 3 20 8 3 20 10 3 20 11 3 20 12 3 20 13 3 20 15 3 20 0 5 20 1 5 20 2 5 20 4 5 20 5 6 20 6 5 20 7 5 20 8 5 20 10 5 20 11 5 20 12 5 20 13 5 20 15 5 20 0 7 20 1 7 20 2 7 20 4 7 20 5 7 20 6 7 20 7 8 20 8 7 20 10 7 20 11 7 20 12 7 20 13 7 20 15 7 20 0 8 23 1 8 23 2 8 23 4 8 23 5 8 23 6 8 23 7 8 23 8 9 23 10 8 23 11 8 23 12 8 23 13 8 23 15 8 23 0 9 20 1 9 20 2 9 20 4 9 20 5 9 20 6 9 20 7 9 20 8 9 20 10 9 20 11 9 20 12 9 20 13 9 20 15 9 20 0 10 20 1 10 20 2 10 20 4 10 20 5 10 20 6 10 20 7 10 20 8 10 20 10 11 20 11 10 20 12 10 20 13 10 20 15 10 20 0 11 41 1 11 41 2 11 41 4 11 41 5 11 41 6 11 41 7 11 41 8 11 41 10 11 41 11 12 41 12 11 41 13 11 41 15 11 41 0 12 20 1 12 20 2 12 20 4 12 20 5 12 20 6 12 20 7 12 20 8 12 20 10 12 20 11 12 20 12 13 20 13 12 20 15 12 20 0 13 20 1 13 20 2 13 20 4 13 20 5 13 20 6 13 20 7 13 20 8 13 20 10 13 20 11 13 20 12 13 20 13 14 20 15 13 20 0 14 20 1 14 20 2 14 20 4 14 20 5 14 20 6 14 20 7 14 20 8 14 20 10 14 20 11 14 20 12 14 20 13 14 20 15 14 20 0 15 20 1 15 20 2 15 20 4 15 20 5 15 20 6 15 20 7 15 20 8 15 20 10 15 20 11 15 20 12 15 20 13 15 20 15 0 20
655 21829 7 7 1 2 9 1 3 9 1 6 9 1 11 9 1 12 9 1 13 9 1 15 9 1
656 21854 6 2 1 6 14 50 6 14 50 6 14 23 14 15 50 14 15 50 14 15 23
657 21855 2 2 1 2 1 25 12 1 25
658 21870 4 2 1 9 4 50 9 4 1 12 4 50 12 4 1
659 21874 1 1 1 13 2 7
660 21888 2 2 1 2 13 24 5 13 24
661 21892 1 1 1 5 1 1
662 21896 1 1 1 15 5 1
663 21899 1 1 1 7 13 1
664 21906 2 2 1 3 4 24 9 4 24
665 21906 1 1 1 0 1 1
666 21952 7 7 1 1 11 1 3 11 1 6 11 1 9 11 1 11 12 1 13 11 1 14 11 1
667 21971 4 2 1 0 8 50 0 8 5 2 8 50 2 8 5
668 21973 1 1 1 4 0 7
669 21984 2 2 1 7 4 1 10 4 1
670 21995 2 2 1 6 1 24 15 1 24
671 22022 8 8 1 0 6 1 2 6 1 6 7 1 7 6 1 8 6 1 9 6 1 11 6 1 14 6 1
672 22037 7 7 1 1 7 1 5 7 1 6 7 1 12 7 1 13 7 1 14 7 1 15 7 1
673 22054 7 7 1 3 4 1 4 5 1 8 4 1 10 4 1 11 4 1 12 4 1 15 4 1
674 22054 1 1 1 2 11 1
675 22055 1 1 1 10 8 1
676 22390 70 14 5 0 4 5 1 4 5 2 4 5 3 4 5 5 4 5 6 4 5 7 4 5 9 4 5 10 4 5 11 4 5 12 4 5 13 4 5 14 4 5 15 4 5 0 9 5 1 9 5 2 9 5 3 9 5 5 9 5 6 9 5 7 9 5 9 10 5 10 9 5 11 9 5 12 9 5 13 9 5 14 9 5 15 9 5 0 10 5 1 10 5 2 10 5 3 10 5 5 10 5 6 10 5 7 10 5 9 10 5 10 11 5 11 10 5 12 10 5 13 10 5 14 10 5 15 10 5 0 13 5 1 13 5 2 13 5 3 13 5 5 13 5 6 13 5 7 13 5 9 13 5 10 13 5 11 13 5 12 13 5 13 14 5 14 13 5 15 13 5 0 15 5 1 15 5 2 15 5 3 15 5 5 15 5 6 15 5 7 15 5 9 15 5 10 15 5 11 15 5 12 15 5 13 15 5 14 15 5 15 0 5
677 22392 1 1 1 5 6 1
678 22434 9 1 1 2 5 50 2 5 50 2 5 50 2 5 50 2 5 50 2 5 50 2 5 50 2 5 50 2 5 23
679 22491 13 13 1 0 6 1 1 6 1 3 6 1 4 6 1 6 7 1 8 6 1 9 6 1 10 6 1 11 6 1 12 6 1 13 6 1 14 6 1 15 6 1
680 22493 1 1 1 4 5 1
681 22499 1 1 1 2 13 1
682 22502 1 1 1 4 15 1
683 22543 14 14 1 0 3 1 1 3 1 4 3 1 5 3 1 6 3 1 7 3 1 8 3 1 9 3 1 10 3 1 11 3 1 12 3 1 13 3 1 14 3 1 15 3 1
684 22553 7 7 1 1 7 1 4 7 1 6 7 1 9 7 1 11 7 1 13 7 1 15 7 1
685 22555 1 1 1 4 14 1
686 22581 7 7 1 0 8 1 1 8 1 3 8 1 11 8 1 13 8 1 14 8 1 15 8 1
687 22584 1 1 1 4 10 1
688 22590 4 4 1 3 4 1 6 3 1 9 3 1 11 3 1
689 22610 7 7 1 0 1 1 1 0 1 2 0 1 4 0 1 10 0 1 11 0 1 12 0 1
690 22691 24 4 1 4 13 50 4 13 50 4 13 50 4 13 50 4 13 50 4 13 45 11 13 50 11 13 50 11 13 50 11 13 50 11 13 50 11 13 45 13 14 50 13 14 50 13 14 50 13 14 50 13 14 50 13 14 45 14 13 50 14 13 50 14 13 50 14 13 50 14 13 50 14 13 45
691 22691 1 1 1 3 11 1
692 22987 75 15 5 0 1 5 1 0 5 2 0 5 3 0 5 4 0 5 5 0 5 6 0 5 7 0 5 8 0 5 10 0 5 11 0 5 12 0 5 13 0 5 14 0 5 15 0 5 0 2 5 1 2 5 2 3 5 3 2 5 4 2 5 5 2 5 6 2 5 7 2 5 8 2 5 10 2 5 11 2 5 12 2 5 13 2 5 14 2 5 15 2 5 0 7 5 1 7 5 2 7 5 3 7 5 4 7 5 5 7 5 6 7 5 7 8 5 8 7 5 10 7 5 11 7 5 12 7 5 13 7 5 14 7 5 15 7 5 0 12 5 1 12 5 2 12 5 3 12 5 4 12 5 5 12 5 6 12 5 7 12 5 8 12 5 10 12 5 11 12 5 12 13 5 13 12 5 14 12 5 15 12 5 0 15 5 1 15 5 2 15 5 3 15 5 4 15 5 5 15 5 6 15 5 7 15 5 8 15 5 10 15 5 11 15 5 12 15 5 13 15 5 14 15 5 15 0 5
693 23005 7 7 1 1 14 1 4 14 1 5 14 1 9 14 1 10 14 1 12 14 1 14 15 1
694 23012 2 2 1 7 5 2 12 5 2
695 23032 6 3 1 8 10 50 8 10 5 11 10 50 11 10 5 14 10 50 14 10 5
696 23061 6 3 1 0 10 50 0 10 3 1 10 50 1 10 3 7 10 50 7 10 3
697 23069 1 1 1 8 7 1
698 23073 1 1 1 3 5 1
699 23075 2 2 1 0 3 1 12 3 1
700 23076 1 1 1 13 11 1
701 23081 1 1 1 7 1 1
702 23081 2 2 1 2 0 25 13 0 25
703 23081 1 1 1 0 6 1
704 23126 13 13 1 0 13 1 1 13 1 2 13 1 4 13 1 6 13 1 7 13 1 8 13 1 9 13 1 11 13 1 12 13 1 13 14 1 14 13 1 15 13 1
705 23129 1 1 1 13 6 1
706 23141 2 2 1 13 11 41 15 11 41
707 23145 1 1 1 7 6 3
708 23167 6 3 1 3 1 50 3 1 13 8 1 50 8 1 13 9 1 50 9 1 13
709 23180 6 3 1 1 14 50 1 14 13 3 14 50 3 14 13 8 14 50 8 14 13
710 23191 1 1 1 12 6 1
711 23223 9 1 1 4 15 50 4 15 50 4 15 50 4 15 50 4 15 50 4 15 50 4 15 50 4 15 50 4 15 23
712 23247 7 7 1 0 7 1 5 7 1 7 8 1 9 7 1 10 7 1 12 7 1 15 7 1
713 23247 1 1 1 14 5 1
714 23272 10 5 2 3 1 1 4 1 1 7 1 1 11 1 1 13 1 1 3 14 1 4 14 1 7 14 1 11 14 1 13 14 1
715 23273 1 1 1 2 6 1
716 23274 1 1 1 3 14 1
717 23291 6 2 1 5 11 50 5 11 50 5 11 38 11 12 50 11 12 50 11 12 38
718 23300 2 2 1 6 12 47 10 12 47
719 23410 28 14 1 0 8 50 0 8 8 2 8 50 2 8 8 3 8 50 3 8 8 4 8 50 4 8 8 5 8 50 5 8 8 6 8 50 6 8 8 7 8 50 7 8 8 9 8 50 9 8 8 10 8 50 10 8 8 11 8 50 11 8 8 12 8 50 12 8 8 13 8 50 13 8 8 14 8 50 14 8 8 15 8 50 15 8 8
720 23413 1 1 1 14 15 1
721 23414 1 1 1 7 3 1
722 23415 1 1 1 3 10 1
723 23422 1 1 1 8 12 1
724 23435 1 1 1 8 7 1
725 23439 1 1 1 3 4 1
726 23459 3 3 1 0 13 1 8 13 1 15 13 1
727 23464 1 1 1 1 14 1
728 23483 4 2 1 0 4 50 0 4 2 10 4 50 10 4 2
729 23514 7 7 1 3 13 1 4 13 1 6 13 1 8 13 1 9 13 1 10 13 1 12 13 1
730 23534 7 7 1 1 2 1 4 1 1 8 1 1 9 1 1 11 1 1 12 1 1 13 1 1
731 23575 7 7 1 0 9 1 2 9 1 3 9 1 4 9 1 5 9 1 7 9 1 13 9 1
732 23626 13 13 1 0 3 1 2 3 1 3 4 1 4 3 1 5 3 1 6 3 1 7 3 1 8 3 1 9 3 1 11 3 1 13 3 1 14 3 1 15 3 1
733 23635 6 2 1 9 14 50 9 14 50 9 14 38 12 14 50 12 14 50 12 14 38
734 23636 1 1 1 10 15 1
735 23666 10 5 2 0 5 1 2 5 1 3 5 1 5 6 1 15 5 1 0 11 1 2 11 1 3 11 1 5 11 1 15 11 1
736 23689 6 6 1 0 7 1 3 7 1 8 7 1 10 7 1 13 7 1 14 7 1
737 23716 10 5 2 0 1 47 3 0 47 4 0 47 5 0 47 6 0 47 0 10 47 3 10 47 4 10 47 5 10 47 6 10 47
738 23732 6 3 1 5 9 50 5 9 3 10 9 50 10 9 3 12 9 50 12 9 3
739 23761 10 5 2 0 2 1 2 3 1 5 2 1 11 2 1 12 2 1 0 14 1 2 14 1 5 14 1 11 14 1 12 14 1
740 23777 6 3 1 0 6 50 0 6 10 8 6 50 8 6 10 10 6 50 10 6 10
741 23793 3 3 1 4 9 1 6 9 1 9 10 1
742 24609 203 7 7 0 2 50 0 2 50 0 2 50 0 2 48 1 2 50 1 2 50 1 2 50 1 2 48 2 3 50 2 3 50 2 3 50 2 3 48 4 2 50 4 2 50 4 2 50 4 2 48 7 2 50 7 2 50 7 2 50 7 2 48 10 2 50 10 2 50 10 2 50 10 2 48 14 2 50 14 2 50 14 2 50 14 2 48 0 6 50 0 6 50 0 6 50 0 6 48 1 6 50 1 6 50 1 6 50 1 6 48 2 6 50 2 6 50 2 6 50 2 6 48 4 6 50 4 6 50 4 6 50 4 6 48 7 6 50 7 6 50 7 6 50 7 6 48 10 6 50 10 6 50 10 6 50 10 6 48 14 6 50 14 6 50 14 6 50 14 6 48 0 8 50 0 8 50 0 8 50 0 8 50 0 8 12 1 8 50 1 8 50 1 8 50 1 8 50 1 8 12 2 8 50 2 8 50 2 8 50 2 8 50 2 8 12 4 8 50 4 8 50 4 8 50 4 8 50 4 8 12 7 8 50 7 8 50 7 8 50 7 8 50 7 8 12 10 8 50 10 8 50 10 8 50 10 8 50 10 8 12 14 8 50 14 8 50 14 8 50 14 8 50 14 8 12 0 10 50 0 10 50 0 10 50 0 10 48 1 10 50 1 10 50 1 10 50 1 10 48 2 10 50 2 10 50 2 10 50 2 10 48 4 10 50 4 10 50 4 10 50 4 10 48 7 10 50 7 10 50 7 10 50 7 10 48 10 11 50 10 11 50 10 11 50 10 11 48 14 10 50 14 10 50 14 10 50 14 10 48 0 11 50 0 11 50 0 11 50 0 11 48 1 11 50 1 11 50 1 11 50 1 11 48 2 11 50 2 11 50 2 11 50 2 11 48 4 11 50 4 11 50 4 11 50 4 11 48 7 11 50 7 11 50 7 11 50 7 11 48 10 11 50 10 11 50 10 11 50 10 11 48 14 11 50 14 11 50 14 11 50 14 11 48 0 13 50 0 13 50 0 13 50 0 13 48 1 13 50 1 13 50 1 13 50 1 13 48 2 13 50 2 13 50 2 13 50 2 13 48 4 13 50 4 13 50 4 13 50 4 13 48 7 13 50 7 13 50 7 13 50 7 13 48 10 13 50 10 13 50 10 13 50 10 13 48 14 13 50 14 13 50 14 13 50 14 13 48 0 14 50 0 14 50 0 14 50 0 14 48 1 14 50 1 14 50 1 14 50 1 14 48 2 14 50 2 14 50 2 14 50 2 14 48 4 14 50 4 14 50 4 14 50 4 14 48 7 14 50 7 14 50 7 14 50 7 14 48 10 14 50 10 14 50 10 14 50 10 14 48 14 15 50 14 15 50 14 15 50 14 15 48
743 24611 4 4 1 0 1 32 3 0 32 9 0 32 10 0 32
744 24622 3 3 1 4 7 1 9 7 1 12 7 1
745 24634 5 5 1 5 6 1 7 6 1 11 6 1 14 6 1 15 6 1
746 24688 10 5 2 4 6 1 8 6 1 9 6 1 11 6 1 13 6 1 4 11 1 8 11 1 9 11 1 11 12 1 13 11 1
747 24744 14 14 1 1 2 1 3 1 1 4 1 1 5 1 1 6 1 1 7 1 1 8 1 1 9 1 1 10 1 1 11 1 1 12 1 1 13 1 1 14 1 1 15 1 1
748 24768 7 7 1 3 7 1 4 7 1 5 7 1 6 7 1 7 8 1 13 7 1 15 7 1
749 24770 1 1 1 9 1 1
750 24774 1 1 1 7 12 1
751 24775 1 1 1 2 4 1
752 24806 7 7 1 0 1 1 5 1 1 7 1 1 8 1 1 12 1 1 14 1 1 15 1 1
753 24806 1 1 1 12 6 1
754 24838 7 7 1 0 8 1 2 8 1 3 8 1 4 8 1 5 8 1 7 8 1 10 8 1
755 24842 3 3 1 0 12 1 7 12 1 15 12 1
756 24897 13 1 1 10 15 50 10 15 50 10 15 50 10 15 50 10 15 50 10 15 50 10 15 50 10 15 50 10 15 50 10 15 50 10 15 50 10 15 50 10 15 38
757 24905 1 1 1 4 9 1
758 24906 1 1 1 6 1 1
759 24907 1 1 1 1 9 1
760 24924 3 3 1 7 13 2 9 13 2 15 13 2
761 24927 1 1 1 12 5 1
762 24938 1 1 1 5 6 1
763 24940 1 1 1 8 14 1
764 24996 10 5 2 2 10 1 4 10 1 8 10 1 10 11 1 12 10 1 2 12 1 4 12 1 8 12 1 10 12 1 12 13 1
765 25011 4 4 1 5 9 8 6 9 8 10 9 8 14 9 8
766 25037 6 2 1 5 4 50 5 4 50 5 4 18 7 4 50 7 4 50 7 4 18
767 25044 1 1 1 14 15 1
768 25084 10 5 2 0 5 1 6 5 1 12 5 1 13 5 1 15 5 1 0 8 1 6 8 1 12 8 1 13 8 1 15 8 1
769 25088 1 1 1 9 10 1
770 25089 1 1 1 9 6 1
771 25147 12 6 2 1 4 1 5 4 1 8 4 1 10 4 1 13 4 1 15 4 1 1 10 1 5 10 1 8 10 1 10 11 1 13 10 1 15 10 1
772 25150 1 1 1 12 7 3
773 25151 1 1 1 2 10 1
774 25156 2 2 1 6 10 1 10 11 1
775 25171 4 4 1 0 15 1 11 15 1 13 15 1 15 0 1
776 25183 1 1 1 0 14 1
777 25193 3 3 1 3 10 2 6 10 2 12 10 2
778 25228 14 14 1 0 7 1 1 7 1 2 7 1 3 7 1 4 7 1 5 7 1 6 7 1 7 8 1 9 7 1 10 7 1 11 7 1 13 7 1 14 7 1 15 7 1
779 25445 60 15 4 0 1 5 1 2 5 2 1 5 3 1 5 4 1 5 5 1 5 6 1 5 7 1 5 8 1 5 10 1 5 11 1 5 12 1 5 13 1 5 14 1 5 15 1 5 0 3 9 1 3 9 2 3 9 3 4 9 4 3 9 5 3 9 6 3 9 7 3 9 8 3 9 10 3 9 11 3 9 12 3 9 13 3 9 14 3 9 15 3 9 0 14 5 1 14 5 2 14 5 3 14 5 4 14 5 5 14 5 6 14 5 7 14 5 8 14 5 10 14 5 11 14 5 12 14 5 13 14 5 14 15 5 15 14 5 0 15 5 1 15 5 2 15 5 3 15 5 4 15 5 5 15 5 6 15 5 7 15 5 8 15 5 10 15 5 11 15 5 12 15 5 13 15 5 14 15 5 15 0 5
780 25446 1 1 1 12 5 1
781 25446 1 1 1 5 7 1
782 25708 70 14 5 0 1 5 1 2 5 3 1 5 4 1 5 5 1 5 6 1 5 8 1 5 9 1 5 10 1 5 11 1 5 12 1 5 13 1 5 14 1 5 15 1 5 0 10 5 1 10 5 3 10 5 4 10 5 5 10 5 6 10 5 8 10 5 9 10 5 10 11 5 11 10 5 12 10 5 13 10 5 14 10 5 15 10 5 0 11 5 1 11 5 3 11 5 4 11 5 5 11 5 6 11 5 8 11 5 9 11 5 10 11 5 11 12 5 12 11 5 13 11 5 14 11 5 15 11 5 0 12 5 1 12 5 3 12 5 4 12 5 5 12 5 6 12 5 8 12 5 9 12 5 10 12 5 11 12 5 12 13 5 13 12 5 14 12 5 15 12 5 0 15 5 1 15 5 3 15 5 4 15 5 5 15 5 6 15 5 8 15 5 9 15 5 10 15 5 11 15 5 12 15 5 13 15 5 14 15 5 15 0 5
783 25712 1 1 1 4 0 1
784 25719 1 1 1 3 10 1
785 25730 2 2 1 2 12 47 4 12 47
786 25739 6 2 3 9 0 49 15 0 49 9 4 49 15 4 49 9 10 49 15 10 49
787 26407 203 7 7 1 4 50 1 4 50 1 4 50 1 4 48 6 4 50 6 4 50 6 4 50 6 4 48 7 4 50 7 4 50 7 4 50 7 4 48 9 4 50 9 4 50 9 4 50 9 4 48 10 4 50 10 4 50 10 4 50 10 4 48 14 4 50 14 4 50 14 4 50 14 4 48 15 4 50 15 4 50 15 4 50 15 4 48 1 5 50 1 5 50 1 5 50 1 5 48 6 5 50 6 5 50 6 5 50 6 5 48 7 5 50 7 5 50 7 5 50 7 5 48 9 5 50 9 5 50 9 5 50 9 5 48 10 5 50 10 5 50 10 5 50 10 5 48 14 5 50 14 5 50 14 5 50 14 5 48 15 5 50 15 5 50 15 5 50 15 5 48 1 7 50 1 7 50 1 7 50 1 7 50 1 7 12 6 7 50 6 7 50 6 7 50 6 7 50 6 7 12 7 8 50 7 8 50 7 8 50 7 8 50 7 8 12 9 7 50 9 7 50 9 7 50 9 7 50 9 7 12 10 7 50 10 7 50 10 7 50 10 7 50 10 7 12 14 7 50 14 7 50 14 7 50 14 7 50 14 7 12 15 7 50 15 7 50 15 7 50 15 7 50 15 7 12 1 8 50 1 8 50 1 8 50 1 8 48 6 8 50 6 8 50 6 8 50 6 8 48 7 8 50 7 8 50 7 8 50 7 8 48 9 8 50 9 8 50 9 8 50 9 8 48 10 8 50 10 8 50 10 8 50 10 8 48 14 8 50 14 8 50 14 8 50 14 8 48 15 8 50 15 8 50 15 8 50 15 8 48 1 9 50 1 9 50 1 9 50 1 9 48 6 9 50 6 9 50 6 9 50 6 9 48 7 9 50 7 9 50 7 9 50 7 9 48 9 10 50 9 10 50 9 10 50 9 10 48 10 9 50 10 9 50 10 9 50 10 9 48 14 9 50 14 9 50 14 9 50 14 9 48 15 9 50 15 9 50 15 9 50 15 9 48 1 10 50 1 10 50 1 10 50 1 10 48 6 10 50 6 10 50 6 10 50 6 10 48 7 10 50 7 10 50 7 10 50 7 10 48 9 10 50 9 10 50 9 10 50 9 10 48 10 11 50 10 11 50 10 11 50 10 11 48 14 10 50 14 10 50 14 10 50 14 10 48 15 10 50 15 10 50 15 10 50 15 10 48 1 13 50 1 13 50 1 13 50 1 13 48 6 13 50 6 13 50 6 13 50 6 13 48 7 13 50 7 13 50 7 13 50 7 13 48 9 13 50 9 13 50 9 13 50 9 13 48 10 13 50 10 13 50 10 13 50 10 13 48 14 13 50 14 13 50 14 13 50 14 13 48 15 13 50 15 13 50 15 13 50 15 13 48
788 27056 182 13 14 0 1 40 1 0 40 2 0 40 3 0 40 4 0 40 5 0 40 7 0 40 9 0 40 10 0 40 11 0 40 13 0 40 14 0 40 15 0 40 0 1 20 1 2 20 2 1 20 3 1 20 4 1 20 5 1 20 7 1 20 9 1 20 10 1 20 11 1 20 13 1 20 14 1 20 15 1 20 0 2 20 1 2 20 2 3 20 3 2 20 4 2 20 5 2 20 7 2 20 9 2 20 10 2 20 11 2 20 13 2 20 14 2 20 15 2 20 0 3 20 1 3 20 2 3 20 3 4 20 4 3 20 5 3 20 7 3 20 9 3 20 10 3 20 11 3 20 13 3 20 14 3 20 15 3 20 0 5 20 1 5 20 2 5 20 3 5 20 4 5 20 5 6 20 7 5 20 9 5 20 10 5 20 11 5 20 13 5 20 14 5 20 15 5 20 0 6 20 1 6 20 2 6 20 3 6 20 4 6 20 5 6 20 7 6 20 9 6 20 10 6 20 11 6 20 13 6 20 14 6 20 15 6 20 0 7 23 1 7 23 2 7 23 3 7 23 4 7 23 5 7 23 7 8 23 9 7 23 10 7 23 11 7 23 13 7 23 14 7 23 15 7 23 0 8 20 1 8 20 2 8 20 3 8 20 4 8 20 5 8 20 7 8 20 9 8 20 10 8 20 11 8 20 13 8 20 14 8 20 15 8 20 0 9 20 1 9 20 2 9 20 3 9 20 4 9 20 5 9 20 7 9 20 9 10 20 10 9 20 11 9 20 13 9 20 14 9 20 15 9 20 0 10 41 1 10 41 2 10 41 3 10 41 4 10 41 5 10 41 7 10 41 9 10 41 10 11 41 11 10 41 13 10 41 14 10 41 15 10 41 0 11 20 1 11 20 2 11 20 3 11 20 4 11 20 5 11 20 7 11 20 9 11 20 10 11 20 11 12 20 13 11 20 14 11 20 15 11 20 0 12 20 1 12 20 2 12 20 3 12 20 4 12 20 5 12 20 7 12 20 9 12 20 10 12 20 11 12 20 13 12 20 14 12 20 15 12 20 0 14 20 1 14 20 2 14 20 3 14 20 4 14 20 5 14 20 7 14 20 9 14 20 10 14 20 11 14 20 13 14 20 14 15 20 15 14 20 0 15 20 1 15 20 2 15 20 3 15 20 4 15 20 5 15 20 7 15 20 9 15 20 10 15 20 11 15 20 13 15 20 14 15 20 15 0 20
789 27059 2 2 1 3 6 19 11 6 19
790 27070 1 1 1 15 3 1
791 27070 1 1 1 3 1 1
792 27080 3 3 1 8 9 1 11 8 1 14 8 1
793 27717 182 13 14 0 1 40 1 0 40 3 0 40 4 0 40 5 0 40 6 0 40 7 0 40 9 0 40 10 0 40 11 0 40 12 0 40 14 0 40 15 0 40 0 1 20 1 2 20 3 1 20 4 1 20 5 1 20 6 1 20 7 1 20 9 1 20 10 1 20 11 1 20 12 1 20 14 1 20 15 1 20 0 3 20 1 3 20 3 4 20 4 3 20 5 3 20 6 3 20 7 3 20 9 3 20 10 3 20 11 3 20 12 3 20 14 3 20 15 3 20 0 4 20 1 4 20 3 4 20 4 5 20 5 4 20 6 4 20 7 4 20 9 4 20 10 4 20 11 4 20 12 4 20 14 4 20 15 4 20 0 5 20 1 5 20 3 5 20 4 5 20 5 6 20 6 5 20 7 5 20 9 5 20 10 5 20 11 5 20 12 5 20 14 5 20 15 5 20 0 6 20 1 6 20 3 6 20 4 6 20 5 6 20 6 7 20 7 6 20 9 6 20 10 6 20 11 6 20 12 6 20 14 6 20 15 6 20 0 7 23 1 7 23 3 7 23 4 7 23 5 7 23 6 7 23 7 8 23 9 7 23 10 7 23 11 7 23 12 7 23 14 7 23 15 7 23 0 8 20 1 8 20 3 8 20 4 8 20 5 8 20 6 8 20 7 8 20 9 8 20 10 8 20 11 8 20 12 8 20 14 8 20 15 8 20 0 9 20 1 9 20 3 9 20 4 9 20 5 9 20 6 9 20 7 9 20 9 10 20 10 9 20 11 9 20 12 9 20 14 9 20 15 9 20 0 10 41 1 10 41 3 10 41 4 10 41 5 10 41 6 10 41 7 10 41 9 10 41 10 11 41 11 10 41 12 10 41 14 10 41 15 10 41 0 11 20 1 11 20 3 11 20 4 11 20 5 11 20 6 11 20 7 11 20 9 11 20 10 11 20 11 12 20 12 11 20 14 11 20 15 11 20 0 12 20 1 12 20 3 12 20 4 12 20 5 12 20 6 12 20 7 12 20 9 12 20 10 12 20 11 12 20 12 13 20 14 12 20 15 12 20 0 14 20 1 14 20 3 14 20 4 14 20 5 14 20 6 14 20 7 14 20 9 14 20 10 14 20 11 14 20 12 14 20 14 15 20 15 14 20 0 15 20 1 15 20 3 15 20 4 15 20 5 15 20 6 15 20 7 15 20 9 15 20 10 15 20 11 15 20 12 15 20 14 15 20 15 0 20
794 27725 1 1 1 4 12 1
795 27746 1 1 1 6 7 1
796 27747 1 1 1 5 12 1
797 27748 1 1 1 7 1 1
798 27755 1 1 1 6 5 1
799 27757 1 1 1 4 12 1
800 27791 14 14 1 0 4 1 1 4 1 2 4 1 3 4 1 4 5 1 5 4 1 6 4 1 8 4 1 10 4 1 11 4 1 12 4 1 13 4 1 14 4 1 15 4 1
801 27801 2 2 1 0 6 1 10 6 1
802 27807 3 3 1 5 6 1 7 6 1 10 6 1
803 27811 1 1 1 4 2 1
804 27815 1 1 1 1 0 2
805 27836 7 7 1 1 2 1 6 2 1 7 2 1 10 2 1 11 2 1 14 2 1 15 2 1
806 27873 6 2 1 8 15 50 8 15 50 8 15 23 12 15 50 12 15 50 12 15 23
807 27942 13 13 1 0 14 1 1 14 1 2 14 1 3 14 1 4 14 1 5 14 1 7 14 1 8 14 1 10 14 1 11 14 1 13 14 1 14 15 1 15 14 1
808 27942 1 1 1 3 6 1
809 27944 1 1 1 10 6 1
810 27995 14 14 1 0 2 1 1 2 1 2 3 1 3 2 1 4 2 1 5 2 1 6 2 1 7 2 1 9 2 1 10 2 1 11 2 1 12 2 1 13 2 1 15 2 1
811 28045 13 13 1 1 15 1 2 15 1 3 15 1 4 15 1 5 15 1 6 15 1 7 15 1 8 15 1 10 15 1 11 15 1 12 15 1 13 15 1 14 15 1
812 28075 13 13 1 3 4 1 4 5 1 5 4 1 6 4 1 7 4 1 8 4 1 9 4 1 10 4 1 11 4 1 12 4 1 13 4 1 14 4 1 15 4 1
813 28096 3 3 1 2 6 2 9 6 2 11 6 2
814 28117 6 3 1 2 10 50 2 10 10 4 10 50 4 10 10 8 10 50 8 10 10
815 28117 1 1 1 9 8 2
816 28129 5 5 1 2 12 6 5 12 6 7 12 6 14 12 6 15 12 6
817 28138 3 3 1 9 2 2 11 2 2 14 2 2
818 28143 2 2 1 1 12 1 7 12 1
819 28196 14 14 1 0 1 1 1 0 1 2 0 1 3 0 1 4 0 1 5 0 1 6 0 1 7 0 1 8 0 1 11 0 1 12 0 1 13 0 1 14 0 1 15 0 1
820 28959 225 15 15 0 1 26 1 0 26 2 0 26 3 0 26 4 0 26 5 0 26 6 0 26 7 0 26 9 0 26 10 0 26 11 0 26 12 0 26 13 0 26 14 0 26 15 0 26 0 1 24 1 2 24 2 1 24 3 1 24 4 1 24 5 1 24 6 1 24 7 1 24 9 1 24 10 1 24 11 1 24 12 1 24 13 1 24 14 1 24 15 1 24 0 2 24 1 2 24 2 3 24 3 2 24 4 2 24 5 2 24 6 2 24 7 2 24 9 2 24 10 2 24 11 2 24 12 2 24 13 2 24 14 2 24 15 2 24 0 3 24 1 3 24 2 3 24 3 4 24 4 3 24 5 3 24 6 3 24 7 3 24 9 3 24 10 3 24 11 3 24 12 3 24 13 3 24 14 3 24 15 3 24 0 4 24 1 4 24 2 4 24 3 4 24 4 5 24 5 4 24 6 4 24 7 4 24 9 4 24 10 4 24 11 4 24 12 4 24 13 4 24 14 4 24 15 4 24 0 5 24 1 5 24 2 5 24 3 5 24 4 5 24 5 6 24 6 5 24 7 5 24 9 5 24 10 5 24 11 5 24 12 5 24 13 5 24 14 5 24 15 5 24 0 6 26 1 6 26 2 6 26 3 6 26 4 6 26 5 6 26 6 7 26 7 6 26 9 6 26 10 6 26 11 6 26 12 6 26 13 6 26 14 6 26 15 6 26 0 7 24 1 7 24 2 7 24 3 7 24 4 7 24 5 7 24 6 7 24 7 8 24 9 7 24 10 7 24 11 7 24 12 7 24 13 7 24 14 7 24 15 7 24 0 8 24 1 8 24 2 8 24 3 8 24 4 8 24 5 8 24 6 8 24 7 8 24 9 8 24 10 8 24 11 8 24 12 8 24 13 8 24 14 8 24 15 8 24 0 9 24 1 9 24 2 9 24 3 9 24 4 9 24 5 9 24 6 9 24 7 9 24 9 10 24 10 9 24 11 9 24 12 9 24 13 9 24 14 9 24 15 9 24 0 10 24 1 10 24 2 10 24 3 10 24 4 10 24 5 10 24 6 10 24 7 10 24 9 10 24 10 11 24 11 10 24 12 10 24 13 10 24 14 10 24 15 10 24 0 11 24 1 11 24 2 11 24 3 11 24 4 11 24 5 11 24 6 11 24 7 11 24 9 11 24 10 11 24 11 12 24 12 11 24 13 11 24 14 11 24 15 11 24 0 12 24 1 12 24 2 12 24 3 12 24 4 12 24 5 12 24 6 12 24 7 12 24 9 12 24 10 12 24 11 12 24 12 13 24 13 12 24 14 12 24 15 12 24 0 13 24 1 13 24 2 13 24 3 13 24 4 13 24 5 13 24 6 13 24 7 13 24 9 13 24 10 13 24 11 13 24 12 13 24 13 14 24 14 13 24 15 13 24 0 14 47 1 14 47 2 14 47 3 14 47 4 14 47 5 14 47 6 14 47 7 14 47 9 14 47 10 14 47 11 14 47 12 14 47 13 14 47 14 15 47 15 14 47
821 29051 30 10 3 1 3 1 2 3 1 3 4 1 5 3 1 6 3 1 8 3 1 9 3 1 10 3 1 11 3 1 12 3 1 1 7 1 2 7 1 3 7 1 5 7 1 6 7 1 8 7 1 9 7 1 10 7 1 11 7 1 12 7 1 1 13 1 2 13 1 3 13 1 5 13 1 6 13 1 8 13 1 9 13 1 10 13 1 11 13 1 12 13 1
822 29055 1 1 1 2 8 1
823 29057 1 1 1 0 7 1
824 29096 7 7 1 8 2 1 9 2 1 10 2 1 11 2 1 12 2 1 13 2 1 14 2 1
825 29152 13 13 1 0 13 1 1 13 1 2 13 1 3 13 1 5 13 1 6 13 1 7 13 1 8 13 1 9 13 1 10 13 1 11 13 1 13 14 1 14 13 1
826 29188 7 7 1 0 15 1 1 15 1 2 15 1 3 15 1 7 15 1 10 15 1 12 15 1
827 29191 1 1 1 10 11 1
828 29194 1 1 1 0 13 2
829 29230 7 7 1 2 10 1 7 10 1 8 10 1 9 10 1 10 11 1 12 10 1 15 10 1
830 29252 7 7 1 4 5 1 5 6 1 8 5 1 10 5 1 12 5 1 14 5 1 15 5 1
831 29255 1 1 1 9 6 1
832 29260 2 2 1 7 13 1 12 13 1
833 29260 1 1 1 1 7 7
834 29277 7 7 1 0 13 1 3 13 1 6 13 1 10 13 1 12 13 1 13 14 1 14 13 1
835 29285 1 1 1 13 6 1
836 29347 14 14 1 0 11 1 2 11 1 3 11 1 4 11 1 5 11 1 6 11 1 7 11 1 8 11 1 9 11 1 11 12 1 12 11 1 13 11 1 14 11 1 15 11 1
837 29358 2 2 1 1 10 45 4 10 45
838 29405 10 5 2 2 7 1 6 7 1 10 7 1 12 7 1 13 7 1 2 8 1 6 8 1 10 8 1 12 8 1 13 8 1
839 29510 28 14 1 0 8 50 0 8 8 1 8 50 1 8 8 2 8 50 2 8 8 4 8 50 4 8 8 5 8 50 5 8 8 6 8 50 6 8 8 8 9 50 8 9 8 9 8 50 9 8 8 10 8 50 10 8 8 11 8 50 11 8 8 12 8 50 12 8 8 13 8 50 13 8 8 14 8 50 14 8 8 15 8 50 15 8 8
840 29513 1 1 1 2 3 1
841 29531 6 3 1 1 12 50 1 12 10 9 12 50 9 12 10 13 12 50 13 12 10
842 29532 1 1 1 14 8 1
843 29534 1 1 1 11 14 1
844 29553 6 6 1 2 11 1 7 11 1 8 11 1 10 11 1 11 12 1 12 11 1
845 29555 2 2 1 3 14 24 13 14 24
846 29557 2 2 1 5 13 2 6 13 2
847 29623 15 3 5 5 0 1 10 0 1 11 0 1 5 2 1 10 2 1 11 2 1 5 12 1 10 12 1 11 12 1 5 13 1 10 13 1 11 13 1 5 14 1 10 14 1 11 14 1
848 29633 2 2 1 7 1 21 15 1 21
849 29657 7 7 1 0 4 1 2 4 1 3 4 1 5 4 1 6 4 1 10 4 1 13 4 1
850 29692 7 7 1 0 11 1 6 11 1 8 11 1 10 11 1 11 12 1 12 11 1 13 11 1
851 29920 60 15 4 0 4 5 1 4 5 2 4 5 3 4 5 4 5 5 5 4 5 6 4 5 7 4 5 8 4 5 9 4 5 11 4 5 12 4 5 13 4 5 14 4 5 15 4 5 0 5 9 1 5 9 2 5 9 3 5 9 4 5 9 5 6 9 6 5 9 7 5 9 8 5 9 9 5 9 11 5 9 12 5 9 13 5 9 14 5 9 15 5 9 0 8 5 1 8 5 2 8 5 3 8 5 4 8 5 5 8 5 6 8 5 7 8 5 8 9 5 9 8 5 11 8 5 12 8 5 13 8 5 14 8 5 15 8 5 0 14 5 1 14 5 2 14 5 3 14 5 4 14 5 5 14 5 6 14 5 7 14 5 8 14 5 9 14 5 11 14 5 12 14 5 13 14 5 14 15 5 15 14 5
852 29921 1 1 1 13 6 1
853 29927 2 2 1 11 8 1 13 8 1
854 29945 2 2 1 0 9 1 15 9 1
855 29961 5 5 1 2 3 1 5 2 1 7 2 1 10 2 1 12 2 1
856 30780 225 15 15 0 1 8 2 0 8 3 0 8 4 0 8 5 0 8 6 0 8 7 0 8 8 0 8 9 0 8 10 0 8 11 0 8 12 0 8 13 0 8 14 0 8 15 0 8 0 1 8 2 1 8 3 1 8 4 1 8 5 1 8 6 1 8 7 1 8 8 1 8 9 1 8 10 1 8 11 1 8 12 1 8 13 1 8 14 1 8 15 1 8 0 2 8 2 3 8 3 2 8 4 2 8 5 2 8 6 2 8 7 2 8 8 2 8 9 2 8 10 2 8 11 2 8 12 2 8 13 2 8 14 2 8 15 2 8 0 3 8 2 3 8 3 4 8 4 3 8 5 3 8 6 3 8 7 3 8 8 3 8 9 3 8 10 3 8 11 3 8 12 3 8 13 3 8 14 3 8 15 3 8 0 4 8 2 4 8 3 4 8 4 5 8 5 4 8 6 4 8 7 4 8 8 4 8 9 4 8 10 4 8 11 4 8 12 4 8 13 4 8 14 4 8 15 4 8 0 5 8 2 5 8 3 5 8 4 5 8 5 6 8 6 5 8 7 5 8 8 5 8 9 5 8 10 5 8 11 5 8 12 5 8 13 5 8 14 5 8 15 5 8 0 6 8 2 6 8 3 6 8 4 6 8 5 6 8 6 7 8 7 6 8 8 6 8 9 6 8 10 6 8 11 6 8 12 6 8 13 6 8 14 6 8 15 6 8 0 7 16 2 7 16 3 7 16 4 7 16 5 7 16 6 7 16 7 8 16 8 7 16 9 7 16 10 7 16 11 7 16 12 7 16 13 7 16 14 7 16 15 7 16 0 8 8 2 8 8 3 8 8 4 8 8 5 8 8 6 8 8 7 8 8 8 9 8 9 8 8 10 8 8 11 8 8 12 8 8 13 8 8 14 8 8 15 8 8 0 9 8 2 9 8 3 9 8 4 9 8 5 9 8 6 9 8 7 9 8 8 9 8 9 10 8 10 9 8 11 9 8 12 9 8 13 9 8 14 9 8 15 9 8 0 10 9 2 10 9 3 10 9 4 10 9 5 10 9 6 10 9 7 10 9 8 10 9 9 10 9 10 11 9 11 10 9 12 10 9 13 10 9 14 10 9 15 10 9 0 11 8 2 11 8 3 11 8 4 11 8 5 11 8 6 11 8 7 11 8 8 11 8 9 11 8 10 11 8 11 12 8 12 11 8 13 11 8 14 11 8 15 11 8 0 12 8 2 12 8 3 12 8 4 12 8 5 12 8 6 12 8 7 12 8 8 12 8 9 12 8 10 12 8 11 12 8 12 13 8 13 12 8 14 12 8 15 12 8 0 14 8 2 14 8 3 14 8 4 14 8 5 14 8 6 14 8 7 14 8 8 14 8 9 14 8 10 14 8 11 14 8 12 14 8 13 14 8 14 15 8 15 14 8 0 15 8 2 15 8 3 15 8 4 15 8 5 15 8 6 15 8 7 15 8 8 15 8 9 15 8 10 15 8 11 15 8 12 15 8 13 15 8 14 15 8 15 0 8
857 30848 15 15 1 0 5 1 1 5 1 2 5 1 3 5 1 4 5 1 5 6 1 6 5 1 7 5 1 8 5 1 9 5 1 10 5 1 11 5 1 12 5 1 14 5 1 15 5 1
858 30851 1 1 1 12 15 1
859 30851 1 1 1 7 11 18
860 30853 1 1 1 6 15 1
861 30905 7 7 1 0 9 1 1 9 1 4 9 1 5 9 1 6 9 1 7 9 1 15 9 1
862 30908 2 2 1 7 2 1 12 2 1
863 30975 11 1 11 12 1 3 12 4 3 12 5 3 12 6 6 12 7 3 12 8 2 12 9 6 12 11 3 12 13 3 12 14 3 12 15 3
864 31036 14 14 1 0 3 1 1 3 1 2 3 1 3 4 1 4 3 1 5 3 1 7 3 1 8 3 1 9 3 1 10 3 1 11 3 1 13 3 1 14 3 1 15 3 1
865 31042 1 1 1 13 6 1
866 31067 3 3 1 3 7 1 5 7 1 11 7 1
867 31102 7 7 1 1 6 1 2 6 1 8 6 1 9 6 1 11 6 1 12 6 1 14 6 1
868 31107 1 1 1 3 2 1
869 31116 3 3 1 6 10 1 7 10 1 12 10 1
870 31120 1 1 1 1 6 1
871 31160 7 7 1 0 6 1 1 6 1 2 6 1 3 6 1 4 6 1 11 6 1 12 6 1
872 31165 1 1 1 11 12 1
873 31227 13 13 1 0 14 1 1 14 1 3 14 1 5 14 1 6 14 1 7 14 1 8 14 1 9 14 1 10 14 1 11 14 1 12 14 1 13 14 1 15 14 1
874 31230 2 2 1 12 14 25 14 15 25
875 31273 13 13 1 1 0 1 2 0 1 4 0 1 5 0 1 6 0 1 7 0 1 8 0 1 9 0 1 10 0 1 11 0 1 12 0 1 13 0 1 15 0 1
876 31310 10 5 2 3 7 1 5 7 1 8 7 1 11 7 1 15 7 1 3 11 1 5 11 1 8 11 1 11 12 1 15 11 1
877 31313 2 2 1 4 6 25 6 7 25
878 31338 14 14 1 1 10 1 2 10 1 3 10 1 4 10 1 5 10 1 6 10 1 7 10 1 8 10 1 9 10 1 10 11 1 12 10 1 13 10 1 14 10 1 15 10 1
879 31339 1 1 1 7 6 1
880 31413 12 12 1 1 8 1 3 8 1 5 8 1 6 8 1 8 9 1 9 8 1 10 8 1 11 8 1 12 8 1 13 8 1 14 8 1 15 8 1
881 31464 10 5 2 2 11 1 8 11 1 10 11 1 11 12 1 13 11 1 2 14 1 8 14 1 10 14 1 11 14 1 13 14 1
882 31469 1 1 1 15 0 1
883 31471 1 1 1 2 7 1
884 31497 13 1 1 5 13 50 5 13 50 5 13 50 5 13 50 5 13 50 5 13 50 5 13 50 5 13 50 5 13 50 5 13 50 5 13 50 5 13 50 5 13 38
885 31539 13 13 1 0 11 1 1 11 1 3 11 1 4 11 1 5 11 1 6 11 1 8 11 1 9 11 1 11 12 1 12 11 1 13 11 1 14 11 1 15 11 1
886 31542 1 1 1 4 10 6
887 31552 2 2 1 5 15 23 13 15 23
888 31575 7 7 1 2 11 1 4 11 1 5 11 1 9 11 1 11 12 1 12 11 1 13 11 1
889 31591 4 4 1 6 7 1 12 7 1 13 7 1 14 7 1
890 31595 2 2 1 5 7 21 7 8 21
891 31634 13 13 1 0 1 1 1 2 1 2 1 1 3 1 1 4 1 1 5 1 1 6 1 1 7 1 1 8 1 1 9 1 1 10 1 1 14 1 1 15 1 1
892 31644 6 3 1 1 6 50 1 6 13 3 6 50 3 6 13 6 7 50 6 7 13
893 31659 5 5 1 0 6 1 4 6 1 12 6 1 14 6 1 15 6 1
894 31699 11 1 11 7 0 3 7 1 3 7 3 3 7 4 6 7 6 3 7 8 2 7 9 6 7 12 3 7 13 3 7 14 3 7 15 3
895 31739 6 3 1 6 11 50 6 11 10 7 11 50 7 11 10 8 11 50 8 11 10
896 31750 4 4 1 2 3 1 3 2 1 6 2 1 10 2 1
897 31766 7 7 1 2 3 1 4 2 1 5 2 1 7 2 1 8 2 1 12 2 1 13 2 1
898 31814 15 3 5 9 1 1 13 1 1 15 1 1 9 6 1 13 6 1 15 6 1 9 10 1 13 10 1 15 10 1 9 12 1 13 12 1 15 12 1 9 13 1 13 14 1 15 13 1
899 31841 7 7 1 0 9 1 1 9 1 2 9 1 4 9 1 7 9 1 11 9 1 13 9 1
900 31879 14 14 1 0 11 1 1 11 1 3 11 1 4 11 1 5 11 1 7 11 1 8 11 1 9 11 1 10 11 1 11 12 1 12 11 1 13 11 1 14 11 1 15 11 1
901 31892 7 7 1 1 4 1 5 4 1 7 4 1 11 4 1 12 4 1 13 4 1 15 4 1
902 31917 14 14 1 0 5 1 1 5 1 2 5 1 3 5 1 6 5 1 7 5 1 8 5 1 9 5 1 10 5 1 11 5 1 12 5 1 13 5 1 14 5 1 15 5 1
903 31922 1 1 1 13 11 1
904 31953 7 7 1 1 2 1 2 1 1 3 1 1 4 1 1 6 1 1 12 1 1 14 1 1
905 31989 13 13 1 0 2 1 1 2 1 2 3 1 3 2 1 4 2 1 6 2 1 7 2 1 8 2 1 9 2 1 10 2 1 13 2 1 14 2 1 15 2 1
906 31990 2 2 1 4 13 22 8 13 22
907 31998 1 1 1 12 11 1
908 32024 6 3 1 1 2 50 1 2 10 3 2 50 3 2 10 12 2 50 12 2 10
909 32854 203 7 7 2 0 50 2 0 50 2 0 50 2 0 48 5 0 50 5 0 50 5 0 50 5 0 48 6 0 50 6 0 50 6 0 50 6 0 48 7 0 50 7 0 50 7 0 50 7 0 48 10 0 50 10 0 50 10 0 50 10 0 48 13 0 50 13 0 50 13 0 50 13 0 48 15 0 50 15 0 50 15 0 50 15 0 48 2 1 50 2 1 50 2 1 50 2 1 48 5 1 50 5 1 50 5 1 50 5 1 48 6 1 50 6 1 50 6 1 50 6 1 48 7 1 50 7 1 50 7 1 50 7 1 48 10 1 50 10 1 50 10 1 50 10 1 48 13 1 50 13 1 50 13 1 50 13 1 48 15 1 50 15 1 50 15 1 50 15 1 48 2 4 50 2 4 50 2 4 50 2 4 50 2 4 12 5 4 50 5 4 50 5 4 50 5 4 50 5 4 12 6 4 50 6 4 50 6 4 50 6 4 50 6 4 12 7 4 50 7 4 50 7 4 50 7 4 50 7 4 12 10 4 50 10 4 50 10 4 50 10 4 50 10 4 12 13 4 50 13 4 50 13 4 50 13 4 50 13 4 12 15 4 50 15 4 50 15 4 50 15 4 50 15 4 12 2 8 50 2 8 50 2 8 50 2 8 48 5 8 50 5 8 50 5 8 50 5 8 48 6 8 50 6 8 50 6 8 50 6 8 48 7 8 50 7 8 50 7 8 50 7 8 48 10 8 50 10 8 50 10 8 50 10 8 48 13 8 50 13 8 50 13 8 50 13 8 48 15 8 50 15 8 50 15 8 50 15 8 48 2 9 50 2 9 50 2 9 50 2 9 48 5 9 50 5 9 50 5 9 50 5 9 48 6 9 50 6 9 50 6 9 50 6 9 48 7 9 50 7 9 50 7 9 50 7 9 48 10 9 50 10 9 50 10 9 50 10 9 48 13 9 50 13 9 50 13 9 50 13 9 48 15 9 50 15 9 50 15 9 50 15 9 48 2 12 50 2 12 50 2 12 50 2 12 48 5 12 50 5 12 50 5 12 50 5 12 48 6 12 50 6 12 50 6 12 50 6 12 48 7 12 50 7 12 50 7 12 50 7 12 48 10 12 50 10 12 50 10 12 50 10 12 48 13 12 50 13 12 50 13 12 50 13 12 48 15 12 50 15 12 50 15 12 50 15 12 48 2 13 50 2 13 50 2 13 50 2 13 48 5 13 50 5 13 50 5 13 50 5 13 48 6 13 50 6 13 50 6 13 50 6 13 48 7 13 50 7 13 50 7 13 50 7 13 48 10 13 50 10 13 50 10 13 50 10 13 48 13 14 50 13 14 50 13 14 50 13 14 48 15 13 50 15 13 50 15 13 50 15 13 48
910 32864 3 3 1 0 3 2 3 4 2 8 3 2
911 32892 5 5 1 0 1 1 3 1 1 12 1 1 13 1 1 15 1 1
912 32916 6 2 1 5 1 50 5 1 50 5 1 23 13 1 50 13 1 50 13 1 23
913 33588 210 6 7 2 0 50 2 0 50 2 0 50 2 0 50 2 0 46 3 0 50 3 0 50 3 0 50 3 0 50 3 0 46 6 0 50 6 0 50 6 0 50 6 0 50 6 0 46 7 0 50 7 0 50 7 0 50 7 0 50 7 0 46 8 0 50 8 0 50 8 0 50 8 0 50 8 0 46 15 0 50 15 0 50 15 0 50 15 0 50 15 0 46 2 3 50 2 3 50 2 3 50 2 3 50 2 3 46 3 2 50 3 2 50 3 2 50 3 2 50 3 2 46 6 2 50 6 2 50 6 2 50 6 2 50 6 2 46 7 2 50 7 2 50 7 2 50 7 2 50 7 2 46 8 2 50 8 2 50 8 2 50 8 2 50 8 2 46 15 2 50 15 2 50 15 2 50 15 2 50 15 2 46 2 6 50 2 6 50 2 6 50 2 6 50 2 6 46 3 6 50 3 6 50 3 6 50 3 6 50 3 6 46 6 7 50 6 7 50 6 7 50 6 7 50 6 7 46 7 6 50 7 6 50 7 6 50 7 6 50 7 6 46 8 6 50 8 6 50 8 6 50 8 6 50 8 6 46 15 6 50 15 6 50 15 6 50 15 6 50 15 6 46 2 7 50 2 7 50 2 7 50 2 7 50 2 7 46 3 7 50 3 7 50 3 7 50 3 7 50 3 7 46 6 7 50 6 7 50 6 7 50 6 7 50 6 7 46 7 8 50 7 8 50 7 8 50 7 8 50 7 8 46 8 7 50 8 7 50 8 7 50 8 7 50 8 7 46 15 7 50 15 7 50 15 7 50 15 7 50 15 7 46 2 9 50 2 9 50 2 9 50 2 9 50 2 9 46 3 9 50 3 9 50 3 9 50 3 9 50 3 9 46 6 9 50 6 9 50 6 9 50 6 9 50 6 9 46 7 9 50 7 9 50 7 9 50 7 9 50 7 9 46 8 9 50 8 9 50 8 9 50 8 9 50 8 9 46 15 9 50 15 9 50 15 9 50 15 9 50 15 9 46 2 10 50 2 10 50 2 10 50 2 10 50 2 10 47 3 10 50 3 10 50 3 10 50 3 10 50 3 10 47 6 10 50 6 10 50 6 10 50 6 10 50 6 10 47 7 10 50 7 10 50 7 10 50 7 10 50 7 10 47 8 10 50 8 10 50 8 10 50 8 10 50 8 10 47 15 10 50 15 10 50 15 10 50 15 10 50 15 10 47 2 11 50 2 11 50 2 11 50 2 11 50 2 11 47 3 11 50 3 11 50 3 11 50 3 11 50 3 11 47 6 11 50 6 11 50 6 11 50 6 11 50 6 11 47 7 11 50 7 11 50 7 11 50 7 11 50 7 11 47 8 11 50 8 11 50 8 11 50 8 11 50 8 11 47 15 11 50 15 11 50 15 11 50 15 11 50 15 11 47
914 33589 1 1 1 13 6 1
915 33592 1 1 1 12 1 1
916 33593 1 1 1 6 13 1
917 33619 7 7 1 1 0 1 3 0 1 6 0 1 8 0 1 12 0 1 13 0 1 15 0 1
918 33620 1 1 1 6 4 1
919 33629 5 5 1 3 5 6 5 6 6 7 5 6 10 5 6 13 5 6
920 33637 1 1 1 15 2 1
921 33638 1 1 1 0 10 1
922 33644 2 2 1 2 1 25 10 1 25
923 33671 10 5 2 1 6 47 3 6 47 10 6 47 11 6 47 12 6 47 1 7 47 3 7 47 10 7 47 11 7 47 12 7 47
924 33677 2 2 1 0 8 24 4 8 24
925 33706 7 7 1 1 9 1 4 9 1 6 9 1 8 9 1 12 9 1 14 9 1 15 9 1
926 33731 8 8 1 0 11 1 1 11 1 4 11 1 7 11 1 8 11 1 12 11 1 13 11 1 15 11 1
927 33737 1 1 1 11 15 1
928 33739 1 1 1 7 13 1
929 33766 7 7 1 3 1 1 5 1 1 7 1 1 8 1 1 9 1 1 14 1 1 15 1 1
930 33775 2 2 1 3 13 1 14 13 1
931 34022 60 10 3 1 3 50 1 3 21 2 3 50 2 3 21 5 3 50 5 3 21 6 3 50 6 3 21 7 3 50 7 3 21 8 3 50 8 3 21 9 3 50 9 3 21 11 3 50 11 3 21 13 3 50 13 3 21 15 3 50 15 3 21 1 11 50 1 11 21 2 11 50 2 11 21 5 11 50 5 11 21 6 11 50 6 11 21 7 11 50 7 11 21 8 11 50 8 11 21 9 11 50 9 11 21 11 12 50 11 12 21 13 11 50 13 11 21 15 11 50 15 11 21 1 15 50 1 15 8 2 15 50 2 15 8 5 15 50 5 15 8 6 15 50 6 15 8 7 15 50 7 15 8 8 15 50 8 15 8 9 15 50 9 15 8 11 15 50 11 15 8 13 15 50 13 15 8 15 0 50 15 0 8
932 34025 1 1 1 6 1 1
933 34037 3 3 1 2 7 2 9 7 2 14 7 2
934 34039 1 1 1 4 15 1
935 34046 3 3 1 2 3 2 8 3 2 15 3 2
936 34048 1 1 1 12 1 1
937 34065 7 7 1 3 4 1 6 3 1 7 3 1 8 3 1 9 3 1 10 3 1 15 3 1
938 34065 1 1 1 6 5 1
939 34121 13 13 1 0 12 1 2 12 1 3 12 1 4 12 1 5 12 1 6 12 1 7 12 1 8 12 1 9 12 1 10 12 1 11 12 1 14 12 1 15 12 1
940 34148 7 7 1 1 14 1 2 14 1 5 14 1 8 14 1 11 14 1 12 14 1 15 14 1
941 34149 1 1 1 7 14 7
942 34156 2 2 1 2 12 31 5 12 31
943 34159 1 1 1 9 11 1
944 34161 1 1 1 10 4 1
945 34172 2 2 1 9 10 45 11 10 45
946 34178 3 3 1 4 5 2 11 4 2 15 4 2
947 34211 7 7 1 1 8 1 3 8 1 6 8 1 7 8 1 9 8 1 11 8 1 15 8 1
948 34214 1 1 1 9 4 1
949 34221 2 2 1 0 12 45 13 12 45
950 34223 2 2 1 0 13 41 8 13 41
951 34237 7 7 1 0 10 1 3 10 1 4 10 1 8 10 1 10 11 1 14 10 1 15 10 1
952 34238 1 1 1 4 6 1
953 34256 7 7 1 0 8 1 2 8 1 3 8 1 5 8 1 8 9 1 10 8 1 15 8 1
954 34474 60 10 3 2 1 50 2 1 21 3 1 50 3 1 21 4 1 50 4 1 21 5 1 50 5 1 21 6 1 50 6 1 21 8 1 50 8 1 21 9 1 50 9 1 21 12 1 50 12 1 21 14 1 50 14 1 21 15 1 50 15 1 21 2 6 50 2 6 21 3 6 50 3 6 21 4 6 50 4 6 21 5 6 50 5 6 21 6 7 50 6 7 21 8 6 50 8 6 21 9 6 50 9 6 21 12 6 50 12 6 21 14 6 50 14 6 21 15 6 50 15 6 21 2 15 50 2 15 8 3 15 50 3 15 8 4 15 50 4 15 8 5 15 50 5 15 8 6 15 50 6 15 8 8 15 50 8 15 8 9 15 50 9 15 8 12 15 50 12 15 8 14 15 50 14 15 8 15 0 50 15 0 8
955 34474 1 1 1 14 11 1
956 34477 1 1 1 7 6 1
957 34478 1 1 1 0 1 7
958 34480 1 1 1 1 11 1
959 34518 12 6 2 0 6 1 1 6 1 4 6 1 8 6 1 14 6 1 15 6 1 0 9 1 1 9 1 4 9 1 8 9 1 14 9 1 15 9 1
960 34521 1 1 1 9 7 1
961 34531 6 2 1 1 3 50 1 3 50 1 3 38 13 3 50 13 3 50 13 3 38
962 34538 1 1 1 6 10 1
963 34567 7 7 1 0 6 1 7 6 1 9 6 1 10 6 1 11 6 1 12 6 1 13 6 1
964 34598 14 14 1 0 10 1 1 10 1 2 10 1 3 10 1 4 10 1 5 10 1 6 10 1 8 10 1 9 10 1 10 11 1 12 10 1 13 10 1 14 10 1 15 10 1
965 34599 1 1 1 3 7 1
966 34622 10 5 2 1 0 1 7 0 1 10 0 1 12 0 1 13 0 1 1 4 1 7 4 1 10 4 1 12 4 1 13 4 1
967 34932 75 15 5 0 3 4 1 3 4 2 3 4 3 4 4 4 3 4 5 3 4 6 3 4 7 3 4 8 3 4 9 3 4 10 3 4 12 3 4 13 3 4 14 3 4 15 3 4 0 9 4 1 9 4 2 9 4 3 9 4 4 9 4 5 9 4 6 9 4 7 9 4 8 9 4 9 10 4 10 9 4 12 9 4 13 9 4 14 9 4 15 9 4 0 10 4 1 10 4 2 10 4 3 10 4 4 10 4 5 10 4 6 10 4 7 10 4 8 10 4 9 10 4 10 11 4 12 10 4 13 10 4 14 10 4 15 10 4 0 11 4 1 11 4 2 11 4 3 11 4 4 11 4 5 11 4 6 11 4 7 11 4 8 11 4 9 11 4 10 11 4 12 11 4 13 11 4 14 11 4 15 11 4 0 15 4 1 15 4 2 15 4 3 15 4 4 15 4 5 15 4 6 15 4 7 15 4 8 15 4 9 15 4 10 15 4 12 15 4 13 15 4 14 15 4 15 0 4
968 34976 10 5 2 5 8 1 7 8 1 9 8 1 10 8 1 15 8 1 5 14 1 7 14 1 9 14 1 10 14 1 15 14 1
969 34976 1 1 1 6 12 1
970 34977 1 1 1 8 0 1
971 34978 1 1 1 1 7 2
972 34992 7 7 1 2 3 1 5 2 1 7 2 1 9 2 1 12 2 1 13 2 1 15 2 1
973 35049 14 14 1 0 1 1 1 0 1 2 0 1 3 0 1 4 0 1 6 0 1 7 0 1 8 0 1 9 0 1 10 0 1 11 0 1 13 0 1 14 0 1 15 0 1
974 35060 1 1 1 12 1 1
975 35062 1 1 1 14 3 1
976 35114 13 13 1 0 11 1 1 11 1 3 11 1 5 11 1 6 11 1 7 11 1 8 11 1 10 11 1 11 12 1 12 11 1 13 11 1 14 11 1 15 11 1
977 35122 1 1 1 7 2 1
978 35122 1 1 1 1 4 1
979 35175 13 13 1 0 9 1 1 9 1 2 9 1 5 9 1 6 9 1 7 9 1 8 9 1 10 9 1 11 9 1 12 9 1 13 9 1 14 9 1 15 9 1
980 35178 1 1 1 5 1 1
981 35224 13 13 1 0 4 1 2 4 1 3 4 1 4 5 1 5 4 1 6 4 1 7 4 1 9 4 1 11 4 1 12 4 1 13 4 1 14 4 1 15 4 1
982 35233 2 2 1 8 3 1 14 3 1
983 35260 5 5 1 2 8 1 4 8 1 6 8 1 10 8 1 14 8 1
984 35316 15 15 1 0 1 1 1 0 1 2 0 1 3 0 1 4 0 1 5 0 1 6 0 1 7 0 1 8 0 1 9 0 1 11 0 1 12 0 1 13 0 1 14 0 1 15 0 1
985 35331 3 3 1 4 6 1 5 6 1 6 7 1
986 35333 2 1 1 5 10 50 5 10 9
987 35351 7 7 1 2 3 1 8 2 1 9 2 1 11 2 1 12 2 1 14 2 1 15 2 1
988 35365 6 3 1 0 11 50 0 11 10 13 11 50 13 11 10 14 11 50 14 11 10
989 35389 7 7 1 3 12 1 5 12 1 7 12 1 8 12 1 10 12 1 11 12 1 12 13 1
990 35399 3 3 1 8 0 2 10 0 2 15 0 2
991 35424 7 7 1 0 8 1 1 8 1 2 8 1 5 8 1 8 9 1 9 8 1 11 8 1
992 35426 1 1 1 12 9 1
993 35448 4 2 1 8 9 50 8 9 2 9 8 50 9 8 2
994 35452 2 2 1 10 9 1 14 9 1
995 35664 60 4 15 0 1 2 4 0 2 13 0 2 15 0 2 0 1 2 4 1 2 13 1 2 15 1 2 0 2 2 4 2 2 13 2 2 15 2 2 0 3 2 4 3 2 13 3 2 15 3 2 0 4 2 4 5 2 13 4 2 15 4 2 0 5 5 4 5 5 13 5 5 15 5 5 0 7 3 4 7 3 13 7 3 15 7 3 0 8 2 4 8 2 13 8 2 15 8 2 0 9 2 4 9 2 13 9 2 15 9 2 0 10 2 4 10 2 13 10 2 15 10 2 0 11 2 4 11 2 13 11 2 15 11 2 0 12 2 4 12 2 13 12 2 15 12 2 0 13 2 4 13 2 13 14 2 15 13 2 0 14 2 4 14 2 13 14 2 15 14 2 0 15 2 4 15 2 13 15 2 15 0 2
996 36422 210 6 7 2 0 50 2 0 50 2 0 50 2 0 50 2 0 46 3 0 50 3 0 50 3 0 50 3 0 50 3 0 46 5 0 50 5 0 50 5 0 50 5 0 50 5 0 46 6 0 50 6 0 50 6 0 50 6 0 50 6 0 46 7 0 50 7 0 50 7 0 50 7 0 50 7 0 46 11 0 50 11 0 50 11 0 50 11 0 50 11 0 46 2 4 50 2 4 50 2 4 50 2 4 50 2 4 46 3 4 50 3 4 50 3 4 50 3 4 50 3 4 46 5 4 50 5 4 50 5 4 50 5 4 50 5 4 46 6 4 50 6 4 50 6 4 50 6 4 50 6 4 46 7 4 50 7 4 50 7 4 50 7 4 50 7 4 46 11 4 50 11 4 50 11 4 50 11 4 50 11 4 46 2 6 50 2 6 50 2 6 50 2 6 50 2 6 46 3 6 50 3 6 50 3 6 50 3 6 50 3 6 46 5 6 50 5 6 50 5 6 50 5 6 50 5 6 46 6 7 50 6 7 50 6 7 50 6 7 50 6 7 46 7 6 50 7 6 50 7 6 50 7 6 50 7 6 46 11 6 50 11 6 50 11 6 50 11 6 50 11 6 46 2 7 50 2 7 50 2 7 50 2 7 50 2 7 46 3 7 50 3 7 50 3 7 50 3 7 50 3 7 46 5 7 50 5 7 50 5 7 50 5 7 50 5 7 46 6 7 50 6 7 50 6 7 50 6 7 50 6 7 46 7 8 50 7 8 50 7 8 50 7 8 50 7 8 46 11 7 50 11 7 50 11 7 50 11 7 50 11 7 46 2 8 50 2 8 50 2 8 50 2 8 50 2 8 46 3 8 50 3 8 50 3 8 50 3 8 50 3 8 46 5 8 50 5 8 50 5 8 50 5 8 50 5 8 46 6 8 50 6 8 50 6 8 50 6 8 50 6 8 46 7 8 50 7 8 50 7 8 50 7 8 50 7 8 46 11 8 50 11 8 50 11 8 50 11 8 50 11 8 46 2 10 50 2 10 50 2 10 50 2 10 50 2 10 47 3 10 50 3 10 50 3 10 50 3 10 50 3 10 47 5 10 50 5 10 50 5 10 50 5 10 50 5 10 47 6 10 50 6 10 50 6 10 50 6 10 50 6 10 47 7 10 50 7 10 50 7 10 50 7 10 50 7 10 47 11 10 50 11 10 50 11 10 50 11 10 50 11 10 47 2 15 50 2 15 50 2 15 50 2 15 50 2 15 47 3 15 50 3 15 50 3 15 50 3 15 50 3 15 47 5 15 50 5 15 50 5 15 50 5 15 50 5 15 47 6 15 50 6 15 50 6 15 50 6 15 50 6 15 47 7 15 50 7 15 50 7 15 50 7 15 50 7 15 47 11 15 50 11 15 50 11 15 50 11 15 50 11 15 47
997 36444 6 6 1 0 5 1 1 5 1 2 5 1 4 5 1 6 5 1 8 5 1
998 36469 7 7 1 1 6 1 3 6 1 7 6 1 11 6 1 12 6 1 13 6 1 15 6 1
999 36528 13 13 1 0 14 1 1 14 1 2 14 1 3 14 1 4 14 1 5 14 1 8 14 1 9 14 1 10 14 1 11 14 1 12 14 1 13 14 1 15 14 1
