16 1000
0 20 10 5 2 2 0 1 3 0 1 6 0 1 8 0 1 11 0 1 2 15 1 3 15 1 6 15 1 8 15 1 11 15 1
1 36 12 12 1 1 13 1 4 13 1 5 13 1 6 13 1 7 13 1 8 13 1 9 13 1 10 13 1 11 13 1 12 13 1 14 13 1 15 13 1
2 41 2 2 1 0 3 46 13 3 46
3 72 7 7 1 0 12 1 2 12 1 3 12 1 5 12 1 6 12 1 9 12 1 11 12 1
4 86 10 5 2 4 13 1 8 13 1 9 13 1 13 14 1 15 13 1 4 15 1 8 15 1 9 15 1 13 15 1 15 0 1
5 91 2 2 1 12 7 24 14 7 24
6 106 10 5 2 0 8 1 5 8 1 11 8 1 14 8 1 15 8 1 0 12 1 5 12 1 11 12 1 14 12 1 15 12 1
7 108 4 4 1 0 6 8 2 6 8 9 6 8 10 6 8
8 108 1 1 1 3 11 1
9 117 4 4 1 0 13 8 3 13 8 14 13 8 15 13 8
10 118 1 1 1 3 10 1
11 124 7 7 1 0 2 1 2 3 1 3 2 1 4 2 1 9 2 1 12 2 1 15 2 1
12 128 2 2 1 9 4 1 12 4 1
13 147 6 2 1 14 12 50 14 12 50 14 12 11 15 12 50 15 12 50 15 12 11
14 165 7 7 1 1 12 1 3 12 1 4 12 1 5 12 1 9 12 1 11 12 1 14 12 1
15 167 1 1 1 8 2 1
16 177 2 2 1 1 4 1 15 4 1
17 230 14 14 1 0 3 1 1 3 1 2 3 1 3 4 1 4 3 1 5 3 1 6 3 1 7 3 1 9 3 1 10 3 1 12 3 1 13 3 1 14 3 1 15 3 1
18 723 210 6 7 2 0 50 2 0 50 2 0 50 2 0 50 2 0 46 4 0 50 4 0 50 4 0 50 4 0 50 4 0 46 5 0 50 5 0 50 5 0 50 5 0 50 5 0 46 12 0 50 12 0 50 12 0 50 12 0 50 12 0 46 13 0 50 13 0 50 13 0 50 13 0 50 13 0 46 14 0 50 14 0 50 14 0 50 14 0 50 14 0 46 2 3 50 2 3 50 2 3 50 2 3 50 2 3 46 4 2 50 4 2 50 4 2 50 4 2 50 4 2 46 5 2 50 5 2 50 5 2 50 5 2 50 5 2 46 12 2 50 12 2 50 12 2 50 12 2 50 12 2 46 13 2 50 13 2 50 13 2 50 13 2 50 13 2 46 14 2 50 14 2 50 14 2 50 14 2 50 14 2 46 2 4 50 2 4 50 2 4 50 2 4 50 2 4 46 4 5 50 4 5 50 4 5 50 4 5 50 4 5 46 5 4 50 5 4 50 5 4 50 5 4 50 5 4 46 12 4 50 12 4 50 12 4 50 12 4 50 12 4 46 13 4 50 13 4 50 13 4 50 13 4 50 13 4 46 14 4 50 14 4 50 14 4 50 14 4 50 14 4 46 2 6 50 2 6 50 2 6 50 2 6 50 2 6 46 4 6 50 4 6 50 4 6 50 4 6 50 4 6 46 5 6 50 5 6 50 5 6 50 5 6 50 5 6 46 12 6 50 12 6 50 12 6 50 12 6 50 12 6 46 13 6 50 13 6 50 13 6 50 13 6 50 13 6 46 14 6 50 14 6 50 14 6 50 14 6 50 14 6 46 2 9 50 2 9 50 2 9 50 2 9 50 2 9 46 4 9 50 4 9 50 4 9 50 4 9 50 4 9 46 5 9 50 5 9 50 5 9 50 5 9 50 5 9 46 12 9 50 12 9 50 12 9 50 12 9 50 12 9 46 13 9 50 13 9 50 13 9 50 13 9 50 13 9 46 14 9 50 14 9 50 14 9 50 14 9 50 14 9 46 2 11 50 2 11 50 2 11 50 2 11 50 2 11 47 4 11 50 4 11 50 4 11 50 4 11 50 4 11 47 5 11 50 5 11 50 5 11 50 5 11 50 5 11 47 12 11 50 12 11 50 12 11 50 12 11 50 12 11 47 13 11 50 13 11 50 13 11 50 13 11 50 13 11 47 14 11 50 14 11 50 14 11 50 14 11 50 14 11 47 2 13 50 2 13 50 2 13 50 2 13 50 2 13 47 4 13 50 4 13 50 4 13 50 4 13 50 4 13 47 5 13 50 5 13 50 5 13 50 5 13 50 5 13 47 12 13 50 12 13 50 12 13 50 12 13 50 12 13 47 13 14 50 13 14 50 13 14 50 13 14 50 13 14 47 14 13 50 14 13 50 14 13 50 14 13 50 14 13 47
19 748 11 1 11 13 0 3 13 1 3 13 2 3 13 3 6 13 4 3 13 5 2 13 9 6 13 10 3 13 12 3 13 14 3 13 15 3
20 750 1 1 1 1 13 1
21 754 3 3 1 5 10 1 7 10 1 12 10 1
22 763 6 3 1 3 8 50 3 8 12 13 8 50 13 8 12 14 8 50 14 8 12
23 769 7 7 1 1 14 1 2 14 1 6 14 1 10 14 1 11 14 1 12 14 1 13 14 1
24 776 4 4 1 5 4 1 9 4 1 10 4 1 11 4 1
25 790 4 4 1 1 14 1 8 14 1 9 14 1 15 14 1
26 791 1 1 1 4 1 1
27 814 11 1 11 3 0 3 3 1 3 3 2 3 3 4 6 3 6 3 3 8 2 3 9 6 3 11 3 3 12 3 3 13 3 3 15 3
28 815 1 1 1 1 0 1
29 823 2 2 1 4 15 2 8 15 2
30 839 10 5 2 0 2 1 5 2 1 7 2 1 12 2 1 13 2 1 0 4 1 5 4 1 7 4 1 12 4 1 13 4 1
31 840 1 1 1 3 14 1
32 842 1 1 1 14 5 1
33 842 1 1 1 11 0 1
34 856 7 7 1 1 5 1 2 5 1 4 5 1 5 6 1 8 5 1 10 5 1 14 5 1
35 865 2 2 1 3 6 25 15 6 25
36 903 13 13 1 1 6 1 2 6 1 4 6 1 5 6 1 6 7 1 8 6 1 9 6 1 10 6 1 11 6 1 12 6 1 13 6 1 14 6 1 15 6 1
37 905 1 1 1 3 14 3
38 905 1 1 1 9 5 1
39 921 15 3 5 2 0 1 12 0 1 14 0 1 2 5 1 12 5 1 14 5 1 2 7 1 12 7 1 14 7 1 2 11 1 12 11 1 14 11 1 2 13 1 12 13 1 14 13 1
40 958 10 5 2 0 4 1 6 4 1 8 4 1 11 4 1 13 4 1 0 8 1 6 8 1 8 9 1 11 8 1 13 8 1
41 1033 24 8 3 2 5 29 6 5 29 7 5 29 8 5 29 10 5 29 11 5 29 12 5 29 14 5 29 2 10 26 6 10 26 7 10 26 8 10 26 10 11 26 11 10 26 12 10 26 14 10 26 2 14 26 6 14 26 7 14 26 8 14 26 10 14 26 11 14 26 12 14 26 14 15 26
42 1034 3 3 1 2 3 1 9 3 1 13 3 1
43 1042 4 4 1 5 6 1 9 6 1 10 6 1 13 6 1
44 1054 7 7 1 2 3 1 4 3 1 5 3 1 10 3 1 11 3 1 13 3 1 15 3 1
45 1065 7 7 1 3 10 1 7 10 1 9 10 1 11 10 1 12 10 1 13 10 1 14 10 1
46 1114 15 15 1 0 3 1 1 3 1 2 3 1 3 4 1 4 3 1 6 3 1 7 3 1 8 3 1 9 3 1 10 3 1 11 3 1 12 3 1 13 3 1 14 3 1 15 3 1
47 1117 1 1 1 13 2 1
48 1120 3 3 1 2 4 9 3 4 9 13 4 9
49 1142 14 14 1 0 12 1 1 12 1 2 12 1 3 12 1 5 12 1 6 12 1 7 12 1 8 12 1 9 12 1 10 12 1 11 12 1 13 12 1 14 12 1 15 12 1
50 1161 13 13 1 0 10 1 1 10 1 3 10 1 4 10 1 5 10 1 6 10 1 7 10 1 8 10 1 9 10 1 10 11 1 12 10 1 14 10 1 15 10 1
51 1165 2 2 1 6 11 22 8 11 22
52 1192 15 3 5 0 3 1 5 3 1 9 3 1 0 8 1 5 8 1 9 8 1 0 9 1 5 9 1 9 10 1 0 13 1 5 13 1 9 13 1 0 14 1 5 14 1 9 14 1
53 1194 3 3 1 7 4 2 8 4 2 12 4 2
54 1196 1 1 1 11 3 1
55 1388 75 15 5 0 1 4 1 2 4 2 1 4 3 1 4 4 1 4 5 1 4 6 1 4 7 1 4 8 1 4 9 1 4 10 1 4 11 1 4 13 1 4 14 1 4 15 1 4 0 2 4 1 2 4 2 3 4 3 2 4 4 2 4 5 2 4 6 2 4 7 2 4 8 2 4 9 2 4 10 2 4 11 2 4 13 2 4 14 2 4 15 2 4 0 4 4 1 4 4 2 4 4 3 4 4 4 5 4 5 4 4 6 4 4 7 4 4 8 4 4 9 4 4 10 4 4 11 4 4 13 4 4 14 4 4 15 4 4 0 6 4 1 6 4 2 6 4 3 6 4 4 6 4 5 6 4 6 7 4 7 6 4 8 6 4 9 6 4 10 6 4 11 6 4 13 6 4 14 6 4 15 6 4 0 14 4 1 14 4 2 14 4 3 14 4 4 14 4 5 14 4 6 14 4 7 14 4 8 14 4 9 14 4 10 14 4 11 14 4 13 14 4 14 15 4 15 14 4
56 1422 14 7 2 0 4 2 1 4 2 2 4 2 4 5 2 9 4 2 13 4 2 14 4 2 0 11 2 1 11 2 2 11 2 4 11 2 9 11 2 13 11 2 14 11 2
57 1424 1 1 1 1 0 1
58 1426 1 1 1 7 11 1
59 1454 12 12 1 0 8 1 1 8 1 2 8 1 3 8 1 4 8 1 5 8 1 6 8 1 7 8 1 8 9 1 9 8 1 13 8 1 14 8 1
60 1456 2 2 1 5 11 46 6 11 46
61 1456 1 1 1 12 10 1
62 1456 1 1 1 7 11 1
63 1496 12 12 1 0 12 1 1 12 1 3 12 1 4 12 1 5 12 1 9 12 1 10 12 1 11 12 1 12 13 1 13 12 1 14 12 1 15 12 1
64 1532 10 5 2 7 1 1 10 1 1 13 1 1 14 1 1 15 1 1 7 9 1 10 9 1 13 9 1 14 9 1 15 9 1
65 1538 2 2 1 0 2 21 10 2 21
66 1559 12 6 2 1 0 1 5 0 1 6 0 1 10 0 1 14 0 1 15 0 1 1 10 1 5 10 1 6 10 1 10 11 1 14 10 1 15 10 1
67 1559 1 1 1 7 8 1
68 1564 3 3 1 4 13 1 7 13 1 15 13 1
69 1588 13 13 1 0 10 1 1 10 1 2 10 1 3 10 1 4 10 1 6 10 1 7 10 1 8 10 1 11 10 1 12 10 1 13 10 1 14 10 1 15 10 1
70 1592 1 1 1 0 7 1
71 1630 13 13 1 0 11 1 2 11 1 3 11 1 5 11 1 6 11 1 7 11 1 8 11 1 9 11 1 10 11 1 12 11 1 13 11 1 14 11 1 15 11 1
72 1632 1 1 1 1 14 1
73 1638 4 4 1 4 8 1 6 8 1 11 8 1 12 8 1
74 1679 15 15 1 0 5 1 1 5 1 2 5 1 3 5 1 5 6 1 6 5 1 7 5 1 8 5 1 9 5 1 10 5 1 11 5 1 12 5 1 13 5 1 14 5 1 15 5 1
75 1681 1 1 1 14 12 1
76 1688 2 2 1 6 0 1 15 0 1
77 1698 4 2 1 1 5 50 1 5 26 5 6 50 5 6 26
78 1703 1 1 1 1 14 1
79 1703 1 1 1 0 7 1
80 1708 1 1 1 10 13 1
81 1713 3 3 1 3 5 2 7 5 2 14 5 2
82 1761 15 15 1 0 13 1 1 13 1 2 13 1 3 13 1 4 13 1 5 13 1 6 13 1 7 13 1 8 13 1 9 13 1 10 13 1 11 13 1 12 13 1 13 14 1 15 13 1
83 1795 13 13 1 0 3 1 1 3 1 2 3 1 4 3 1 6 3 1 7 3 1 8 3 1 9 3 1 10 3 1 12 3 1 13 3 1 14 3 1 15 3 1
84 1807 4 4 1 6 0 1 8 0 1 9 0 1 11 0 1
85 1814 3 3 1 2 15 1 3 15 1 14 15 1
86 1816 1 1 1 1 4 1
87 1819 2 2 1 4 9 1 8 9 1
88 1827 4 4 1 3 1 1 9 1 1 11 1 1 12 1 1
89 1828 1 1 1 3 14 1
90 1828 1 1 1 11 2 1
91 1845 5 5 1 7 6 1 8 6 1 10 6 1 11 6 1 13 6 1
92 1849 1 1 1 12 10 7
93 1862 7 7 1 2 14 1 4 14 1 7 14 1 8 14 1 10 14 1 11 14 1 13 14 1
94 1875 7 7 1 3 2 1 4 2 1 6 2 1 7 2 1 9 2 1 11 2 1 13 2 1
95 1899 10 5 2 0 5 47 2 5 47 4 5 47 5 6 47 15 5 47 0 6 47 2 6 47 4 6 47 5 6 47 15 6 47
96 1902 2 2 1 10 3 24 12 3 24
97 1905 1 1 1 8 5 1
98 1906 1 1 1 7 4 1
99 1925 4 4 1 9 2 1 12 2 1 13 2 1 15 2 1
100 1928 1 1 1 3 13 1
101 1929 2 2 1 0 13 2 1 13 2
102 1933 1 1 1 10 4 1
103 1936 1 1 1 4 3 1
104 1936 1 1 1 9 5 1
105 1946 1 1 1 0 10 1
106 1987 14 14 1 0 4 1 1 4 1 2 4 1 3 4 1 4 5 1 5 4 1 7 4 1 8 4 1 9 4 1 10 4 1 11 4 1 12 4 1 13 4 1 15 4 1
107 1988 1 1 1 5 2 1
108 1989 2 2 1 11 12 1 15 12 1
109 1993 1 1 1 3 4 1
110 2026 13 13 1 0 3 1 1 3 1 2 3 1 3 4 1 4 3 1 5 3 1 6 3 1 7 3 1 8 3 1 10 3 1 11 3 1 12 3 1 13 3 1
111 2030 1 1 1 0 8 6
112 2033 2 2 1 6 5 20 9 5 20
113 2043 2 2 1 11 5 21 12 5 21
114 2068 14 14 1 0 2 1 1 2 1 2 3 1 3 2 1 4 2 1 5 2 1 6 2 1 7 2 1 8 2 1 11 2 1 12 2 1 13 2 1 14 2 1 15 2 1
115 2084 8 8 1 6 5 1 7 5 1 9 5 1 10 5 1 11 5 1 12 5 1 14 5 1 15 5 1
116 2085 1 1 1 13 7 1
117 2090 2 2 1 3 7 1 12 7 1
118 2101 7 7 1 2 8 1 3 8 1 5 8 1 8 9 1 9 8 1 11 8 1 12 8 1
119 2102 1 1 1 7 6 18
120 2103 1 1 1 4 2 1
121 2108 1 1 1 13 4 1
122 2132 10 5 2 0 11 1 1 11 1 4 11 1 5 11 1 8 11 1 0 13 1 1 13 1 4 13 1 5 13 1 8 13 1
123 2135 1 1 1 0 14 1
124 2135 1 1 1 14 0 1
125 2168 14 14 1 0 3 1 1 3 1 2 3 1 3 4 1 4 3 1 5 3 1 6 3 1 7 3 1 8 3 1 10 3 1 11 3 1 12 3 1 14 3 1 15 3 1
126 2196 13 13 1 0 10 1 1 10 1 2 10 1 3 10 1 4 10 1 5 10 1 6 10 1 7 10 1 8 10 1 11 10 1 12 10 1 13 10 1 14 10 1
127 2217 4 4 1 3 7 1 5 7 1 6 7 1 7 8 1
128 2253 14 7 2 1 0 2 6 0 2 8 0 2 9 0 2 11 0 2 12 0 2 14 0 2 1 7 2 6 7 2 8 7 2 9 7 2 11 7 2 12 7 2 14 7 2
129 2262 4 4 1 2 10 1 5 10 1 10 11 1 14 10 1
130 2279 6 3 1 0 11 50 0 11 13 11 12 50 11 12 13 15 11 50 15 11 13
131 2318 13 13 1 0 2 1 1 2 1 2 3 1 3 2 1 4 2 1 5 2 1 6 2 1 8 2 1 10 2 1 11 2 1 12 2 1 13 2 1 15 2 1
132 2322 1 1 1 8 2 1
133 2328 5 5 1 3 2 1 7 2 1 8 2 1 12 2 1 15 2 1
134 2338 7 7 1 0 5 1 1 5 1 5 6 1 8 5 1 9 5 1 14 5 1 15 5 1
135 2341 1 1 1 12 7 1
136 2367 14 14 1 1 12 1 2 12 1 3 12 1 4 12 1 5 12 1 7 12 1 8 12 1 9 12 1 10 12 1 11 12 1 12 13 1 13 12 1 14 12 1 15 12 1
137 2370 1 1 1 3 4 1
138 2371 2 2 1 5 2 25 15 2 25
139 2371 1 1 1 4 11 1
140 2375 1 1 1 2 11 1
141 2382 3 3 1 3 15 2 6 15 2 10 15 2
142 2422 15 15 1 0 7 1 1 7 1 2 7 1 3 7 1 5 7 1 6 7 1 7 8 1 8 7 1 9 7 1 10 7 1 11 7 1 12 7 1 13 7 1 14 7 1 15 7 1
143 2423 1 1 1 11 12 1
144 2433 1 1 1 11 0 1
145 2474 14 14 1 1 14 1 2 14 1 3 14 1 4 14 1 5 14 1 6 14 1 7 14 1 8 14 1 9 14 1 10 14 1 11 14 1 13 14 1 14 15 1 15 14 1
146 2478 1 1 1 5 13 1
147 2499 7 7 1 0 13 1 1 13 1 6 13 1 9 13 1 10 13 1 11 13 1 13 14 1
148 2525 10 5 2 1 8 1 2 8 1 4 8 1 6 8 1 12 8 1 1 15 1 2 15 1 4 15 1 6 15 1 12 15 1
149 2535 7 7 1 2 4 1 4 5 1 6 4 1 8 4 1 11 4 1 14 4 1 15 4 1
150 2539 2 2 1 0 2 21 12 2 21
151 2540 1 1 1 7 6 1
152 2725 75 15 5 0 1 4 1 0 4 2 0 4 3 0 4 5 0 4 6 0 4 7 0 4 8 0 4 9 0 4 10 0 4 11 0 4 12 0 4 13 0 4 14 0 4 15 0 4 0 3 4 1 3 4 2 3 4 3 4 4 5 3 4 6 3 4 7 3 4 8 3 4 9 3 4 10 3 4 11 3 4 12 3 4 13 3 4 14 3 4 15 3 4 0 5 4 1 5 4 2 5 4 3 5 4 5 6 4 6 5 4 7 5 4 8 5 4 9 5 4 10 5 4 11 5 4 12 5 4 13 5 4 14 5 4 15 5 4 0 7 4 1 7 4 2 7 4 3 7 4 5 7 4 6 7 4 7 8 4 8 7 4 9 7 4 10 7 4 11 7 4 12 7 4 13 7 4 14 7 4 15 7 4 0 15 4 1 15 4 2 15 4 3 15 4 5 15 4 6 15 4 7 15 4 8 15 4 9 15 4 10 15 4 11 15 4 12 15 4 13 15 4 14 15 4 15 0 4
153 2726 1 1 1 5 9 1
154 2730 2 2 1 0 14 21 13 14 21
155 2757 10 5 2 1 2 1 4 2 1 5 2 1 7 2 1 11 2 1 1 9 1 4 9 1 5 9 1 7 9 1 11 9 1
156 2793 14 14 1 0 4 1 1 4 1 3 4 1 4 5 1 6 4 1 7 4 1 8 4 1 9 4 1 10 4 1 11 4 1 12 4 1 13 4 1 14 4 1 15 4 1
157 2799 6 3 1 1 0 50 1 0 10 3 0 50 3 0 10 10 0 50 10 0 10
158 2810 7 7 1 1 4 1 2 4 1 3 4 1 6 4 1 13 4 1 14 4 1 15 4 1
159 2812 1 1 1 9 2 1
160 2830 10 5 2 0 1 1 8 1 1 11 1 1 12 1 1 15 1 1 0 9 1 8 9 1 11 9 1 12 9 1 15 9 1
161 2833 3 3 1 1 4 2 10 4 2 11 4 2
162 2843 4 4 1 1 9 8 3 9 8 12 9 8 14 9 8
163 2991 60 10 3 2 5 50 2 5 21 3 5 50 3 5 21 4 5 50 4 5 21 5 6 50 5 6 21 7 5 50 7 5 21 8 5 50 8 5 21 9 5 50 9 5 21 13 5 50 13 5 21 14 5 50 14 5 21 15 5 50 15 5 21 2 13 50 2 13 21 3 13 50 3 13 21 4 13 50 4 13 21 5 13 50 5 13 21 7 13 50 7 13 21 8 13 50 8 13 21 9 13 50 9 13 21 13 14 50 13 14 21 14 13 50 14 13 21 15 13 50 15 13 21 2 15 50 2 15 8 3 15 50 3 15 8 4 15 50 4 15 8 5 15 50 5 15 8 7 15 50 7 15 8 8 15 50 8 15 8 9 15 50 9 15 8 13 15 50 13 15 8 14 15 50 14 15 8 15 0 50 15 0 8
164 3025 15 15 1 0 3 1 1 3 1 2 3 1 3 4 1 5 3 1 6 3 1 7 3 1 8 3 1 9 3 1 10 3 1 11 3 1 12 3 1 13 3 1 14 3 1 15 3 1
165 3027 1 1 1 6 11 1
166 3039 5 5 1 0 11 1 2 11 1 4 11 1 14 11 1 15 11 1
167 3063 14 14 1 0 8 1 1 8 1 2 8 1 3 8 1 4 8 1 5 8 1 6 8 1 7 8 1 8 9 1 10 8 1 11 8 1 12 8 1 14 8 1 15 8 1
168 3067 1 1 1 2 11 1
169 3136 32 16 2 0 1 5 1 2 5 2 1 5 3 1 5 4 1 5 5 1 5 6 1 5 7 1 5 8 1 5 9 1 5 10 1 5 11 1 5 12 1 5 13 1 5 14 1 5 15 1 5 0 3 5 1 3 5 2 3 5 3 4 5 4 3 5 5 3 5 6 3 5 7 3 5 8 3 5 9 3 5 10 3 5 11 3 5 12 3 5 13 3 5 14 3 5 15 3 5
170 3139 2 2 1 9 12 1 10 12 1
171 3144 2 2 1 3 1 2 8 1 2
172 3149 1 1 1 7 4 1
173 3192 14 14 1 0 14 1 1 14 1 2 14 1 3 14 1 4 14 1 5 14 1 6 14 1 7 14 1 9 14 1 10 14 1 11 14 1 13 14 1 14 15 1 15 14 1
174 3202 1 1 1 10 5 1
175 3246 15 15 1 0 15 1 2 15 1 3 15 1 4 15 1 5 15 1 6 15 1 7 15 1 8 15 1 9 15 1 10 15 1 11 15 1 12 15 1 13 15 1 14 15 1 15 0 1
176 3247 1 1 1 1 12 1
177 3253 1 1 1 14 7 1
178 3263 3 3 1 4 0 1 5 0 1 11 0 1
179 3265 1 1 1 12 11 1
180 3275 4 4 1 0 1 1 4 1 1 6 1 1 13 1 1
181 3276 1 1 1 0 4 1
182 3305 13 13 1 0 13 1 2 13 1 3 13 1 4 13 1 5 13 1 6 13 1 7 13 1 9 13 1 10 13 1 11 13 1 12 13 1 13 14 1 15 13 1
183 3311 2 2 1 7 15 22 8 15 22
184 3312 1 1 1 8 15 1
185 3313 1 1 1 10 14 1
186 3352 13 13 1 2 6 1 3 6 1 4 6 1 5 6 1 7 6 1 8 6 1 9 6 1 10 6 1 11 6 1 12 6 1 13 6 1 14 6 1 15 6 1
187 3559 75 15 5 1 0 5 2 0 5 3 0 5 4 0 5 5 0 5 6 0 5 7 0 5 8 0 5 9 0 5 10 0 5 11 0 5 12 0 5 13 0 5 14 0 5 15 0 5 1 3 5 2 3 5 3 4 5 4 3 5 5 3 5 6 3 5 7 3 5 8 3 5 9 3 5 10 3 5 11 3 5 12 3 5 13 3 5 14 3 5 15 3 5 1 7 5 2 7 5 3 7 5 4 7 5 5 7 5 6 7 5 7 8 5 8 7 5 9 7 5 10 7 5 11 7 5 12 7 5 13 7 5 14 7 5 15 7 5 1 11 5 2 11 5 3 11 5 4 11 5 5 11 5 6 11 5 7 11 5 8 11 5 9 11 5 10 11 5 11 12 5 12 11 5 13 11 5 14 11 5 15 11 5 1 15 5 2 15 5 3 15 5 4 15 5 5 15 5 6 15 5 7 15 5 8 15 5 9 15 5 10 15 5 11 15 5 12 15 5 13 15 5 14 15 5 15 0 5
188 3561 1 1 1 9 8 1
189 3564 3 3 1 9 10 1 12 10 1 13 10 1
190 3564 1 1 1 2 13 6
191 3570 2 2 1 1 6 23 4 6 23
192 3570 2 2 1 2 6 22 13 6 22
193 3570 1 1 1 9 14 1
194 3573 1 1 1 9 15 1
195 3583 1 1 1 15 14 1
196 3607 10 5 2 1 4 1 5 4 1 7 4 1 8 4 1 10 4 1 1 5 1 5 6 1 7 5 1 8 5 1 10 5 1
197 3607 1 1 1 4 8 1
198 3609 1 1 1 11 2 1
199 3614 2 2 1 5 13 2 11 13 2
200 3619 2 2 1 1 5 2 10 5 2
201 3806 75 15 5 0 5 5 1 5 5 2 5 5 3 5 5 4 5 5 5 6 5 6 5 5 7 5 5 9 5 5 10 5 5 11 5 5 12 5 5 13 5 5 14 5 5 15 5 5 0 12 5 1 12 5 2 12 5 3 12 5 4 12 5 5 12 5 6 12 5 7 12 5 9 12 5 10 12 5 11 12 5 12 13 5 13 12 5 14 12 5 15 12 5 0 13 5 1 13 5 2 13 5 3 13 5 4 13 5 5 13 5 6 13 5 7 13 5 9 13 5 10 13 5 11 13 5 12 13 5 13 14 5 14 13 5 15 13 5 0 14 5 1 14 5 2 14 5 3 14 5 4 14 5 5 14 5 6 14 5 7 14 5 9 14 5 10 14 5 11 14 5 12 14 5 13 14 5 14 15 5 15 14 5 0 15 5 1 15 5 2 15 5 3 15 5 4 15 5 5 15 5 6 15 5 7 15 5 9 15 5 10 15 5 11 15 5 12 15 5 13 15 5 14 15 5 15 0 5
202 3825 7 7 1 2 12 1 3 12 1 9 12 1 11 12 1 13 12 1 14 12 1 15 12 1
203 3860 13 13 1 0 4 1 1 4 1 2 4 1 3 4 1 5 4 1 7 4 1 8 4 1 9 4 1 11 4 1 12 4 1 13 4 1 14 4 1 15 4 1
204 3886 7 7 1 1 2 1 5 1 1 6 1 1 9 1 1 10 1 1 14 1 1 15 1 1
205 3910 6 6 1 2 7 1 5 7 1 9 7 1 10 7 1 14 7 1 15 7 1
206 3932 10 5 2 4 6 1 6 7 1 10 6 1 13 6 1 14 6 1 4 7 1 6 7 1 10 7 1 13 7 1 14 7 1
207 3962 11 1 11 8 0 3 8 1 3 8 3 3 8 5 6 8 7 3 8 9 2 8 11 6 8 12 3 8 13 3 8 14 3 8 15 3
208 3965 1 1 1 12 1 1
209 3983 9 1 1 2 5 50 2 5 50 2 5 50 2 5 50 2 5 50 2 5 50 2 5 50 2 5 50 2 5 23
210 4124 60 4 15 2 0 2 7 0 2 10 0 2 13 0 2 2 1 2 7 1 2 10 1 2 13 1 2 2 3 2 7 2 2 10 2 2 13 2 2 2 3 2 7 3 2 10 3 2 13 3 2 2 4 2 7 4 2 10 4 2 13 4 2 2 5 5 7 5 5 10 5 5 13 5 5 2 6 3 7 6 3 10 6 3 13 6 3 2 7 2 7 8 2 10 7 2 13 7 2 2 8 2 7 8 2 10 8 2 13 8 2 2 9 2 7 9 2 10 9 2 13 9 2 2 10 2 7 10 2 10 11 2 13 10 2 2 12 2 7 12 2 10 12 2 13 12 2 2 13 2 7 13 2 10 13 2 13 14 2 2 14 2 7 14 2 10 14 2 13 14 2 2 15 2 7 15 2 10 15 2 13 15 2
211 4129 2 2 1 3 12 1 7 12 1
212 4156 12 12 1 1 5 1 2 5 1 3 5 1 4 5 1 6 5 1 8 5 1 9 5 1 10 5 1 12 5 1 13 5 1 14 5 1 15 5 1
213 4164 7 7 1 0 5 1 5 6 1 6 5 1 9 5 1 10 5 1 11 5 1 12 5 1
214 4165 1 1 1 7 10 1
215 4165 2 2 1 11 14 46 13 14 46
216 4166 1 1 1 8 9 1
217 4172 2 2 1 7 14 5 9 14 5
218 4176 2 2 1 1 10 22 12 10 22
219 4178 1 1 1 1 3 1
220 4184 3 3 1 6 11 1 11 12 1 15 11 1
221 4186 1 1 1 8 1 1
222 4187 1 1 1 10 8 1
223 4189 1 1 1 7 0 1
224 4207 6 6 1 1 8 1 2 8 1 3 8 1 6 8 1 8 9 1 14 8 1
225 4212 5 5 1 2 4 6 3 4 6 4 5 6 7 4 6 8 4 6
226 4223 5 5 1 0 6 1 2 6 1 3 6 1 6 7 1 13 6 1
227 4257 10 5 2 3 1 1 6 1 1 9 1 1 12 1 1 13 1 1 3 7 1 6 7 1 9 7 1 12 7 1 13 7 1
228 4265 3 3 1 3 4 2 9 3 2 12 3 2
229 4265 1 1 1 14 5 1
230 4321 11 1 11 3 0 3 3 1 3 3 2 3 3 4 6 3 6 3 3 8 2 3 10 6 3 11 3 3 12 3 3 13 3 3 14 3
231 4329 2 2 1 1 13 47 11 13 47
232 4331 1 1 1 1 14 1
233 4336 2 2 1 14 1 1 15 1 1
234 4352 9 1 1 12 1 50 12 1 50 12 1 50 12 1 50 12 1 50 12 1 50 12 1 50 12 1 50 12 1 23
235 4353 1 1 1 8 4 1
236 4355 1 1 1 4 5 1
237 4406 30 10 3 1 3 1 2 3 1 3 4 1 5 3 1 6 3 1 7 3 1 12 3 1 13 3 1 14 3 1 15 3 1 1 4 1 2 4 1 3 4 1 5 4 1 6 4 1 7 4 1 12 4 1 13 4 1 14 4 1 15 4 1 1 9 1 2 9 1 3 9 1 5 9 1 6 9 1 7 9 1 12 9 1 13 9 1 14 9 1 15 9 1
238 4406 1 1 1 2 4 1
239 4410 1 1 1 8 0 1
240 4413 1 1 1 0 14 18
241 4433 7 7 1 0 12 1 6 12 1 7 12 1 8 12 1 10 12 1 11 12 1 13 12 1
242 4637 70 14 5 0 3 5 1 3 5 2 3 5 3 4 5 4 3 5 5 3 5 6 3 5 7 3 5 8 3 5 10 3 5 12 3 5 13 3 5 14 3 5 15 3 5 0 9 5 1 9 5 2 9 5 3 9 5 4 9 5 5 9 5 6 9 5 7 9 5 8 9 5 10 9 5 12 9 5 13 9 5 14 9 5 15 9 5 0 10 5 1 10 5 2 10 5 3 10 5 4 10 5 5 10 5 6 10 5 7 10 5 8 10 5 10 11 5 12 10 5 13 10 5 14 10 5 15 10 5 0 12 5 1 12 5 2 12 5 3 12 5 4 12 5 5 12 5 6 12 5 7 12 5 8 12 5 10 12 5 12 13 5 13 12 5 14 12 5 15 12 5 0 15 5 1 15 5 2 15 5 3 15 5 4 15 5 5 15 5 6 15 5 7 15 5 8 15 5 10 15 5 12 15 5 13 15 5 14 15 5 15 0 5
243 4675 13 13 1 0 12 1 1 12 1 2 12 1 3 12 1 4 12 1 5 12 1 6 12 1 7 12 1 8 12 1 10 12 1 13 12 1 14 12 1 15 12 1
244 4697 10 5 2 0 10 1 1 10 1 2 10 1 9 10 1 12 10 1 0 14 1 1 14 1 2 14 1 9 14 1 12 14 1
245 4727 14 14 1 0 6 1 1 6 1 2 6 1 3 6 1 4 6 1 5 6 1 6 7 1 7 6 1 8 6 1 9 6 1 11 6 1 12 6 1 13 6 1 15 6 1
246 4734 2 2 1 5 15 19 12 15 19
247 4793 13 13 1 0 12 1 2 12 1 3 12 1 4 12 1 5 12 1 6 12 1 7 12 1 8 12 1 9 12 1 11 12 1 13 12 1 14 12 1 15 12 1
248 4793 1 1 1 2 7 1
249 4794 1 1 1 6 10 1
250 4799 1 1 1 7 11 1
251 4804 1 1 1 11 3 1
252 4810 1 1 1 12 2 1
253 4832 7 7 1 0 5 1 3 5 1 5 6 1 6 5 1 9 5 1 11 5 1 13 5 1
254 4833 1 1 1 9 15 2
255 4853 7 7 1 2 6 1 3 6 1 4 6 1 6 7 1 11 6 1 12 6 1 15 6 1
256 4879 10 5 2 4 9 1 7 9 1 11 9 1 13 9 1 14 9 1 4 15 1 7 15 1 11 15 1 13 15 1 14 15 1
257 4902 7 7 1 0 7 1 4 7 1 6 7 1 7 8 1 8 7 1 10 7 1 12 7 1
258 4923 5 5 1 0 2 1 3 2 1 5 2 1 9 2 1 11 2 1
259 4926 1 1 1 15 5 1
260 4929 1 1 1 4 13 1
261 4945 13 13 1 0 4 1 1 4 1 2 4 1 3 4 1 4 5 1 5 4 1 6 4 1 7 4 1 11 4 1 12 4 1 13 4 1 14 4 1 15 4 1
262 4975 13 13 1 0 14 1 1 14 1 2 14 1 3 14 1 4 14 1 5 14 1 7 14 1 8 14 1 10 14 1 11 14 1 12 14 1 13 14 1 14 15 1
263 4986 13 13 1 0 1 1 2 0 1 3 0 1 4 0 1 5 0 1 8 0 1 9 0 1 10 0 1 11 0 1 12 0 1 13 0 1 14 0 1 15 0 1
264 5007 7 7 1 0 9 1 1 9 1 6 9 1 9 10 1 10 9 1 13 9 1 14 9 1
265 5014 7 7 1 1 12 1 2 12 1 3 12 1 5 12 1 7 12 1 9 12 1 10 12 1
266 5068 18 3 1 1 0 50 1 0 50 1 0 50 1 0 50 1 0 50 1 0 29 3 0 50 3 0 50 3 0 50 3 0 50 3 0 50 3 0 29 9 0 50 9 0 50 9 0 50 9 0 50 9 0 50 9 0 29
267 5098 7 7 1 1 6 1 2 6 1 5 6 1 8 6 1 9 6 1 12 6 1 13 6 1
268 5099 2 2 1 0 6 1 6 7 1
269 5106 2 2 1 10 6 20 15 6 20
270 5108 3 3 1 7 8 1 11 8 1 13 8 1
271 5123 7 7 1 0 1 1 1 2 1 4 1 1 5 1 1 7 1 1 10 1 1 15 1 1
272 5130 2 2 1 3 10 22 11 10 22
273 5130 1 1 1 4 5 1
274 5131 1 1 1 13 7 1
275 5139 2 2 1 4 5 1 12 4 1
276 5170 15 15 1 0 12 1 1 12 1 2 12 1 3 12 1 4 12 1 5 12 1 6 12 1 7 12 1 8 12 1 9 12 1 10 12 1 12 13 1 13 12 1 14 12 1 15 12 1
277 5176 1 1 1 5 7 1
278 5224 15 15 1 0 3 1 1 3 1 2 3 1 3 4 1 4 3 1 5 3 1 6 3 1 7 3 1 8 3 1 9 3 1 10 3 1 11 3 1 12 3 1 13 3 1 14 3 1
279 5234 5 5 1 9 10 1 10 9 1 11 9 1 12 9 1 14 9 1
280 5236 2 2 1 3 5 22 14 5 22
281 5272 13 13 1 0 11 1 2 11 1 3 11 1 4 11 1 5 11 1 7 11 1 8 11 1 9 11 1 11 12 1 12 11 1 13 11 1 14 11 1 15 11 1
282 5291 7 7 1 0 1 1 7 0 1 8 0 1 9 0 1 13 0 1 14 0 1 15 0 1
283 5310 10 5 2 0 3 1 1 3 1 3 4 1 7 3 1 9 3 1 0 9 1 1 9 1 3 9 1 7 9 1 9 10 1
284 5328 7 7 1 0 10 1 2 10 1 4 10 1 6 10 1 11 10 1 12 10 1 13 10 1
285 5356 13 13 1 1 15 1 2 15 1 3 15 1 4 15 1 5 15 1 6 15 1 7 15 1 8 15 1 10 15 1 11 15 1 12 15 1 13 15 1 15 0 1
286 5773 180 12 15 1 0 4 3 0 4 5 0 4 7 0 4 8 0 4 9 0 4 10 0 4 11 0 4 12 0 4 13 0 4 14 0 4 15 0 4 1 2 4 3 1 4 5 1 4 7 1 4 8 1 4 9 1 4 10 1 4 11 1 4 12 1 4 13 1 4 14 1 4 15 1 4 1 2 4 3 2 4 5 2 4 7 2 4 8 2 4 9 2 4 10 2 4 11 2 4 12 2 4 13 2 4 14 2 4 15 2 4 1 3 4 3 4 4 5 3 4 7 3 4 8 3 4 9 3 4 10 3 4 11 3 4 12 3 4 13 3 4 14 3 4 15 3 4 1 4 4 3 4 4 5 4 4 7 4 4 8 4 4 9 4 4 10 4 4 11 4 4 12 4 4 13 4 4 14 4 4 15 4 4 1 5 8 3 5 8 5 6 8 7 5 8 8 5 8 9 5 8 10 5 8 11 5 8 12 5 8 13 5 8 14 5 8 15 5 8 1 6 5 3 6 5 5 6 5 7 6 5 8 6 5 9 6 5 10 6 5 11 6 5 12 6 5 13 6 5 14 6 5 15 6 5 1 7 4 3 7 4 5 7 4 7 8 4 8 7 4 9 7 4 10 7 4 11 7 4 12 7 4 13 7 4 14 7 4 15 7 4 1 8 4 3 8 4 5 8 4 7 8 4 8 9 4 9 8 4 10 8 4 11 8 4 12 8 4 13 8 4 14 8 4 15 8 4 1 9 4 3 9 4 5 9 4 7 9 4 8 9 4 9 10 4 10 9 4 11 9 4 12 9 4 13 9 4 14 9 4 15 9 4 1 10 4 3 10 4 5 10 4 7 10 4 8 10 4 9 10 4 10 11 4 11 10 4 12 10 4 13 10 4 14 10 4 15 10 4 1 11 4 3 11 4 5 11 4 7 11 4 8 11 4 9 11 4 10 11 4 11 12 4 12 11 4 13 11 4 14 11 4 15 11 4 1 13 4 3 13 4 5 13 4 7 13 4 8 13 4 9 13 4 10 13 4 11 13 4 12 13 4 13 14 4 14 13 4 15 13 4 1 14 4 3 14 4 5 14 4 7 14 4 8 14 4 9 14 4 10 14 4 11 14 4 12 14 4 13 14 4 14 15 4 15 14 4 1 15 4 3 15 4 5 15 4 7 15 4 8 15 4 9 15 4 10 15 4 11 15 4 12 15 4 13 15 4 14 15 4 15 0 4
287 5774 1 1 1 10 14 11
288 5774 1 1 1 0 7 1
289 5787 4 4 1 2 6 1 6 7 1 7 6 1 13 6 1
290 5790 1 1 1 12 13 1
291 5790 1 1 1 3 8 2
292 5795 1 1 1 0 7 1
293 5797 1 1 1 8 12 1
294 5799 1 1 1 13 14 1
295 5821 10 5 2 5 6 1 7 5 1 9 5 1 12 5 1 13 5 1 5 12 1 7 12 1 9 12 1 12 13 1 13 12 1
296 5842 6 3 1 7 12 50 7 12 10 8 12 50 8 12 10 9 12 50 9 12 10
297 5842 1 1 1 13 5 1
298 5851 6 3 1 3 10 50 3 10 10 11 10 50 11 10 10 13 10 50 13 10 10
299 5851 1 1 1 10 3 1
300 5860 4 4 1 1 13 1 2 13 1 3 13 1 15 13 1
301 5906 14 14 1 0 1 1 1 2 1 2 1 1 3 1 1 4 1 1 5 1 1 6 1 1 7 1 1 8 1 1 9 1 1 11 1 1 12 1 1 13 1 1 15 1 1
302 5911 4 4 1 0 6 1 4 6 1 6 7 1 9 6 1
303 5968 15 15 1 0 1 1 1 2 1 2 1 1 3 1 1 4 1 1 5 1 1 6 1 1 7 1 1 8 1 1 9 1 1 10 1 1 11 1 1 12 1 1 13 1 1 14 1 1
304 6013 14 14 1 0 13 1 1 13 1 2 13 1 3 13 1 5 13 1 6 13 1 7 13 1 8 13 1 9 13 1 11 13 1 12 13 1 13 14 1 14 13 1 15 13 1
305 6015 1 1 1 3 14 1
306 6016 1 1 1 2 9 1
307 6036 6 3 1 1 0 50 1 0 10 2 0 50 2 0 10 10 0 50 10 0 10
308 6066 14 14 1 0 3 1 1 3 1 2 3 1 3 4 1 4 3 1 5 3 1 6 3 1 7 3 1 8 3 1 9 3 1 11 3 1 12 3 1 14 3 1 15 3 1
309 6074 2 2 1 7 0 47 10 0 47
310 6521 182 13 14 0 1 40 1 0 40 2 0 40 3 0 40 5 0 40 6 0 40 7 0 40 9 0 40 10 0 40 11 0 40 12 0 40 13 0 40 15 0 40 0 1 20 1 2 20 2 1 20 3 1 20 5 1 20 6 1 20 7 1 20 9 1 20 10 1 20 11 1 20 12 1 20 13 1 20 15 1 20 0 2 20 1 2 20 2 3 20 3 2 20 5 2 20 6 2 20 7 2 20 9 2 20 10 2 20 11 2 20 12 2 20 13 2 20 15 2 20 0 3 20 1 3 20 2 3 20 3 4 20 5 3 20 6 3 20 7 3 20 9 3 20 10 3 20 11 3 20 12 3 20 13 3 20 15 3 20 0 4 20 1 4 20 2 4 20 3 4 20 5 4 20 6 4 20 7 4 20 9 4 20 10 4 20 11 4 20 12 4 20 13 4 20 15 4 20 0 5 20 1 5 20 2 5 20 3 5 20 5 6 20 6 5 20 7 5 20 9 5 20 10 5 20 11 5 20 12 5 20 13 5 20 15 5 20 0 6 23 1 6 23 2 6 23 3 6 23 5 6 23 6 7 23 7 6 23 9 6 23 10 6 23 11 6 23 12 6 23 13 6 23 15 6 23 0 7 20 1 7 20 2 7 20 3 7 20 5 7 20 6 7 20 7 8 20 9 7 20 10 7 20 11 7 20 12 7 20 13 7 20 15 7 20 0 8 20 1 8 20 2 8 20 3 8 20 5 8 20 6 8 20 7 8 20 9 8 20 10 8 20 11 8 20 12 8 20 13 8 20 15 8 20 0 9 41 1 9 41 2 9 41 3 9 41 5 9 41 6 9 41 7 9 41 9 10 41 10 9 41 11 9 41 12 9 41 13 9 41 15 9 41 0 11 20 1 11 20 2 11 20 3 11 20 5 11 20 6 11 20 7 11 20 9 11 20 10 11 20 11 12 20 12 11 20 13 11 20 15 11 20 0 13 20 1 13 20 2 13 20 3 13 20 5 13 20 6 13 20 7 13 20 9 13 20 10 13 20 11 13 20 12 13 20 13 14 20 15 13 20 0 14 20 1 14 20 2 14 20 3 14 20 5 14 20 6 14 20 7 14 20 9 14 20 10 14 20 11 14 20 12 14 20 13 14 20 15 14 20 0 15 20 1 15 20 2 15 20 3 15 20 5 15 20 6 15 20 7 15 20 9 15 20 10 15 20 11 15 20 12 15 20 13 15 20 15 0 20
311 6540 5 5 1 1 9 1 5 9 1 9 10 1 12 9 1 14 9 1
312 6540 1 1 1 11 12 2
313 6541 1 1 1 10 6 1
314 6543 1 1 1 3 4 1
315 6545 1 1 1 10 11 1
316 6558 7 7 1 1 12 1 2 12 1 5 12 1 8 12 1 10 12 1 14 12 1 15 12 1
317 6563 1 1 1 5 13 1
318 6564 1 1 1 14 2 1
319 6565 1 1 1 0 15 1
320 6572 1 1 1 7 8 1
321 6573 1 1 1 2 5 1
322 6577 1 1 1 10 11 1
323 6578 1 1 1 15 8 1
324 6583 1 1 1 3 0 1
325 6586 2 2 1 6 7 1 15 6 1
326 6627 14 14 1 0 1 1 2 1 1 3 1 1 4 1 1 5 1 1 6 1 1 7 1 1 9 1 1 10 1 1 11 1 1 12 1 1 13 1 1 14 1 1 15 1 1
327 6672 13 13 1 0 3 1 1 3 1 3 4 1 4 3 1 6 3 1 7 3 1 8 3 1 9 3 1 10 3 1 11 3 1 12 3 1 13 3 1 15 3 1
328 6675 3 3 1 5 6 2 7 6 2 9 6 2
329 6684 7 7 1 2 14 1 5 14 1 7 14 1 12 14 1 13 14 1 14 15 1 15 14 1
330 6704 6 3 1 5 9 50 5 9 12 6 9 50 6 9 12 13 9 50 13 9 12
331 6716 1 1 1 7 4 1
332 6755 13 1 1 13 14 50 13 14 50 13 14 50 13 14 50 13 14 50 13 14 50 13 14 50 13 14 50 13 14 50 13 14 50 13 14 50 13 14 50 13 14 38
333 6757 2 2 1 1 9 24 7 9 24
334 6759 5 5 1 3 11 1 4 11 1 9 11 1 10 11 1 15 11 1
335 6765 1 1 1 8 14 3
336 6765 1 1 1 7 11 1
337 6766 2 2 1 10 2 22 13 2 22
338 6784 3 3 1 4 7 2 6 7 2 10 7 2
339 6788 1 1 1 12 4 1
340 6825 13 13 1 0 3 1 1 3 1 4 3 1 5 3 1 6 3 1 7 3 1 8 3 1 9 3 1 10 3 1 12 3 1 13 3 1 14 3 1 15 3 1
341 6830 1 1 1 2 3 1
342 6877 7 7 1 0 2 1 4 2 1 7 2 1 8 2 1 9 2 1 13 2 1 15 2 1
343 6879 1 1 1 0 7 1
344 6880 1 1 1 3 12 1
345 6902 10 5 2 1 8 1 4 8 1 8 9 1 12 8 1 14 8 1 1 11 1 4 11 1 8 11 1 12 11 1 14 11 1
346 7030 60 10 3 1 2 50 1 2 21 2 3 50 2 3 21 4 2 50 4 2 21 5 2 50 5 2 21 6 2 50 6 2 21 9 2 50 9 2 21 10 2 50 10 2 21 12 2 50 12 2 21 13 2 50 13 2 21 15 2 50 15 2 21 1 5 50 1 5 21 2 5 50 2 5 21 4 5 50 4 5 21 5 6 50 5 6 21 6 5 50 6 5 21 9 5 50 9 5 21 10 5 50 10 5 21 12 5 50 12 5 21 13 5 50 13 5 21 15 5 50 15 5 21 1 6 50 1 6 8 2 6 50 2 6 8 4 6 50 4 6 8 5 6 50 5 6 8 6 7 50 6 7 8 9 6 50 9 6 8 10 6 50 10 6 8 12 6 50 12 6 8 13 6 50 13 6 8 15 6 50 15 6 8
347 7046 7 7 1 0 11 1 3 11 1 6 11 1 8 11 1 9 11 1 11 12 1 12 11 1
348 7046 1 1 1 2 0 1
349 7048 1 1 1 11 14 1
350 7067 13 13 1 0 14 1 3 14 1 4 14 1 5 14 1 6 14 1 7 14 1 8 14 1 10 14 1 11 14 1 12 14 1 13 14 1 14 15 1 15 14 1
351 7073 2 2 1 9 7 1 14 7 1
352 7077 3 3 1 6 15 1 8 15 1 15 0 1
353 7081 2 2 1 0 15 46 3 15 46
354 7086 3 3 1 1 13 1 4 13 1 8 13 1
355 7115 13 13 1 0 1 1 1 2 1 2 1 1 3 1 1 4 1 1 5 1 1 6 1 1 7 1 1 8 1 1 10 1 1 12 1 1 14 1 1 15 1 1
356 7151 14 14 1 0 3 1 1 3 1 2 3 1 3 4 1 4 3 1 6 3 1 7 3 1 8 3 1 9 3 1 10 3 1 11 3 1 13 3 1 14 3 1 15 3 1
357 7152 1 1 1 15 0 1
358 7156 1 1 1 10 5 1
359 7176 6 3 1 7 0 50 7 0 5 8 0 50 8 0 5 11 0 50 11 0 5
360 7186 7 7 1 0 3 1 1 3 1 4 3 1 8 3 1 9 3 1 11 3 1 13 3 1
361 7187 2 2 1 0 5 47 3 5 47
362 7187 1 1 1 10 15 1
363 7189 1 1 1 5 6 1
364 7193 1 1 1 12 15 6
365 7207 10 5 2 1 4 1 2 4 1 7 4 1 8 4 1 9 4 1 1 15 1 2 15 1 7 15 1 8 15 1 9 15 1
366 7208 1 1 1 11 13 6
367 7210 1 1 1 7 12 1
368 7212 1 1 1 14 11 1
369 7215 2 2 1 6 1 1 12 1 1
370 7217 1 1 1 15 4 11
371 7290 24 8 3 1 7 29 2 7 29 4 7 29 6 7 29 8 7 29 9 7 29 11 7 29 13 7 29 1 9 26 2 9 26 4 9 26 6 9 26 8 9 26 9 10 26 11 9 26 13 9 26 1 15 26 2 15 26 4 15 26 6 15 26 8 15 26 9 15 26 11 15 26 13 15 26
372 7291 1 1 1 11 14 1
373 7293 1 1 1 14 15 1
374 7307 10 5 2 0 5 1 2 5 1 3 5 1 6 5 1 13 5 1 0 12 1 2 12 1 3 12 1 6 12 1 13 12 1
375 7312 1 1 1 8 2 1
376 7329 10 5 2 2 8 1 3 8 1 7 8 1 9 8 1 13 8 1 2 15 1 3 15 1 7 15 1 9 15 1 13 15 1
377 7332 2 2 1 0 10 5 10 11 5
378 7336 1 1 1 7 8 1
379 7357 7 7 1 1 15 1 2 15 1 8 15 1 9 15 1 10 15 1 13 15 1 15 0 1
380 7361 4 2 1 2 11 50 2 11 5 4 11 50 4 11 5
381 7365 3 3 1 0 6 9 9 6 9 15 6 9
382 7402 13 13 1 0 1 1 1 2 1 2 1 1 4 1 1 5 1 1 6 1 1 7 1 1 8 1 1 9 1 1 10 1 1 13 1 1 14 1 1 15 1 1
383 7435 16 1 16 8 0 2 8 1 1 8 2 2 8 3 1 8 4 1 8 5 1 8 6 1 8 7 1 8 9 2 8 9 1 8 10 1 8 11 1 8 12 1 8 13 1 8 14 2 8 15 1
384 7439 1 1 1 1 2 1
385 7452 7 7 1 2 7 1 4 7 1 6 7 1 7 8 1 8 7 1 9 7 1 12 7 1
386 7454 2 2 1 4 10 1 12 10 1
387 7458 3 3 1 1 12 1 3 12 1 14 12 1
388 7464 5 5 1 1 8 6 2 8 6 6 8 6 9 8 6 10 8 6
389 7466 1 1 1 9 7 1
390 7482 7 7 1 0 4 1 2 4 1 6 4 1 9 4 1 12 4 1 13 4 1 14 4 1
391 7487 3 3 1 5 1 1 7 1 1 11 1 1
392 7487 1 1 1 8 11 1
393 7525 18 3 1 0 11 50 0 11 50 0 11 50 0 11 50 0 11 50 0 11 29 12 11 50 12 11 50 12 11 50 12 11 50 12 11 50 12 11 29 13 11 50 13 11 50 13 11 50 13 11 50 13 11 50 13 11 29
394 7535 2 2 1 5 7 1 15 7 1
395 7563 14 14 1 0 10 1 1 10 1 2 10 1 3 10 1 4 10 1 5 10 1 6 10 1 7 10 1 9 10 1 10 11 1 11 10 1 12 10 1 14 10 1 15 10 1
396 7575 7 7 1 0 3 1 3 4 1 8 3 1 9 3 1 13 3 1 14 3 1 15 3 1
397 7581 2 2 1 1 12 25 11 12 25
398 7628 15 15 1 0 9 1 1 9 1 2 9 1 3 9 1 4 9 1 5 9 1 6 9 1 7 9 1 8 9 1 10 9 1 11 9 1 12 9 1 13 9 1 14 9 1 15 9 1
399 7665 10 5 2 0 11 47 2 11 47 5 11 47 12 11 47 14 11 47 0 14 47 2 14 47 5 14 47 12 14 47 14 15 47
400 7671 3 3 1 0 7 1 1 7 1 6 7 1
401 7698 7 7 1 0 9 1 1 9 1 7 9 1 10 9 1 12 9 1 14 9 1 15 9 1
402 7709 4 4 1 0 5 1 2 5 1 9 5 1 11 5 1
403 7739 14 14 1 0 1 1 1 2 1 2 1 1 3 1 1 5 1 1 6 1 1 7 1 1 8 1 1 9 1 1 10 1 1 11 1 1 12 1 1 13 1 1 14 1 1
404 7748 4 2 1 2 6 50 2 6 2 9 6 50 9 6 2
405 7749 1 1 1 1 4 1
406 7752 1 1 1 12 10 1
407 7781 14 14 1 0 5 1 1 5 1 2 5 1 3 5 1 5 6 1 6 5 1 7 5 1 8 5 1 9 5 1 11 5 1 12 5 1 13 5 1 14 5 1 15 5 1
408 7788 2 2 1 0 13 5 2 13 5
409 7807 6 3 1 1 9 50 1 9 3 6 9 50 6 9 3 11 9 50 11 9 3
410 7807 1 1 1 2 7 1
411 7848 15 15 1 0 4 1 1 4 1 2 4 1 3 4 1 4 5 1 5 4 1 6 4 1 7 4 1 8 4 1 9 4 1 10 4 1 11 4 1 12 4 1 13 4 1 15 4 1
412 7851 1 1 1 11 12 1
413 7854 1 1 1 12 10 1
414 7882 8 8 1 0 8 1 1 8 1 3 8 1 5 8 1 6 8 1 10 8 1 12 8 1 15 8 1
415 8038 60 10 3 0 4 50 0 4 21 1 4 50 1 4 21 4 5 50 4 5 21 5 4 50 5 4 21 6 4 50 6 4 21 7 4 50 7 4 21 8 4 50 8 4 21 10 4 50 10 4 21 11 4 50 11 4 21 14 4 50 14 4 21 0 5 50 0 5 21 1 5 50 1 5 21 4 5 50 4 5 21 5 6 50 5 6 21 6 5 50 6 5 21 7 5 50 7 5 21 8 5 50 8 5 21 10 5 50 10 5 21 11 5 50 11 5 21 14 5 50 14 5 21 0 8 50 0 8 8 1 8 50 1 8 8 4 8 50 4 8 8 5 8 50 5 8 8 6 8 50 6 8 8 7 8 50 7 8 8 8 9 50 8 9 8 10 8 50 10 8 8 11 8 50 11 8 8 14 8 50 14 8 8
416 8233 75 15 5 0 1 4 1 0 4 2 0 4 4 0 4 5 0 4 6 0 4 7 0 4 8 0 4 9 0 4 10 0 4 11 0 4 12 0 4 13 0 4 14 0 4 15 0 4 0 3 4 1 3 4 2 3 4 4 3 4 5 3 4 6 3 4 7 3 4 8 3 4 9 3 4 10 3 4 11 3 4 12 3 4 13 3 4 14 3 4 15 3 4 0 6 4 1 6 4 2 6 4 4 6 4 5 6 4 6 7 4 7 6 4 8 6 4 9 6 4 10 6 4 11 6 4 12 6 4 13 6 4 14 6 4 15 6 4 0 9 4 1 9 4 2 9 4 4 9 4 5 9 4 6 9 4 7 9 4 8 9 4 9 10 4 10 9 4 11 9 4 12 9 4 13 9 4 14 9 4 15 9 4 0 12 4 1 12 4 2 12 4 4 12 4 5 12 4 6 12 4 7 12 4 8 12 4 9 12 4 10 12 4 11 12 4 12 13 4 13 12 4 14 12 4 15 12 4
417 8236 1 1 1 13 3 1
418 8260 12 12 1 0 11 1 1 11 1 2 11 1 3 11 1 4 11 1 5 11 1 7 11 1 11 12 1 12 11 1 13 11 1 14 11 1 15 11 1
419 8269 2 2 1 0 11 1 11 12 1
420 8271 1 1 1 11 15 1
421 8301 13 13 1 0 1 1 1 0 1 2 0 1 3 0 1 4 0 1 5 0 1 7 0 1 8 0 1 9 0 1 10 0 1 11 0 1 12 0 1 14 0 1
422 8334 7 7 1 2 15 1 3 15 1 5 15 1 6 15 1 9 15 1 11 15 1 13 15 1
423 8347 2 2 1 9 2 1 13 2 1
424 8365 9 1 1 2 7 50 2 7 50 2 7 50 2 7 50 2 7 50 2 7 50 2 7 50 2 7 50 2 7 23
425 8384 10 5 2 0 4 1 3 4 1 7 4 1 11 4 1 14 4 1 0 11 1 3 11 1 7 11 1 11 12 1 14 11 1
426 8407 12 12 1 0 14 1 3 14 1 5 14 1 6 14 1 7 14 1 8 14 1 9 14 1 11 14 1 12 14 1 13 14 1 14 15 1 15 14 1
427 8408 1 1 1 9 8 1
428 8408 1 1 1 5 15 1
429 8411 2 2 1 10 9 23 12 9 23
430 8415 1 1 1 13 1 1
431 8441 7 7 1 0 5 1 4 5 1 5 6 1 10 5 1 12 5 1 13 5 1 15 5 1
432 8446 3 3 1 1 11 2 14 11 2 15 11 2
433 8446 1 1 1 8 14 1
434 8447 1 1 1 12 15 1
435 8466 7 7 1 0 15 1 2 15 1 5 15 1 6 15 1 7 15 1 10 15 1 13 15 1
436 8491 7 7 1 0 14 1 1 14 1 2 14 1 7 14 1 12 14 1 13 14 1 15 14 1
437 8506 12 6 2 0 1 1 2 0 1 5 0 1 7 0 1 8 0 1 10 0 1 0 7 1 2 7 1 5 7 1 7 8 1 8 7 1 10 7 1
438 8543 15 15 1 0 15 1 1 15 1 2 15 1 3 15 1 4 15 1 5 15 1 6 15 1 7 15 1 8 15 1 9 15 1 10 15 1 11 15 1 12 15 1 13 15 1 14 15 1
439 8549 3 3 1 5 8 2 12 8 2 13 8 2
440 8562 7 7 1 2 4 1 3 4 1 5 4 1 9 4 1 11 4 1 12 4 1 13 4 1
441 8563 1 1 1 5 7 1
442 8576 6 3 1 3 9 50 3 9 10 7 9 50 7 9 10 13 9 50 13 9 10
443 8595 6 2 1 3 6 50 3 6 50 3 6 11 13 6 50 13 6 50 13 6 11
444 8613 7 7 1 1 9 1 2 9 1 3 9 1 6 9 1 8 9 1 10 9 1 12 9 1
445 8653 10 5 2 2 6 1 6 7 1 10 6 1 13 6 1 15 6 1 2 15 1 6 15 1 10 15 1 13 15 1 15 0 1
446 8654 1 1 1 8 13 1
447 8705 13 13 1 0 3 1 1 3 1 2 3 1 4 3 1 5 3 1 6 3 1 8 3 1 9 3 1 10 3 1 11 3 1 13 3 1 14 3 1 15 3 1
448 8707 1 1 1 12 13 1
449 8712 2 2 1 12 9 19 13 9 19
450 8744 14 14 1 0 11 1 1 11 1 2 11 1 3 11 1 4 11 1 5 11 1 7 11 1 8 11 1 9 11 1 10 11 1 12 11 1 13 11 1 14 11 1 15 11 1
451 8755 3 3 1 2 12 1 7 12 1 10 12 1
452 8769 2 2 1 8 9 20 14 8 20
453 8774 4 2 1 3 11 50 3 11 5 11 12 50 11 12 5
454 8780 2 1 1 6 10 50 6 10 9
455 8781 1 1 1 11 4 1
456 8828 15 15 1 0 11 1 1 11 1 2 11 1 3 11 1 4 11 1 5 11 1 6 11 1 8 11 1 9 11 1 10 11 1 11 12 1 12 11 1 13 11 1 14 11 1 15 11 1
457 8844 7 7 1 0 9 1 1 9 1 3 9 1 4 9 1 8 9 1 9 10 1 15 9 1
458 8885 14 14 1 0 7 1 2 7 1 3 7 1 4 7 1 5 7 1 6 7 1 7 8 1 8 7 1 9 7 1 11 7 1 12 7 1 13 7 1 14 7 1 15 7 1
459 8900 7 7 1 2 13 1 4 13 1 5 13 1 6 13 1 7 13 1 9 13 1 13 14 1
460 8902 2 2 1 2 9 2 12 9 2
461 8905 3 3 1 6 10 1 7 10 1 12 10 1
462 8941 10 5 2 0 4 1 5 4 1 10 4 1 12 4 1 15 4 1 0 9 1 5 9 1 10 9 1 12 9 1 15 9 1
463 8949 3 3 1 8 3 2 9 3 2 12 3 2
464 8973 12 12 1 0 13 1 1 13 1 2 13 1 5 13 1 6 13 1 7 13 1 8 13 1 9 13 1 11 13 1 12 13 1 14 13 1 15 13 1
465 8987 5 5 1 0 1 1 1 0 1 5 0 1 6 0 1 13 0 1
466 8999 4 4 1 4 0 1 9 0 1 11 0 1 13 0 1
467 9010 6 2 1 7 6 50 7 6 50 7 6 11 9 6 50 9 6 50 9 6 11
468 9015 1 1 1 10 3 1
469 9015 1 1 1 1 2 1
470 9015 1 1 1 3 4 1
471 9016 1 1 1 12 3 6
472 9016 1 1 1 12 0 1
473 9018 1 1 1 8 0 1
474 9021 2 2 1 4 3 22 7 3 22
475 9022 1 1 1 8 4 1
476 9025 1 1 1 5 6 1
477 9035 7 7 1 0 14 1 4 14 1 8 14 1 9 14 1 11 14 1 13 14 1 15 14 1
478 9043 6 2 1 3 7 50 3 7 50 3 7 38 14 7 50 14 7 50 14 7 38
479 9067 7 7 1 1 11 1 2 11 1 4 11 1 7 11 1 9 11 1 14 11 1 15 11 1
480 9068 1 1 1 11 14 2
481 9069 2 2 1 7 10 1 11 10 1
482 9100 13 13 1 0 15 1 1 15 1 2 15 1 4 15 1 6 15 1 7 15 1 8 15 1 9 15 1 10 15 1 12 15 1 13 15 1 14 15 1 15 0 1
483 9101 1 1 1 9 11 1
484 9102 1 1 1 7 12 1
485 9128 13 13 1 0 1 1 1 0 1 2 0 1 3 0 1 4 0 1 5 0 1 7 0 1 8 0 1 9 0 1 12 0 1 13 0 1 14 0 1 15 0 1
486 9292 75 15 5 0 7 4 1 7 4 2 7 4 3 7 4 4 7 4 5 7 4 6 7 4 7 8 4 8 7 4 10 7 4 11 7 4 12 7 4 13 7 4 14 7 4 15 7 4 0 8 4 1 8 4 2 8 4 3 8 4 4 8 4 5 8 4 6 8 4 7 8 4 8 9 4 10 8 4 11 8 4 12 8 4 13 8 4 14 8 4 15 8 4 0 11 4 1 11 4 2 11 4 3 11 4 4 11 4 5 11 4 6 11 4 7 11 4 8 11 4 10 11 4 11 12 4 12 11 4 13 11 4 14 11 4 15 11 4 0 13 4 1 13 4 2 13 4 3 13 4 4 13 4 5 13 4 6 13 4 7 13 4 8 13 4 10 13 4 11 13 4 12 13 4 13 14 4 14 13 4 15 13 4 0 14 4 1 14 4 2 14 4 3 14 4 4 14 4 5 14 4 6 14 4 7 14 4 8 14 4 10 14 4 11 14 4 12 14 4 13 14 4 14 15 4 15 14 4
487 9301 1 1 1 5 7 1
488 9305 1 1 1 5 12 1
489 9326 6 2 1 0 9 50 0 9 50 0 9 23 8 9 50 8 9 50 8 9 23
490 9341 7 7 1 2 8 1 4 8 1 7 8 1 8 9 1 11 8 1 14 8 1 15 8 1
491 9358 7 7 1 2 5 1 5 6 1 7 5 1 12 5 1 13 5 1 14 5 1 15 5 1
492 9394 14 14 1 0 14 1 1 14 1 2 14 1 3 14 1 4 14 1 5 14 1 6 14 1 7 14 1 8 14 1 9 14 1 11 14 1 12 14 1 13 14 1 15 14 1
493 9416 11 1 11 8 1 3 8 5 3 8 6 3 8 7 6 8 9 3 8 9 2 8 10 6 8 11 3 8 12 3 8 13 3 8 15 3
494 9422 3 3 1 7 8 1 12 7 1 14 7 1
495 9429 4 4 1 0 1 1 8 0 1 9 0 1 14 0 1
496 9464 14 14 1 0 1 1 1 2 1 2 1 1 3 1 1 4 1 1 6 1 1 7 1 1 8 1 1 9 1 1 10 1 1 12 1 1 13 1 1 14 1 1 15 1 1
497 9469 2 2 1 8 2 21 10 2 21
498 9475 3 3 1 8 14 2 12 14 2 13 14 2
499 9489 4 4 1 5 1 1 6 1 1 9 1 1 12 1 1
500 9546 15 15 1 0 5 1 1 5 1 2 5 1 3 5 1 4 5 1 5 6 1 6 5 1 8 5 1 9 5 1 10 5 1 11 5 1 12 5 1 13 5 1 14 5 1 15 5 1
501 9548 1 1 1 13 9 1
502 9571 13 13 1 0 8 1 1 8 1 5 8 1 6 8 1 7 8 1 8 9 1 9 8 1 10 8 1 11 8 1 12 8 1 13 8 1 14 8 1 15 8 1
503 9574 1 1 1 14 13 1
504 9578 1 1 1 5 7 1
505 9586 1 1 1 11 7 1
506 9602 6 3 1 4 15 50 4 15 12 6 15 50 6 15 12 7 15 50 7 15 12
507 9614 7 7 1 1 8 1 4 8 1 5 8 1 8 9 1 11 8 1 12 8 1 15 8 1
508 9745 60 4 15 0 1 2 7 0 2 8 0 2 12 0 2 0 1 2 7 1 2 8 1 2 12 1 2 0 2 2 7 2 2 8 2 2 12 2 2 0 3 2 7 3 2 8 3 2 12 3 2 0 4 2 7 4 2 8 4 2 12 4 2 0 5 5 7 5 5 8 5 5 12 5 5 0 7 3 7 8 3 8 7 3 12 7 3 0 8 2 7 8 2 8 9 2 12 8 2 0 9 2 7 9 2 8 9 2 12 9 2 0 10 2 7 10 2 8 10 2 12 10 2 0 11 2 7 11 2 8 11 2 12 11 2 0 12 2 7 12 2 8 12 2 12 13 2 0 13 2 7 13 2 8 13 2 12 13 2 0 14 2 7 14 2 8 14 2 12 14 2 0 15 2 7 15 2 8 15 2 12 15 2
509 9753 6 3 1 4 3 50 4 3 12 7 3 50 7 3 12 8 3 50 8 3 12
510 9756 1 1 1 12 15 1
511 9765 7 7 1 1 13 1 4 13 1 5 13 1 8 13 1 13 14 1 14 13 1 15 13 1
512 9766 1 1 1 10 3 1
513 9832 24 4 1 2 4 50 2 4 50 2 4 50 2 4 50 2 4 50 2 4 45 4 5 50 4 5 50 4 5 50 4 5 50 4 5 50 4 5 45 8 4 50 8 4 50 8 4 50 8 4 50 8 4 50 8 4 45 11 4 50 11 4 50 11 4 50 11 4 50 11 4 50 11 4 45
514 9838 2 2 1 2 4 1 10 4 1
515 9852 8 8 1 1 2 1 4 1 1 6 1 1 8 1 1 9 1 1 10 1 1 14 1 1 15 1 1
516 9853 1 1 1 3 7 1
517 9872 10 5 2 8 5 1 10 5 1 11 5 1 14 5 1 15 5 1 8 12 1 10 12 1 11 12 1 14 12 1 15 12 1
518 9885 10 5 2 7 0 1 8 0 1 11 0 1 14 0 1 15 0 1 7 12 1 8 12 1 11 12 1 14 12 1 15 12 1
519 9886 1 1 1 14 2 1
520 9888 2 2 1 1 9 25 4 9 25
521 9924 13 13 1 1 3 1 2 3 1 3 4 1 4 3 1 5 3 1 6 3 1 7 3 1 8 3 1 9 3 1 12 3 1 13 3 1 14 3 1 15 3 1
522 9929 1 1 1 8 2 1
523 9935 2 2 1 0 1 25 9 0 25
524 9943 2 2 1 4 0 1 12 0 1
525 10004 24 4 1 0 6 50 0 6 50 0 6 50 0 6 50 0 6 50 0 6 45 3 6 50 3 6 50 3 6 50 3 6 50 3 6 50 3 6 45 12 6 50 12 6 50 12 6 50 12 6 50 12 6 50 12 6 45 14 6 50 14 6 50 14 6 50 14 6 50 14 6 50 14 6 45
526 10008 2 2 1 1 8 1 9 8 1
527 10017 7 7 1 0 3 1 2 3 1 8 3 1 10 3 1 11 3 1 12 3 1 14 3 1
528 10017 1 1 1 13 1 1
529 10524 225 15 15 0 1 26 1 0 26 2 0 26 3 0 26 4 0 26 5 0 26 7 0 26 8 0 26 9 0 26 10 0 26 11 0 26 12 0 26 13 0 26 14 0 26 15 0 26 0 1 24 1 2 24 2 1 24 3 1 24 4 1 24 5 1 24 7 1 24 8 1 24 9 1 24 10 1 24 11 1 24 12 1 24 13 1 24 14 1 24 15 1 24 0 2 24 1 2 24 2 3 24 3 2 24 4 2 24 5 2 24 7 2 24 8 2 24 9 2 24 10 2 24 11 2 24 12 2 24 13 2 24 14 2 24 15 2 24 0 3 24 1 3 24 2 3 24 3 4 24 4 3 24 5 3 24 7 3 24 8 3 24 9 3 24 10 3 24 11 3 24 12 3 24 13 3 24 14 3 24 15 3 24 0 4 24 1 4 24 2 4 24 3 4 24 4 5 24 5 4 24 7 4 24 8 4 24 9 4 24 10 4 24 11 4 24 12 4 24 13 4 24 14 4 24 15 4 24 0 5 24 1 5 24 2 5 24 3 5 24 4 5 24 5 6 24 7 5 24 8 5 24 9 5 24 10 5 24 11 5 24 12 5 24 13 5 24 14 5 24 15 5 24 0 6 26 1 6 26 2 6 26 3 6 26 4 6 26 5 6 26 7 6 26 8 6 26 9 6 26 10 6 26 11 6 26 12 6 26 13 6 26 14 6 26 15 6 26 0 7 24 1 7 24 2 7 24 3 7 24 4 7 24 5 7 24 7 8 24 8 7 24 9 7 24 10 7 24 11 7 24 12 7 24 13 7 24 14 7 24 15 7 24 0 9 24 1 9 24 2 9 24 3 9 24 4 9 24 5 9 24 7 9 24 8 9 24 9 10 24 10 9 24 11 9 24 12 9 24 13 9 24 14 9 24 15 9 24 0 10 24 1 10 24 2 10 24 3 10 24 4 10 24 5 10 24 7 10 24 8 10 24 9 10 24 10 11 24 11 10 24 12 10 24 13 10 24 14 10 24 15 10 24 0 11 24 1 11 24 2 11 24 3 11 24 4 11 24 5 11 24 7 11 24 8 11 24 9 11 24 10 11 24 11 12 24 12 11 24 13 11 24 14 11 24 15 11 24 0 12 24 1 12 24 2 12 24 3 12 24 4 12 24 5 12 24 7 12 24 8 12 24 9 12 24 10 12 24 11 12 24 12 13 24 13 12 24 14 12 24 15 12 24 0 13 24 1 13 24 2 13 24 3 13 24 4 13 24 5 13 24 7 13 24 8 13 24 9 13 24 10 13 24 11 13 24 12 13 24 13 14 24 14 13 24 15 13 24 0 14 24 1 14 24 2 14 24 3 14 24 4 14 24 5 14 24 7 14 24 8 14 24 9 14 24 10 14 24 11 14 24 12 14 24 13 14 24 14 15 24 15 14 24 0 15 47 1 15 47 2 15 47 3 15 47 4 15 47 5 15 47 7 15 47 8 15 47 9 15 47 10 15 47 11 15 47 12 15 47 13 15 47 14 15 47 15 0 47
530 10531 4 4 1 3 14 1 5 14 1 11 14 1 12 14 1
531 10532 2 2 1 9 14 45 15 14 45
532 10541 7 7 1 2 14 1 3 14 1 4 14 1 7 14 1 8 14 1 10 14 1 12 14 1
533 10541 1 1 1 10 2 1
534 10562 14 14 1 0 1 1 1 2 1 3 1 1 4 1 1 5 1 1 6 1 1 7 1 1 8 1 1 9 1 1 10 1 1 12 1 1 13 1 1 14 1 1 15 1 1
535 10564 2 2 1 1 3 25 8 3 25
536 10567 4 2 1 5 4 50 5 4 2 11 4 50 11 4 2
537 10572 3 3 1 2 0 1 7 0 1 15 0 1
538 10573 2 2 1 3 10 5 8 10 5
539 10575 1 1 1 0 14 1
540 10579 1 1 1 10 11 1
541 10579 1 1 1 13 2 1
542 10582 1 1 1 12 9 1
543 10604 7 7 1 0 3 1 1 3 1 3 4 1 5 3 1 8 3 1 10 3 1 13 3 1
544 10606 1 1 1 15 12 1
545 10610 1 1 1 2 9 1
546 10644 15 15 1 0 1 1 1 0 1 2 0 1 4 0 1 5 0 1 6 0 1 7 0 1 8 0 1 9 0 1 10 0 1 11 0 1 12 0 1 13 0 1 14 0 1 15 0 1
547 10664 7 7 1 1 10 1 4 10 1 6 10 1 7 10 1 9 10 1 11 10 1 14 10 1
548 10671 1 1 1 5 7 1
549 10685 7 7 1 3 8 1 4 8 1 5 8 1 8 9 1 10 8 1 11 8 1 12 8 1
550 10718 15 3 5 2 0 1 3 0 1 14 0 1 2 3 1 3 4 1 14 3 1 2 7 1 3 7 1 14 7 1 2 9 1 3 9 1 14 9 1 2 15 1 3 15 1 14 15 1
551 10720 1 1 1 11 1 1
552 10740 6 2 1 1 13 50 1 13 50 1 13 38 12 13 50 12 13 50 12 13 38
553 10744 1 1 1 3 0 1
554 10745 1 1 1 14 0 1
555 10745 1 1 1 4 2 2
556 10750 3 3 1 2 8 1 6 8 1 8 9 1
557 10751 2 2 1 11 1 23 12 1 23
558 10752 1 1 1 10 12 1
559 10758 4 2 1 1 10 50 1 10 26 6 10 50 6 10 26
560 10759 1 1 1 9 12 1
561 10767 1 1 1 15 6 1
562 10770 1 1 1 6 9 1
563 10771 2 2 1 3 12 21 11 12 21
564 10793 10 5 2 0 1 1 1 2 1 3 1 1 7 1 1 11 1 1 0 4 1 1 4 1 3 4 1 7 4 1 11 4 1
565 10797 1 1 1 14 6 1
566 10798 1 1 1 12 11 1
567 10798 1 1 1 14 7 1
568 10809 4 2 1 11 10 50 11 10 1 12 10 50 12 10 1
569 10810 1 1 1 11 12 1
570 10811 2 2 1 7 10 21 14 10 21
571 10840 14 14 1 0 3 1 1 3 1 2 3 1 3 4 1 4 3 1 5 3 1 6 3 1 7 3 1 8 3 1 9 3 1 10 3 1 11 3 1 12 3 1 15 3 1
572 10871 13 13 1 0 5 1 1 5 1 2 5 1 4 5 1 6 5 1 7 5 1 8 5 1 9 5 1 11 5 1 12 5 1 13 5 1 14 5 1 15 5 1
573 10886 6 2 1 4 11 50 4 11 50 4 11 18 11 12 50 11 12 50 11 12 18
574 10889 2 2 1 1 5 21 9 5 21
575 10890 1 1 1 6 10 1
576 10905 7 7 1 0 9 1 1 9 1 7 9 1 8 9 1 9 10 1 10 9 1 12 9 1
577 10906 1 1 1 10 4 1
578 10908 1 1 1 5 1 1
579 10914 1 1 1 4 7 1
580 10914 1 1 1 0 3 1
581 10917 2 2 1 2 12 21 10 12 21
582 10956 15 15 1 0 15 1 1 15 1 2 15 1 3 15 1 4 15 1 5 15 1 7 15 1 8 15 1 9 15 1 10 15 1 11 15 1 12 15 1 13 15 1 14 15 1 15 0 1
583 10958 1 1 1 0 13 1
584 10982 14 14 1 0 1 1 1 0 1 2 0 1 3 0 1 4 0 1 5 0 1 6 0 1 7 0 1 9 0 1 10 0 1 11 0 1 13 0 1 14 0 1 15 0 1
585 11004 6 3 1 1 7 50 1 7 13 13 7 50 13 7 13 14 7 50 14 7 13
586 11005 1 1 1 6 10 1
587 11005 1 1 1 10 3 1
588 11006 1 1 1 11 2 1
589 11011 1 1 1 9 5 1
590 11023 7 7 1 1 13 1 2 13 1 4 13 1 6 13 1 10 13 1 12 13 1 13 14 1
591 11027 1 1 1 8 9 1
592 11045 6 2 3 8 0 49 10 0 49 8 3 49 10 3 49 8 6 49 10 6 49
593 11046 2 2 1 2 11 1 15 11 1
594 11048 1 1 1 7 8 1
595 11082 14 7 2 0 4 2 1 4 2 5 4 2 8 4 2 9 4 2 11 4 2 12 4 2 0 11 2 1 11 2 5 11 2 8 11 2 9 11 2 11 12 2 12 11 2
596 11082 1 1 1 3 6 1
597 11084 1 1 1 0 9 1
598 11099 6 2 3 7 9 49 8 9 49 7 11 49 8 11 49 7 15 49 8 15 49
599 11100 1 1 1 12 1 1
600 11106 2 2 1 0 6 22 14 6 22
601 11108 1 1 1 3 14 1
602 11132 10 5 2 4 13 1 6 13 1 9 13 1 13 14 1 15 13 1 4 14 1 6 14 1 9 14 1 13 14 1 15 14 1
603 11135 2 2 1 3 12 1 6 12 1
604 11306 60 15 4 0 2 5 1 2 5 2 3 5 4 2 5 5 2 5 6 2 5 7 2 5 8 2 5 9 2 5 10 2 5 11 2 5 12 2 5 13 2 5 14 2 5 15 2 5 0 6 9 1 6 9 2 6 9 4 6 9 5 6 9 6 7 9 7 6 9 8 6 9 9 6 9 10 6 9 11 6 9 12 6 9 13 6 9 14 6 9 15 6 9 0 10 5 1 10 5 2 10 5 4 10 5 5 10 5 6 10 5 7 10 5 8 10 5 9 10 5 10 11 5 11 10 5 12 10 5 13 10 5 14 10 5 15 10 5 0 14 5 1 14 5 2 14 5 4 14 5 5 14 5 6 14 5 7 14 5 8 14 5 9 14 5 10 14 5 11 14 5 12 14 5 13 14 5 14 15 5 15 14 5
605 11337 6 2 1 1 6 50 1 6 50 1 6 23 15 6 50 15 6 50 15 6 23
606 11339 1 1 1 12 0 1
607 11352 6 3 1 3 7 50 3 7 10 11 7 50 11 7 10 14 7 50 14 7 10
608 11382 13 13 1 0 15 1 2 15 1 3 15 1 4 15 1 5 15 1 6 15 1 8 15 1 10 15 1 11 15 1 12 15 1 13 15 1 14 15 1 15 0 1
609 11408 10 5 2 2 1 1 3 1 1 4 1 1 8 1 1 9 1 1 2 5 1 3 5 1 4 5 1 8 5 1 9 5 1
610 11412 2 2 1 3 6 24 5 6 24
611 11428 13 13 1 0 10 1 1 10 1 2 10 1 3 10 1 4 10 1 5 10 1 6 10 1 7 10 1 8 10 1 12 10 1 13 10 1 14 10 1 15 10 1
612 11469 13 13 1 0 13 1 1 13 1 2 13 1 3 13 1 6 13 1 7 13 1 8 13 1 9 13 1 10 13 1 11 13 1 12 13 1 13 14 1 14 13 1
613 11470 1 1 1 2 9 1
614 11489 7 7 1 2 3 1 4 2 1 6 2 1 8 2 1 11 2 1 12 2 1 13 2 1
615 11493 1 1 1 14 3 1
616 11495 1 1 1 11 14 2
617 11534 12 12 1 0 2 1 1 2 1 2 3 1 3 2 1 8 2 1 9 2 1 10 2 1 11 2 1 12 2 1 13 2 1 14 2 1 15 2 1
618 11568 12 12 1 2 7 1 3 7 1 4 7 1 6 7 1 7 8 1 9 7 1 10 7 1 11 7 1 12 7 1 13 7 1 14 7 1 15 7 1
619 11598 15 15 1 0 15 1 1 15 1 2 15 1 3 15 1 4 15 1 5 15 1 6 15 1 7 15 1 8 15 1 9 15 1 10 15 1 12 15 1 13 15 1 14 15 1 15 0 1
620 11599 1 1 1 3 6 1
621 11599 1 1 1 0 4 1
622 11605 1 1 1 8 3 1
623 11616 6 3 1 3 7 50 3 7 12 9 7 50 9 7 12 15 7 50 15 7 12
624 11629 7 7 1 1 3 1 2 3 1 4 3 1 5 3 1 6 3 1 7 3 1 9 3 1
625 11655 11 1 11 4 0 3 4 2 3 4 3 3 4 5 6 4 5 3 4 7 2 4 8 6 4 11 3 4 13 3 4 14 3 4 15 3
626 11657 1 1 1 7 6 1
627 11697 14 14 1 0 1 1 1 2 1 2 1 1 3 1 1 4 1 1 5 1 1 7 1 1 8 1 1 9 1 1 11 1 1 12 1 1 13 1 1 14 1 1 15 1 1
628 11698 2 2 1 7 8 22 14 7 22
629 11698 1 1 1 11 13 1
630 11886 60 4 15 6 0 2 8 0 2 10 0 2 15 0 2 6 1 2 8 1 2 10 1 2 15 1 2 6 3 2 8 3 2 10 3 2 15 3 2 6 4 2 8 4 2 10 4 2 15 4 2 6 5 2 8 5 2 10 5 2 15 5 2 6 7 5 8 6 5 10 6 5 15 6 5 6 7 3 8 7 3 10 7 3 15 7 3 6 8 2 8 9 2 10 8 2 15 8 2 6 9 2 8 9 2 10 9 2 15 9 2 6 10 2 8 10 2 10 11 2 15 10 2 6 11 2 8 11 2 10 11 2 15 11 2 6 12 2 8 12 2 10 12 2 15 12 2 6 13 2 8 13 2 10 13 2 15 13 2 6 14 2 8 14 2 10 14 2 15 14 2 6 15 2 8 15 2 10 15 2 15 0 2
631 11888 1 1 1 0 3 1
632 11905 7 7 1 0 11 1 1 11 1 2 11 1 7 11 1 9 11 1 13 11 1 15 11 1
633 11907 1 1 1 3 9 1
634 11915 2 2 1 6 3 1 14 3 1
635 11915 1 1 1 8 10 1
636 11930 7 7 1 0 12 1 2 12 1 4 12 1 5 12 1 6 12 1 7 12 1 10 12 1
637 11937 2 2 1 2 0 1 12 0 1
638 11975 14 14 1 0 9 1 1 9 1 2 9 1 3 9 1 4 9 1 7 9 1 8 9 1 9 10 1 10 9 1 11 9 1 12 9 1 13 9 1 14 9 1 15 9 1
639 11985 7 7 1 4 8 1 6 8 1 7 8 1 10 8 1 11 8 1 14 8 1 15 8 1
640 11989 4 4 1 2 3 1 3 2 1 8 2 1 15 2 1
641 11989 1 1 1 11 1 1
642 11990 1 1 1 14 6 1
643 11992 1 1 1 3 13 1
644 12126 60 10 3 0 1 50 0 1 21 1 0 50 1 0 21 3 0 50 3 0 21 5 0 50 5 0 21 6 0 50 6 0 21 7 0 50 7 0 21 9 0 50 9 0 21 11 0 50 11 0 21 13 0 50 13 0 21 14 0 50 14 0 21 0 7 50 0 7 21 1 7 50 1 7 21 3 7 50 3 7 21 5 7 50 5 7 21 6 7 50 6 7 21 7 8 50 7 8 21 9 7 50 9 7 21 11 7 50 11 7 21 13 7 50 13 7 21 14 7 50 14 7 21 0 9 50 0 9 8 1 9 50 1 9 8 3 9 50 3 9 8 5 9 50 5 9 8 6 9 50 6 9 8 7 9 50 7 9 8 9 10 50 9 10 8 11 9 50 11 9 8 13 9 50 13 9 8 14 9 50 14 9 8
645 12188 30 10 3 1 2 1 3 1 1 5 1 1 6 1 1 9 1 1 10 1 1 12 1 1 13 1 1 14 1 1 15 1 1 1 6 1 3 6 1 5 6 1 6 7 1 9 6 1 10 6 1 12 6 1 13 6 1 14 6 1 15 6 1 1 10 1 3 10 1 5 10 1 6 10 1 9 10 1 10 11 1 12 10 1 13 10 1 14 10 1 15 10 1
646 12381 75 15 5 0 3 4 1 3 4 2 3 4 4 3 4 5 3 4 6 3 4 7 3 4 8 3 4 9 3 4 10 3 4 11 3 4 12 3 4 13 3 4 14 3 4 15 3 4 0 5 4 1 5 4 2 5 4 4 5 4 5 6 4 6 5 4 7 5 4 8 5 4 9 5 4 10 5 4 11 5 4 12 5 4 13 5 4 14 5 4 15 5 4 0 6 4 1 6 4 2 6 4 4 6 4 5 6 4 6 7 4 7 6 4 8 6 4 9 6 4 10 6 4 11 6 4 12 6 4 13 6 4 14 6 4 15 6 4 0 7 4 1 7 4 2 7 4 4 7 4 5 7 4 6 7 4 7 8 4 8 7 4 9 7 4 10 7 4 11 7 4 12 7 4 13 7 4 14 7 4 15 7 4 0 9 4 1 9 4 2 9 4 4 9 4 5 9 4 6 9 4 7 9 4 8 9 4 9 10 4 10 9 4 11 9 4 12 9 4 13 9 4 14 9 4 15 9 4
647 12403 10 5 2 1 5 1 2 5 1 7 5 1 8 5 1 9 5 1 1 10 1 2 10 1 7 10 1 8 10 1 9 10 1
648 12412 2 2 1 10 14 1 14 15 1
649 12420 2 2 1 5 10 5 13 10 5
650 12421 1 1 1 14 10 18
651 12422 1 1 1 12 1 1
652 12429 3 3 1 2 0 2 6 0 2 11 0 2
653 12432 2 2 1 0 9 1 6 9 1
654 12437 5 5 1 0 3 6 4 3 6 6 3 6 11 3 6 12 3 6
655 12472 15 15 1 0 4 1 1 4 1 2 4 1 3 4 1 4 5 1 5 4 1 6 4 1 7 4 1 8 4 1 9 4 1 10 4 1 11 4 1 12 4 1 13 4 1 14 4 1
656 12495 13 13 1 1 8 1 2 8 1 3 8 1 4 8 1 5 8 1 6 8 1 7 8 1 9 8 1 11 8 1 12 8 1 13 8 1 14 8 1 15 8 1
657 12497 1 1 1 11 0 1
658 12529 7 7 1 2 8 1 5 8 1 6 8 1 7 8 1 11 8 1 12 8 1 13 8 1
659 12531 2 2 1 3 4 25 4 3 25
660 12531 1 1 1 7 15 1
661 12544 6 3 1 2 13 50 2 13 12 4 13 50 4 13 12 14 13 50 14 13 12
662 12567 14 14 1 0 14 1 1 14 1 2 14 1 3 14 1 4 14 1 5 14 1 6 14 1 8 14 1 9 14 1 10 14 1 11 14 1 12 14 1 13 14 1 14 15 1
663 12611 13 13 1 0 1 1 1 2 1 2 1 1 3 1 1 4 1 1 5 1 1 6 1 1 9 1 1 10 1 1 11 1 1 13 1 1 14 1 1 15 1 1
664 12613 1 1 1 12 7 1
665 12631 14 14 1 0 7 1 1 7 1 2 7 1 4 7 1 5 7 1 6 7 1 7 8 1 8 7 1 9 7 1 10 7 1 11 7 1 12 7 1 13 7 1 15 7 1
666 12654 9 1 1 7 6 50 7 6 50 7 6 50 7 6 50 7 6 50 7 6 50 7 6 50 7 6 50 7 6 23
667 12655 1 1 1 2 12 1
668 12659 1 1 1 10 11 1
669 12667 2 2 1 0 1 1 7 0 1
670 13202 203 7 7 1 0 50 1 0 50 1 0 50 1 0 48 3 0 50 3 0 50 3 0 50 3 0 48 4 0 50 4 0 50 4 0 50 4 0 48 6 0 50 6 0 50 6 0 50 6 0 48 10 0 50 10 0 50 10 0 50 10 0 48 12 0 50 12 0 50 12 0 50 12 0 48 15 0 50 15 0 50 15 0 50 15 0 48 1 2 50 1 2 50 1 2 50 1 2 48 3 2 50 3 2 50 3 2 50 3 2 48 4 2 50 4 2 50 4 2 50 4 2 48 6 2 50 6 2 50 6 2 50 6 2 48 10 2 50 10 2 50 10 2 50 10 2 48 12 2 50 12 2 50 12 2 50 12 2 48 15 2 50 15 2 50 15 2 50 15 2 48 1 3 50 1 3 50 1 3 50 1 3 50 1 3 12 3 4 50 3 4 50 3 4 50 3 4 50 3 4 12 4 3 50 4 3 50 4 3 50 4 3 50 4 3 12 6 3 50 6 3 50 6 3 50 6 3 50 6 3 12 10 3 50 10 3 50 10 3 50 10 3 50 10 3 12 12 3 50 12 3 50 12 3 50 12 3 50 12 3 12 15 3 50 15 3 50 15 3 50 15 3 50 15 3 12 1 5 50 1 5 50 1 5 50 1 5 48 3 5 50 3 5 50 3 5 50 3 5 48 4 5 50 4 5 50 4 5 50 4 5 48 6 5 50 6 5 50 6 5 50 6 5 48 10 5 50 10 5 50 10 5 50 10 5 48 12 5 50 12 5 50 12 5 50 12 5 48 15 5 50 15 5 50 15 5 50 15 5 48 1 8 50 1 8 50 1 8 50 1 8 48 3 8 50 3 8 50 3 8 50 3 8 48 4 8 50 4 8 50 4 8 50 4 8 48 6 8 50 6 8 50 6 8 50 6 8 48 10 8 50 10 8 50 10 8 50 10 8 48 12 8 50 12 8 50 12 8 50 12 8 48 15 8 50 15 8 50 15 8 50 15 8 48 1 9 50 1 9 50 1 9 50 1 9 48 3 9 50 3 9 50 3 9 50 3 9 48 4 9 50 4 9 50 4 9 50 4 9 48 6 9 50 6 9 50 6 9 50 6 9 48 10 9 50 10 9 50 10 9 50 10 9 48 12 9 50 12 9 50 12 9 50 12 9 48 15 9 50 15 9 50 15 9 50 15 9 48 1 13 50 1 13 50 1 13 50 1 13 48 3 13 50 3 13 50 3 13 50 3 13 48 4 13 50 4 13 50 4 13 50 4 13 48 6 13 50 6 13 50 6 13 50 6 13 48 10 13 50 10 13 50 10 13 50 10 13 48 12 13 50 12 13 50 12 13 50 12 13 48 15 13 50 15 13 50 15 13 50 15 13 48
671 13225 6 3 1 7 2 50 7 2 14 12 2 50 12 2 14 15 2 50 15 2 14
672 13243 14 14 1 0 12 1 1 12 1 2 12 1 3 12 1 5 12 1 6 12 1 7 12 1 8 12 1 9 12 1 10 12 1 11 12 1 12 13 1 13 12 1 15 12 1
673 13247 1 1 1 2 7 1
674 13248 1 1 1 5 9 1
675 13283 14 14 1 0 4 1 1 4 1 2 4 1 3 4 1 4 5 1 5 4 1 6 4 1 7 4 1 8 4 1 11 4 1 12 4 1 13 4 1 14 4 1 15 4 1
676 13290 1 1 1 2 7 2
677 13342 28 14 1 0 7 50 0 7 8 1 7 50 1 7 8 2 7 50 2 7 8 3 7 50 3 7 8 4 7 50 4 7 8 5 7 50 5 7 8 6 7 50 6 7 8 8 7 50 8 7 8 9 7 50 9 7 8 10 7 50 10 7 8 11 7 50 11 7 8 13 7 50 13 7 8 14 7 50 14 7 8 15 7 50 15 7 8
678 13349 3 3 1 9 13 1 12 13 1 13 14 1
679 13350 1 1 1 1 5 1
680 13350 1 1 1 10 3 1
681 13359 6 3 1 1 4 50 1 4 10 2 4 50 2 4 10 4 5 50 4 5 10
682 13365 2 2 1 2 4 1 4 5 1
683 13377 6 2 3 2 1 1 7 1 1 2 3 1 7 2 1 2 5 4 7 5 4
684 13415 15 15 1 0 14 1 2 14 1 3 14 1 4 14 1 5 14 1 6 14 1 7 14 1 8 14 1 9 14 1 10 14 1 11 14 1 12 14 1 13 14 1 14 15 1 15 14 1
685 13445 14 14 1 0 11 1 2 11 1 3 11 1 4 11 1 5 11 1 6 11 1 7 11 1 9 11 1 10 11 1 11 12 1 12 11 1 13 11 1 14 11 1 15 11 1
686 13450 2 2 1 1 9 24 4 9 24
687 13492 15 15 1 0 7 1 1 7 1 2 7 1 3 7 1 4 7 1 5 7 1 6 7 1 7 8 1 8 7 1 10 7 1 11 7 1 12 7 1 13 7 1 14 7 1 15 7 1
688 13506 7 7 1 2 8 1 3 8 1 5 8 1 8 9 1 9 8 1 10 8 1 13 8 1
689 13508 1 1 1 9 2 1
690 13509 1 1 1 12 9 1
691 13538 13 13 1 1 10 1 2 10 1 3 10 1 4 10 1 5 10 1 6 10 1 8 10 1 9 10 1 10 11 1 11 10 1 12 10 1 13 10 1 14 10 1
692 13542 1 1 1 2 6 1
693 13547 1 1 1 7 9 1
694 13594 7 7 1 0 14 1 2 14 1 9 14 1 10 14 1 12 14 1 13 14 1 15 14 1
695 13595 1 1 1 6 9 2
696 13596 1 1 1 10 13 1
697 13607 3 3 1 1 8 1 4 8 1 15 8 1
698 13776 60 15 4 0 6 5 1 6 5 2 6 5 3 6 5 4 6 5 5 6 5 6 7 5 7 6 5 8 6 5 9 6 5 10 6 5 11 6 5 13 6 5 14 6 5 15 6 5 0 7 9 1 7 9 2 7 9 3 7 9 4 7 9 5 7 9 6 7 9 7 8 9 8 7 9 9 7 9 10 7 9 11 7 9 13 7 9 14 7 9 15 7 9 0 10 5 1 10 5 2 10 5 3 10 5 4 10 5 5 10 5 6 10 5 7 10 5 8 10 5 9 10 5 10 11 5 11 10 5 13 10 5 14 10 5 15 10 5 0 14 5 1 14 5 2 14 5 3 14 5 4 14 5 5 14 5 6 14 5 7 14 5 8 14 5 9 14 5 10 14 5 11 14 5 13 14 5 14 15 5 15 14 5
699 13964 75 15 5 0 4 5 1 4 5 2 4 5 3 4 5 4 5 5 6 4 5 7 4 5 8 4 5 9 4 5 10 4 5 11 4 5 12 4 5 13 4 5 14 4 5 15 4 5 0 10 5 1 10 5 2 10 5 3 10 5 4 10 5 6 10 5 7 10 5 8 10 5 9 10 5 10 11 5 11 10 5 12 10 5 13 10 5 14 10 5 15 10 5 0 11 5 1 11 5 2 11 5 3 11 5 4 11 5 6 11 5 7 11 5 8 11 5 9 11 5 10 11 5 11 12 5 12 11 5 13 11 5 14 11 5 15 11 5 0 12 5 1 12 5 2 12 5 3 12 5 4 12 5 6 12 5 7 12 5 8 12 5 9 12 5 10 12 5 11 12 5 12 13 5 13 12 5 14 12 5 15 12 5 0 13 5 1 13 5 2 13 5 3 13 5 4 13 5 6 13 5 7 13 5 8 13 5 9 13 5 10 13 5 11 13 5 12 13 5 13 14 5 14 13 5 15 13 5
700 13969 1 1 1 5 4 1
701 13988 7 7 1 2 3 1 4 3 1 5 3 1 8 3 1 12 3 1 13 3 1 15 3 1
702 13996 1 1 1 11 12 1
703 13997 1 1 1 8 12 1
704 14020 14 14 1 1 14 1 2 14 1 3 14 1 4 14 1 5 14 1 6 14 1 7 14 1 8 14 1 9 14 1 10 14 1 11 14 1 12 14 1 13 14 1 15 14 1
705 14443 182 13 14 1 0 40 2 0 40 3 0 40 4 0 40 5 0 40 6 0 40 7 0 40 8 0 40 9 0 40 10 0 40 11 0 40 14 0 40 15 0 40 1 2 20 2 1 20 3 1 20 4 1 20 5 1 20 6 1 20 7 1 20 8 1 20 9 1 20 10 1 20 11 1 20 14 1 20 15 1 20 1 2 20 2 3 20 3 2 20 4 2 20 5 2 20 6 2 20 7 2 20 8 2 20 9 2 20 10 2 20 11 2 20 14 2 20 15 2 20 1 3 20 2 3 20 3 4 20 4 3 20 5 3 20 6 3 20 7 3 20 8 3 20 9 3 20 10 3 20 11 3 20 14 3 20 15 3 20 1 4 20 2 4 20 3 4 20 4 5 20 5 4 20 6 4 20 7 4 20 8 4 20 9 4 20 10 4 20 11 4 20 14 4 20 15 4 20 1 6 20 2 6 20 3 6 20 4 6 20 5 6 20 6 7 20 7 6 20 8 6 20 9 6 20 10 6 20 11 6 20 14 6 20 15 6 20 1 7 23 2 7 23 3 7 23 4 7 23 5 7 23 6 7 23 7 8 23 8 7 23 9 7 23 10 7 23 11 7 23 14 7 23 15 7 23 1 8 20 2 8 20 3 8 20 4 8 20 5 8 20 6 8 20 7 8 20 8 9 20 9 8 20 10 8 20 11 8 20 14 8 20 15 8 20 1 9 20 2 9 20 3 9 20 4 9 20 5 9 20 6 9 20 7 9 20 8 9 20 9 10 20 10 9 20 11 9 20 14 9 20 15 9 20 1 10 41 2 10 41 3 10 41 4 10 41 5 10 41 6 10 41 7 10 41 8 10 41 9 10 41 10 11 41 11 10 41 14 10 41 15 10 41 1 12 20 2 12 20 3 12 20 4 12 20 5 12 20 6 12 20 7 12 20 8 12 20 9 12 20 10 12 20 11 12 20 14 12 20 15 12 20 1 13 20 2 13 20 3 13 20 4 13 20 5 13 20 6 13 20 7 13 20 8 13 20 9 13 20 10 13 20 11 13 20 14 13 20 15 13 20 1 14 20 2 14 20 3 14 20 4 14 20 5 14 20 6 14 20 7 14 20 8 14 20 9 14 20 10 14 20 11 14 20 14 15 20 15 14 20 1 15 20 2 15 20 3 15 20 4 15 20 5 15 20 6 15 20 7 15 20 8 15 20 9 15 20 10 15 20 11 15 20 14 15 20 15 0 20
706 14449 4 4 1 0 11 1 4 11 1 12 11 1 13 11 1
707 14458 2 2 1 3 10 5 11 10 5
708 14461 1 1 1 1 2 1
709 14652 75 15 5 0 1 5 1 2 5 2 1 5 3 1 5 4 1 5 5 1 5 6 1 5 8 1 5 9 1 5 10 1 5 11 1 5 12 1 5 13 1 5 14 1 5 15 1 5 0 4 5 1 4 5 2 4 5 3 4 5 4 5 5 5 4 5 6 4 5 8 4 5 9 4 5 10 4 5 11 4 5 12 4 5 13 4 5 14 4 5 15 4 5 0 9 5 1 9 5 2 9 5 3 9 5 4 9 5 5 9 5 6 9 5 8 9 5 9 10 5 10 9 5 11 9 5 12 9 5 13 9 5 14 9 5 15 9 5 0 12 5 1 12 5 2 12 5 3 12 5 4 12 5 5 12 5 6 12 5 8 12 5 9 12 5 10 12 5 11 12 5 12 13 5 13 12 5 14 12 5 15 12 5 0 13 5 1 13 5 2 13 5 3 13 5 4 13 5 5 13 5 6 13 5 8 13 5 9 13 5 10 13 5 11 13 5 12 13 5 13 14 5 14 13 5 15 13 5
710 14657 1 1 1 15 2 1
711 14662 2 2 1 4 14 5 14 15 5
712 14667 2 2 1 7 8 1 14 7 1
713 14697 16 1 16 4 0 2 4 1 1 4 2 2 4 3 1 4 5 1 4 5 1 4 6 1 4 7 1 4 8 2 4 9 1 4 10 1 4 11 1 4 12 1 4 13 1 4 14 2 4 15 1
714 14700 3 3 1 0 12 1 3 12 1 4 12 1
715 14731 13 13 1 0 4 1 1 4 1 2 4 1 3 4 1 4 5 1 5 4 1 6 4 1 7 4 1 8 4 1 10 4 1 11 4 1 12 4 1 14 4 1
716 14752 12 12 1 0 10 1 1 10 1 2 10 1 3 10 1 4 10 1 6 10 1 7 10 1 10 11 1 12 10 1 13 10 1 14 10 1 15 10 1
717 14754 1 1 1 1 4 1
718 14764 7 7 1 3 10 1 4 10 1 6 10 1 9 10 1 10 11 1 12 10 1 15 10 1
719 14771 3 3 1 1 6 2 5 6 2 13 6 2
720 14786 10 5 2 3 5 1 9 5 1 12 5 1 13 5 1 15 5 1 3 12 1 9 12 1 12 13 1 13 12 1 15 12 1
721 14808 15 15 1 0 15 1 1 15 1 2 15 1 3 15 1 4 15 1 6 15 1 7 15 1 8 15 1 9 15 1 10 15 1 11 15 1 12 15 1 13 15 1 14 15 1 15 0 1
722 14819 1 1 1 2 11 1
723 14825 3 3 1 7 11 1 11 12 1 12 11 1
724 14826 1 1 1 15 9 1
725 14839 3 3 1 6 7 1 7 8 1 8 7 1
726 14963 60 15 4 0 1 5 1 2 5 2 1 5 3 1 5 4 1 5 5 1 5 6 1 5 7 1 5 8 1 5 9 1 5 10 1 5 11 1 5 12 1 5 13 1 5 15 1 5 0 5 9 1 5 9 2 5 9 3 5 9 4 5 9 5 6 9 6 5 9 7 5 9 8 5 9 9 5 9 10 5 9 11 5 9 12 5 9 13 5 9 15 5 9 0 9 5 1 9 5 2 9 5 3 9 5 4 9 5 5 9 5 6 9 5 7 9 5 8 9 5 9 10 5 10 9 5 11 9 5 12 9 5 13 9 5 15 9 5 0 11 5 1 11 5 2 11 5 3 11 5 4 11 5 5 11 5 6 11 5 7 11 5 8 11 5 9 11 5 10 11 5 11 12 5 12 11 5 13 11 5 15 11 5
727 15000 13 13 1 0 12 1 1 12 1 2 12 1 3 12 1 4 12 1 5 12 1 6 12 1 9 12 1 10 12 1 12 13 1 13 12 1 14 12 1 15 12 1
728 15156 60 15 4 0 1 5 1 2 5 2 1 5 3 1 5 4 1 5 5 1 5 6 1 5 7 1 5 9 1 5 10 1 5 11 1 5 12 1 5 13 1 5 14 1 5 15 1 5 0 8 9 1 8 9 2 8 9 3 8 9 4 8 9 5 8 9 6 8 9 7 8 9 9 8 9 10 8 9 11 8 9 12 8 9 13 8 9 14 8 9 15 8 9 0 10 5 1 10 5 2 10 5 3 10 5 4 10 5 5 10 5 6 10 5 7 10 5 9 10 5 10 11 5 11 10 5 12 10 5 13 10 5 14 10 5 15 10 5 0 14 5 1 14 5 2 14 5 3 14 5 4 14 5 5 14 5 6 14 5 7 14 5 9 14 5 10 14 5 11 14 5 12 14 5 13 14 5 14 15 5 15 14 5
729 15174 7 7 1 0 4 1 1 4 1 2 4 1 8 4 1 9 4 1 11 4 1 14 4 1
730 15181 1 1 1 15 11 1
731 15195 7 7 1 0 8 1 2 8 1 3 8 1 4 8 1 7 8 1 11 8 1 12 8 1
732 15209 7 7 1 3 14 1 4 14 1 6 14 1 8 14 1 10 14 1 11 14 1 14 15 1
733 15214 2 2 1 8 0 5 9 0 5
734 15215 1 1 1 14 2 1
735 15218 2 2 1 5 12 25 13 12 25
736 15220 1 1 1 9 12 1
737 15222 1 1 1 12 15 1
738 15225 3 3 1 5 13 2 6 13 2 13 14 2
739 15237 6 2 1 1 8 50 1 8 50 1 8 11 2 8 50 2 8 50 2 8 11
740 15241 1 1 1 3 12 11
741 15417 75 15 5 0 2 4 1 2 4 2 3 4 3 2 4 4 2 4 5 2 4 6 2 4 7 2 4 8 2 4 9 2 4 10 2 4 11 2 4 13 2 4 14 2 4 15 2 4 0 6 4 1 6 4 2 6 4 3 6 4 4 6 4 5 6 4 6 7 4 7 6 4 8 6 4 9 6 4 10 6 4 11 6 4 13 6 4 14 6 4 15 6 4 0 7 4 1 7 4 2 7 4 3 7 4 4 7 4 5 7 4 6 7 4 7 8 4 8 7 4 9 7 4 10 7 4 11 7 4 13 7 4 14 7 4 15 7 4 0 10 4 1 10 4 2 10 4 3 10 4 4 10 4 5 10 4 6 10 4 7 10 4 8 10 4 9 10 4 10 11 4 11 10 4 13 10 4 14 10 4 15 10 4 0 15 4 1 15 4 2 15 4 3 15 4 4 15 4 5 15 4 6 15 4 7 15 4 8 15 4 9 15 4 10 15 4 11 15 4 13 15 4 14 15 4 15 0 4
742 15930 203 7 7 1 2 50 1 2 50 1 2 50 1 2 48 4 2 50 4 2 50 4 2 50 4 2 48 5 2 50 5 2 50 5 2 50 5 2 48 6 2 50 6 2 50 6 2 50 6 2 48 8 2 50 8 2 50 8 2 50 8 2 48 11 2 50 11 2 50 11 2 50 11 2 48 12 2 50 12 2 50 12 2 50 12 2 48 1 6 50 1 6 50 1 6 50 1 6 48 4 6 50 4 6 50 4 6 50 4 6 48 5 6 50 5 6 50 5 6 50 5 6 48 6 7 50 6 7 50 6 7 50 6 7 48 8 6 50 8 6 50 8 6 50 8 6 48 11 6 50 11 6 50 11 6 50 11 6 48 12 6 50 12 6 50 12 6 50 12 6 48 1 8 50 1 8 50 1 8 50 1 8 50 1 8 12 4 8 50 4 8 50 4 8 50 4 8 50 4 8 12 5 8 50 5 8 50 5 8 50 5 8 50 5 8 12 6 8 50 6 8 50 6 8 50 6 8 50 6 8 12 8 9 50 8 9 50 8 9 50 8 9 50 8 9 12 11 8 50 11 8 50 11 8 50 11 8 50 11 8 12 12 8 50 12 8 50 12 8 50 12 8 50 12 8 12 1 9 50 1 9 50 1 9 50 1 9 48 4 9 50 4 9 50 4 9 50 4 9 48 5 9 50 5 9 50 5 9 50 5 9 48 6 9 50 6 9 50 6 9 50 6 9 48 8 9 50 8 9 50 8 9 50 8 9 48 11 9 50 11 9 50 11 9 50 11 9 48 12 9 50 12 9 50 12 9 50 12 9 48 1 10 50 1 10 50 1 10 50 1 10 48 4 10 50 4 10 50 4 10 50 4 10 48 5 10 50 5 10 50 5 10 50 5 10 48 6 10 50 6 10 50 6 10 50 6 10 48 8 10 50 8 10 50 8 10 50 8 10 48 11 10 50 11 10 50 11 10 50 11 10 48 12 10 50 12 10 50 12 10 50 12 10 48 1 13 50 1 13 50 1 13 50 1 13 48 4 13 50 4 13 50 4 13 50 4 13 48 5 13 50 5 13 50 5 13 50 5 13 48 6 13 50 6 13 50 6 13 50 6 13 48 8 13 50 8 13 50 8 13 50 8 13 48 11 13 50 11 13 50 11 13 50 11 13 48 12 13 50 12 13 50 12 13 50 12 13 48 1 14 50 1 14 50 1 14 50 1 14 48 4 14 50 4 14 50 4 14 50 4 14 48 5 14 50 5 14 50 5 14 50 5 14 48 6 14 50 6 14 50 6 14 50 6 14 48 8 14 50 8 14 50 8 14 50 8 14 48 11 14 50 11 14 50 11 14 50 11 14 48 12 14 50 12 14 50 12 14 50 12 14 48
743 15944 4 4 1 5 8 1 12 8 1 13 8 1 15 8 1
744 15944 1 1 1 3 15 1
745 15944 1 1 1 11 12 1
746 15979 13 13 1 0 11 1 2 11 1 3 11 1 4 11 1 5 11 1 6 11 1 8 11 1 9 11 1 10 11 1 12 11 1 13 11 1 14 11 1 15 11 1
747 16131 60 4 15 6 1 2 7 1 2 9 1 2 13 1 2 6 2 2 7 2 2 9 2 2 13 2 2 6 3 2 7 3 2 9 3 2 13 3 2 6 4 2 7 4 2 9 4 2 13 4 2 6 5 2 7 5 2 9 5 2 13 5 2 6 7 5 7 6 5 9 6 5 13 6 5 6 7 3 7 8 3 9 7 3 13 7 3 6 8 2 7 8 2 9 8 2 13 8 2 6 9 2 7 9 2 9 10 2 13 9 2 6 10 2 7 10 2 9 10 2 13 10 2 6 11 2 7 11 2 9 11 2 13 11 2 6 12 2 7 12 2 9 12 2 13 12 2 6 13 2 7 13 2 9 13 2 13 14 2 6 14 2 7 14 2 9 14 2 13 14 2 6 15 2 7 15 2 9 15 2 13 15 2
748 16140 2 2 1 2 3 44 14 3 44
749 16158 10 5 2 4 5 47 6 5 47 7 5 47 8 5 47 12 5 47 4 11 47 6 11 47 7 11 47 8 11 47 12 11 47
750 16188 6 2 1 12 5 50 12 5 50 12 5 38 14 5 50 14 5 50 14 5 38
751 16268 30 10 3 2 7 1 4 7 1 5 7 1 6 7 1 7 8 1 8 7 1 9 7 1 10 7 1 11 7 1 15 7 1 2 12 1 4 12 1 5 12 1 6 12 1 7 12 1 8 12 1 9 12 1 10 12 1 11 12 1 15 12 1 2 15 1 4 15 1 5 15 1 6 15 1 7 15 1 8 15 1 9 15 1 10 15 1 11 15 1 15 0 1
752 16269 1 1 1 3 11 1
753 16288 12 12 1 1 15 1 2 15 1 4 15 1 5 15 1 8 15 1 9 15 1 10 15 1 11 15 1 12 15 1 13 15 1 14 15 1 15 0 1
754 16317 13 13 1 0 1 1 1 2 1 2 1 1 4 1 1 7 1 1 8 1 1 9 1 1 10 1 1 11 1 1 12 1 1 13 1 1 14 1 1 15 1 1
755 16319 1 1 1 11 2 1
756 16322 3 3 1 3 2 1 11 2 1 15 2 1
757 16324 1 1 1 9 12 1
758 16373 14 14 1 0 6 1 1 6 1 2 6 1 5 6 1 6 7 1 7 6 1 8 6 1 9 6 1 10 6 1 11 6 1 12 6 1 13 6 1 14 6 1 15 6 1
759 16380 1 1 1 2 11 1
760 16411 15 15 1 0 2 1 1 2 1 2 3 1 3 2 1 4 2 1 5 2 1 6 2 1 8 2 1 9 2 1 10 2 1 11 2 1 12 2 1 13 2 1 14 2 1 15 2 1
761 16482 24 8 3 1 7 29 3 7 29 5 7 29 9 7 29 12 7 29 13 7 29 14 7 29 15 7 29 1 8 26 3 8 26 5 8 26 9 8 26 12 8 26 13 8 26 14 8 26 15 8 26 1 14 26 3 14 26 5 14 26 9 14 26 12 14 26 13 14 26 14 15 26 15 14 26
762 16491 2 2 1 13 14 19 14 13 19
763 16493 1 1 1 4 6 1
764 16530 14 14 1 0 13 1 1 13 1 2 13 1 3 13 1 4 13 1 5 13 1 6 13 1 8 13 1 9 13 1 10 13 1 11 13 1 12 13 1 14 13 1 15 13 1
765 16569 15 15 1 0 13 1 1 13 1 2 13 1 3 13 1 4 13 1 5 13 1 6 13 1 7 13 1 8 13 1 9 13 1 10 13 1 11 13 1 12 13 1 14 13 1 15 13 1
766 16572 2 2 1 0 13 1 2 13 1
767 16575 1 1 1 10 0 1
768 16582 1 1 1 0 11 1
769 16583 1 1 1 4 5 2
770 16584 2 2 1 0 13 1 8 13 1
771 16613 12 6 2 2 4 1 3 4 1 5 4 1 9 4 1 10 4 1 14 4 1 2 14 1 3 14 1 5 14 1 9 14 1 10 14 1 14 15 1
772 17061 180 12 15 0 1 4 3 0 4 4 0 4 5 0 4 6 0 4 9 0 4 10 0 4 11 0 4 12 0 4 13 0 4 14 0 4 15 0 4 0 1 4 3 1 4 4 1 4 5 1 4 6 1 4 9 1 4 10 1 4 11 1 4 12 1 4 13 1 4 14 1 4 15 1 4 0 2 4 3 2 4 4 2 4 5 2 4 6 2 4 9 2 4 10 2 4 11 2 4 12 2 4 13 2 4 14 2 4 15 2 4 0 3 4 3 4 4 4 3 4 5 3 4 6 3 4 9 3 4 10 3 4 11 3 4 12 3 4 13 3 4 14 3 4 15 3 4 0 4 4 3 4 4 4 5 4 5 4 4 6 4 4 9 4 4 10 4 4 11 4 4 12 4 4 13 4 4 14 4 4 15 4 4 0 5 8 3 5 8 4 5 8 5 6 8 6 5 8 9 5 8 10 5 8 11 5 8 12 5 8 13 5 8 14 5 8 15 5 8 0 6 5 3 6 5 4 6 5 5 6 5 6 7 5 9 6 5 10 6 5 11 6 5 12 6 5 13 6 5 14 6 5 15 6 5 0 7 4 3 7 4 4 7 4 5 7 4 6 7 4 9 7 4 10 7 4 11 7 4 12 7 4 13 7 4 14 7 4 15 7 4 0 8 4 3 8 4 4 8 4 5 8 4 6 8 4 9 8 4 10 8 4 11 8 4 12 8 4 13 8 4 14 8 4 15 8 4 0 9 4 3 9 4 4 9 4 5 9 4 6 9 4 9 10 4 10 9 4 11 9 4 12 9 4 13 9 4 14 9 4 15 9 4 0 11 4 3 11 4 4 11 4 5 11 4 6 11 4 9 11 4 10 11 4 11 12 4 12 11 4 13 11 4 14 11 4 15 11 4 0 12 4 3 12 4 4 12 4 5 12 4 6 12 4 9 12 4 10 12 4 11 12 4 12 13 4 13 12 4 14 12 4 15 12 4 0 13 4 3 13 4 4 13 4 5 13 4 6 13 4 9 13 4 10 13 4 11 13 4 12 13 4 13 14 4 14 13 4 15 13 4 0 14 4 3 14 4 4 14 4 5 14 4 6 14 4 9 14 4 10 14 4 11 14 4 12 14 4 13 14 4 14 15 4 15 14 4 0 15 4 3 15 4 4 15 4 5 15 4 6 15 4 9 15 4 10 15 4 11 15 4 12 15 4 13 15 4 14 15 4 15 0 4
773 17061 1 1 1 7 6 1
774 17066 2 2 1 1 7 46 14 7 46
775 17066 1 1 1 1 11 1
776 17090 7 7 1 5 7 1 6 7 1 10 7 1 11 7 1 13 7 1 14 7 1 15 7 1
777 17092 3 3 1 3 4 1 7 4 1 14 4 1
778 17093 1 1 1 9 5 1
779 17093 1 1 1 10 2 1
780 17094 1 1 1 4 5 1
781 17094 1 1 1 0 11 1
782 17122 14 14 1 0 1 1 1 0 1 2 0 1 5 0 1 6 0 1 7 0 1 8 0 1 9 0 1 10 0 1 11 0 1 12 0 1 13 0 1 14 0 1 15 0 1
783 17123 1 1 1 2 0 1
784 17126 1 1 1 6 7 1
785 17166 14 7 2 1 2 2 5 1 2 6 1 2 8 1 2 13 1 2 14 1 2 15 1 2 1 5 2 5 6 2 6 5 2 8 5 2 13 5 2 14 5 2 15 5 2
786 17175 6 2 1 7 5 50 7 5 50 7 5 18 10 5 50 10 5 50 10 5 18
787 17188 10 5 2 0 4 1 2 4 1 3 4 1 7 4 1 13 4 1 0 6 1 2 6 1 3 6 1 7 6 1 13 6 1
788 17196 6 3 1 1 6 50 1 6 13 8 6 50 8 6 13 14 6 50 14 6 13
789 17231 13 13 1 0 14 1 1 14 1 4 14 1 6 14 1 7 14 1 8 14 1 9 14 1 10 14 1 11 14 1 12 14 1 13 14 1 14 15 1 15 14 1
790 17232 1 1 1 12 15 1
791 17232 1 1 1 12 0 1
792 17234 1 1 1 6 15 1
793 17242 1 1 1 9 13 1
794 17280 14 14 1 0 3 1 3 4 1 4 3 1 5 3 1 6 3 1 7 3 1 8 3 1 9 3 1 10 3 1 11 3 1 12 3 1 13 3 1 14 3 1 15 3 1
795 17280 1 1 1 8 7 1
796 17280 1 1 1 13 1 1
797 17353 24 4 1 1 13 50 1 13 50 1 13 50 1 13 50 1 13 50 1 13 45 8 13 50 8 13 50 8 13 50 8 13 50 8 13 50 8 13 45 11 13 50 11 13 50 11 13 50 11 13 50 11 13 50 11 13 45 14 13 50 14 13 50 14 13 50 14 13 50 14 13 50 14 13 45
798 17793 180 12 15 0 1 4 2 0 4 3 0 4 4 0 4 5 0 4 6 0 4 7 0 4 8 0 4 10 0 4 12 0 4 13 0 4 14 0 4 0 1 4 2 1 4 3 1 4 4 1 4 5 1 4 6 1 4 7 1 4 8 1 4 10 1 4 12 1 4 13 1 4 14 1 4 0 3 4 2 3 4 3 4 4 4 3 4 5 3 4 6 3 4 7 3 4 8 3 4 10 3 4 12 3 4 13 3 4 14 3 4 0 4 4 2 4 4 3 4 4 4 5 4 5 4 4 6 4 4 7 4 4 8 4 4 10 4 4 12 4 4 13 4 4 14 4 4 0 5 4 2 5 4 3 5 4 4 5 4 5 6 4 6 5 4 7 5 4 8 5 4 10 5 4 12 5 4 13 5 4 14 5 4 0 6 8 2 6 8 3 6 8 4 6 8 5 6 8 6 7 8 7 6 8 8 6 8 10 6 8 12 6 8 13 6 8 14 6 8 0 7 5 2 7 5 3 7 5 4 7 5 5 7 5 6 7 5 7 8 5 8 7 5 10 7 5 12 7 5 13 7 5 14 7 5 0 8 4 2 8 4 3 8 4 4 8 4 5 8 4 6 8 4 7 8 4 8 9 4 10 8 4 12 8 4 13 8 4 14 8 4 0 9 4 2 9 4 3 9 4 4 9 4 5 9 4 6 9 4 7 9 4 8 9 4 10 9 4 12 9 4 13 9 4 14 9 4 0 10 4 2 10 4 3 10 4 4 10 4 5 10 4 6 10 4 7 10 4 8 10 4 10 11 4 12 10 4 13 10 4 14 10 4 0 11 4 2 11 4 3 11 4 4 11 4 5 11 4 6 11 4 7 11 4 8 11 4 10 11 4 12 11 4 13 11 4 14 11 4 0 12 4 2 12 4 3 12 4 4 12 4 5 12 4 6 12 4 7 12 4 8 12 4 10 12 4 12 13 4 13 12 4 14 12 4 0 13 4 2 13 4 3 13 4 4 13 4 5 13 4 6 13 4 7 13 4 8 13 4 10 13 4 12 13 4 13 14 4 14 13 4 0 14 4 2 14 4 3 14 4 4 14 4 5 14 4 6 14 4 7 14 4 8 14 4 10 14 4 12 14 4 13 14 4 14 15 4 0 15 4 2 15 4 3 15 4 4 15 4 5 15 4 6 15 4 7 15 4 8 15 4 10 15 4 12 15 4 13 15 4 14 15 4
799 17796 1 1 1 0 11 2
800 17799 1 1 1 3 5 1
801 17803 2 2 1 0 4 31 15 4 31
802 17828 13 13 1 0 1 1 1 0 1 3 0 1 4 0 1 5 0 1 6 0 1 7 0 1 8 0 1 10 0 1 12 0 1 13 0 1 14 0 1 15 0 1
803 17835 6 2 1 0 7 50 0 7 50 0 7 23 14 7 50 14 7 50 14 7 23
804 17837 2 2 1 0 3 22 8 3 22
805 17847 1 1 1 11 5 1
806 17852 2 2 1 5 0 41 9 0 41
807 17856 1 1 1 15 6 1
808 17860 3 3 1 8 3 2 10 3 2 15 3 2
809 17864 1 1 1 15 0 1
810 17891 7 7 1 0 13 1 2 13 1 4 13 1 6 13 1 12 13 1 13 14 1 14 13 1
811 17908 13 13 1 0 9 1 1 9 1 2 9 1 3 9 1 4 9 1 5 9 1 7 9 1 9 10 1 10 9 1 11 9 1 12 9 1 13 9 1 14 9 1
812 17909 1 1 1 14 11 1
813 17958 15 15 1 0 4 1 2 4 1 3 4 1 4 5 1 5 4 1 6 4 1 7 4 1 8 4 1 9 4 1 10 4 1 11 4 1 12 4 1 13 4 1 14 4 1 15 4 1
814 17969 6 3 1 5 15 50 5 15 3 9 15 50 9 15 3 15 0 50 15 0 3
815 18002 12 1 1 7 0 50 7 0 50 7 0 50 7 0 50 7 0 50 7 0 50 7 0 50 7 0 50 7 0 50 7 0 50 7 0 50 7 0 33
816 18011 2 2 1 6 2 20 10 2 20
817 18012 1 1 1 11 13 1
818 18012 1 1 1 1 7 1
819 18052 15 15 1 0 5 1 1 5 1 2 5 1 3 5 1 4 5 1 6 5 1 7 5 1 8 5 1 9 5 1 10 5 1 11 5 1 12 5 1 13 5 1 14 5 1 15 5 1
820 18078 13 13 1 1 2 1 2 3 1 3 2 1 4 2 1 5 2 1 6 2 1 7 2 1 8 2 1 9 2 1 10 2 1 12 2 1 14 2 1 15 2 1
821 18092 7 7 1 0 10 1 2 10 1 3 10 1 4 10 1 8 10 1 12 10 1 15 10 1
822 18096 2 2 1 10 9 22 13 9 22
823 18106 3 3 1 2 6 1 6 7 1 9 6 1
824 18107 1 1 1 9 14 1
825 18109 1 1 1 4 5 1
826 18115 2 2 1 1 8 41 10 8 41
827 18579 182 13 14 0 1 40 1 0 40 2 0 40 3 0 40 5 0 40 6 0 40 7 0 40 9 0 40 11 0 40 12 0 40 13 0 40 14 0 40 15 0 40 0 1 20 1 2 20 2 1 20 3 1 20 5 1 20 6 1 20 7 1 20 9 1 20 11 1 20 12 1 20 13 1 20 14 1 20 15 1 20 0 2 20 1 2 20 2 3 20 3 2 20 5 2 20 6 2 20 7 2 20 9 2 20 11 2 20 12 2 20 13 2 20 14 2 20 15 2 20 0 3 20 1 3 20 2 3 20 3 4 20 5 3 20 6 3 20 7 3 20 9 3 20 11 3 20 12 3 20 13 3 20 14 3 20 15 3 20 0 4 20 1 4 20 2 4 20 3 4 20 5 4 20 6 4 20 7 4 20 9 4 20 11 4 20 12 4 20 13 4 20 14 4 20 15 4 20 0 6 20 1 6 20 2 6 20 3 6 20 5 6 20 6 7 20 7 6 20 9 6 20 11 6 20 12 6 20 13 6 20 14 6 20 15 6 20 0 7 23 1 7 23 2 7 23 3 7 23 5 7 23 6 7 23 7 8 23 9 7 23 11 7 23 12 7 23 13 7 23 14 7 23 15 7 23 0 8 20 1 8 20 2 8 20 3 8 20 5 8 20 6 8 20 7 8 20 9 8 20 11 8 20 12 8 20 13 8 20 14 8 20 15 8 20 0 9 20 1 9 20 2 9 20 3 9 20 5 9 20 6 9 20 7 9 20 9 10 20 11 9 20 12 9 20 13 9 20 14 9 20 15 9 20 0 10 41 1 10 41 2 10 41 3 10 41 5 10 41 6 10 41 7 10 41 9 10 41 11 10 41 12 10 41 13 10 41 14 10 41 15 10 41 0 11 20 1 11 20 2 11 20 3 11 20 5 11 20 6 11 20 7 11 20 9 11 20 11 12 20 12 11 20 13 11 20 14 11 20 15 11 20 0 13 20 1 13 20 2 13 20 3 13 20 5 13 20 6 13 20 7 13 20 9 13 20 11 13 20 12 13 20 13 14 20 14 13 20 15 13 20 0 14 20 1 14 20 2 14 20 3 14 20 5 14 20 6 14 20 7 14 20 9 14 20 11 14 20 12 14 20 13 14 20 14 15 20 15 14 20 0 15 20 1 15 20 2 15 20 3 15 20 5 15 20 6 15 20 7 15 20 9 15 20 11 15 20 12 15 20 13 15 20 14 15 20 15 0 20
828 18667 28 14 1 0 3 50 0 3 8 1 3 50 1 3 8 2 3 50 2 3 8 3 4 50 3 4 8 4 3 50 4 3 8 5 3 50 5 3 8 6 3 50 6 3 8 7 3 50 7 3 8 8 3 50 8 3 8 9 3 50 9 3 8 10 3 50 10 3 8 12 3 50 12 3 8 14 3 50 14 3 8 15 3 50 15 3 8
829 18677 6 3 1 2 1 50 2 1 13 10 1 50 10 1 13 13 1 50 13 1 13
830 18686 2 2 1 1 7 1 13 7 1
831 18707 6 3 1 1 2 50 1 2 10 7 1 50 7 1 10 8 1 50 8 1 10
832 18711 3 3 1 7 14 1 11 14 1 14 15 1
833 18712 1 1 1 9 2 1
834 19322 225 15 15 0 1 8 1 0 8 2 0 8 3 0 8 4 0 8 5 0 8 6 0 8 7 0 8 8 0 8 9 0 8 10 0 8 11 0 8 12 0 8 13 0 8 15 0 8 0 1 8 1 2 8 2 1 8 3 1 8 4 1 8 5 1 8 6 1 8 7 1 8 8 1 8 9 1 8 10 1 8 11 1 8 12 1 8 13 1 8 15 1 8 0 3 8 1 3 8 2 3 8 3 4 8 4 3 8 5 3 8 6 3 8 7 3 8 8 3 8 9 3 8 10 3 8 11 3 8 12 3 8 13 3 8 15 3 8 0 4 8 1 4 8 2 4 8 3 4 8 4 5 8 5 4 8 6 4 8 7 4 8 8 4 8 9 4 8 10 4 8 11 4 8 12 4 8 13 4 8 15 4 8 0 5 8 1 5 8 2 5 8 3 5 8 4 5 8 5 6 8 6 5 8 7 5 8 8 5 8 9 5 8 10 5 8 11 5 8 12 5 8 13 5 8 15 5 8 0 6 8 1 6 8 2 6 8 3 6 8 4 6 8 5 6 8 6 7 8 7 6 8 8 6 8 9 6 8 10 6 8 11 6 8 12 6 8 13 6 8 15 6 8 0 7 8 1 7 8 2 7 8 3 7 8 4 7 8 5 7 8 6 7 8 7 8 8 8 7 8 9 7 8 10 7 8 11 7 8 12 7 8 13 7 8 15 7 8 0 8 16 1 8 16 2 8 16 3 8 16 4 8 16 5 8 16 6 8 16 7 8 16 8 9 16 9 8 16 10 8 16 11 8 16 12 8 16 13 8 16 15 8 16 0 9 8 1 9 8 2 9 8 3 9 8 4 9 8 5 9 8 6 9 8 7 9 8 8 9 8 9 10 8 10 9 8 11 9 8 12 9 8 13 9 8 15 9 8 0 10 8 1 10 8 2 10 8 3 10 8 4 10 8 5 10 8 6 10 8 7 10 8 8 10 8 9 10 8 10 11 8 11 10 8 12 10 8 13 10 8 15 10 8 0 11 9 1 11 9 2 11 9 3 11 9 4 11 9 5 11 9 6 11 9 7 11 9 8 11 9 9 11 9 10 11 9 11 12 9 12 11 9 13 11 9 15 11 9 0 12 8 1 12 8 2 12 8 3 12 8 4 12 8 5 12 8 6 12 8 7 12 8 8 12 8 9 12 8 10 12 8 11 12 8 12 13 8 13 12 8 15 12 8 0 13 8 1 13 8 2 13 8 3 13 8 4 13 8 5 13 8 6 13 8 7 13 8 8 13 8 9 13 8 10 13 8 11 13 8 12 13 8 13 14 8 15 13 8 0 14 8 1 14 8 2 14 8 3 14 8 4 14 8 5 14 8 6 14 8 7 14 8 8 14 8 9 14 8 10 14 8 11 14 8 12 14 8 13 14 8 15 14 8 0 15 8 1 15 8 2 15 8 3 15 8 4 15 8 5 15 8 6 15 8 7 15 8 8 15 8 9 15 8 10 15 8 11 15 8 12 15 8 13 15 8 15 0 8
835 19338 7 7 1 0 1 1 2 1 1 7 1 1 9 1 1 10 1 1 11 1 1 13 1 1
836 19339 2 1 1 8 9 50 8 9 9
837 19354 7 7 1 0 12 1 3 12 1 4 12 1 5 12 1 6 12 1 8 12 1 13 12 1
838 19361 2 2 1 4 2 44 10 2 44
839 19397 13 13 1 0 13 1 1 13 1 2 13 1 3 13 1 6 13 1 7 13 1 8 13 1 9 13 1 11 13 1 12 13 1 13 14 1 14 13 1 15 13 1
840 19433 14 14 1 0 11 1 2 11 1 3 11 1 4 11 1 6 11 1 7 11 1 8 11 1 9 11 1 10 11 1 11 12 1 12 11 1 13 11 1 14 11 1 15 11 1
841 19461 6 3 1 1 15 50 1 15 5 7 15 50 7 15 5 12 15 50 12 15 5
842 19465 1 1 1 8 10 1
843 19489 10 5 2 1 5 1 6 5 1 11 5 1 12 5 1 15 5 1 1 11 1 6 11 1 11 12 1 12 11 1 15 11 1
844 19489 2 2 1 0 1 24 10 0 24
845 19496 6 3 1 0 15 50 0 15 13 3 15 50 3 15 13 14 15 50 14 15 13
846 19509 7 7 1 1 8 1 2 8 1 4 8 1 6 8 1 7 8 1 9 8 1 15 8 1
847 19515 1 1 1 13 5 18
848 19525 7 7 1 2 5 1 4 5 1 5 6 1 6 5 1 10 5 1 12 5 1 13 5 1
849 19552 13 13 1 0 14 1 1 14 1 2 14 1 5 14 1 6 14 1 8 14 1 9 14 1 10 14 1 11 14 1 12 14 1 13 14 1 14 15 1 15 14 1
850 19590 18 3 1 3 4 50 3 4 50 3 4 50 3 4 50 3 4 50 3 4 29 5 3 50 5 3 50 5 3 50 5 3 50 5 3 50 5 3 29 13 3 50 13 3 50 13 3 50 13 3 50 13 3 50 13 3 29
851 19610 7 7 1 2 3 1 4 2 1 6 2 1 8 2 1 10 2 1 12 2 1 13 2 1
852 19635 13 13 1 0 8 1 1 8 1 2 8 1 4 8 1 5 8 1 6 8 1 7 8 1 8 9 1 9 8 1 11 8 1 13 8 1 14 8 1 15 8 1
853 19665 10 5 2 1 2 1 2 3 1 5 2 1 7 2 1 15 2 1 1 10 1 2 10 1 5 10 1 7 10 1 15 10 1
854 19669 1 1 1 12 8 1
855 19672 1 1 1 13 14 1
856 19681 2 2 1 7 5 5 14 5 5
857 19681 1 1 1 9 10 1
858 19684 1 1 1 13 2 1
859 19711 13 13 1 0 10 1 1 10 1 2 10 1 3 10 1 4 10 1 5 10 1 6 10 1 7 10 1 10 11 1 11 10 1 12 10 1 13 10 1 15 10 1
860 19722 4 4 1 0 1 1 8 1 1 9 1 1 12 1 1
861 19727 1 1 1 5 12 1
862 19728 1 1 1 12 1 1
863 19911 75 15 5 0 1 4 1 0 4 2 0 4 3 0 4 4 0 4 5 0 4 6 0 4 7 0 4 8 0 4 9 0 4 10 0 4 11 0 4 12 0 4 14 0 4 15 0 4 0 2 4 1 2 4 2 3 4 3 2 4 4 2 4 5 2 4 6 2 4 7 2 4 8 2 4 9 2 4 10 2 4 11 2 4 12 2 4 14 2 4 15 2 4 0 9 4 1 9 4 2 9 4 3 9 4 4 9 4 5 9 4 6 9 4 7 9 4 8 9 4 9 10 4 10 9 4 11 9 4 12 9 4 14 9 4 15 9 4 0 12 4 1 12 4 2 12 4 3 12 4 4 12 4 5 12 4 6 12 4 7 12 4 8 12 4 9 12 4 10 12 4 11 12 4 12 13 4 14 12 4 15 12 4 0 14 4 1 14 4 2 14 4 3 14 4 4 14 4 5 14 4 6 14 4 7 14 4 8 14 4 9 14 4 10 14 4 11 14 4 12 14 4 14 15 4 15 14 4
864 19925 13 13 1 0 2 1 1 2 1 2 3 1 3 2 1 4 2 1 5 2 1 6 2 1 7 2 1 8 2 1 9 2 1 10 2 1 11 2 1 12 2 1
865 19926 1 1 1 2 8 1
866 19927 2 2 1 8 0 1 11 0 1
867 19927 1 1 1 1 9 2
868 19932 1 1 1 1 12 1
869 19965 14 14 1 0 4 1 2 4 1 3 4 1 4 5 1 5 4 1 6 4 1 7 4 1 8 4 1 9 4 1 10 4 1 11 4 1 13 4 1 14 4 1 15 4 1
870 19999 15 15 1 0 5 1 1 5 1 3 5 1 4 5 1 5 6 1 6 5 1 7 5 1 8 5 1 9 5 1 10 5 1 11 5 1 12 5 1 13 5 1 14 5 1 15 5 1
871 20017 12 12 1 0 10 1 1 10 1 2 10 1 3 10 1 5 10 1 6 10 1 7 10 1 10 11 1 11 10 1 13 10 1 14 10 1 15 10 1
872 20018 1 1 1 10 1 1
873 20021 1 1 1 11 2 1
874 20040 13 13 1 0 4 1 3 4 1 4 5 1 5 4 1 6 4 1 7 4 1 8 4 1 9 4 1 10 4 1 11 4 1 13 4 1 14 4 1 15 4 1
875 20058 7 7 1 1 2 1 2 1 1 4 1 1 5 1 1 8 1 1 9 1 1 11 1 1
876 20081 14 14 1 0 15 1 1 15 1 2 15 1 3 15 1 4 15 1 5 15 1 6 15 1 7 15 1 9 15 1 11 15 1 12 15 1 13 15 1 14 15 1 15 0 1
877 20083 1 1 1 11 10 1
878 20088 4 4 1 5 15 8 8 15 8 12 15 8 13 15 8
879 20125 10 5 2 5 0 1 8 0 1 9 0 1 10 0 1 14 0 1 5 13 1 8 13 1 9 13 1 10 13 1 14 13 1
880 20145 10 5 2 0 11 1 1 11 1 2 11 1 10 11 1 11 12 1 0 13 1 1 13 1 2 13 1 10 13 1 11 13 1
881 20148 2 2 1 0 14 44 3 14 44
882 20150 2 2 1 8 1 1 9 1 1
883 20151 1 1 1 6 15 6
884 20152 1 1 1 2 6 1
885 20166 2 2 1 3 4 2 12 3 2
886 20204 15 15 1 0 1 1 1 0 1 2 0 1 3 0 1 4 0 1 5 0 1 6 0 1 7 0 1 9 0 1 10 0 1 11 0 1 12 0 1 13 0 1 14 0 1 15 0 1
887 20205 1 1 1 9 13 1
888 20221 3 3 1 0 1 1 6 1 1 9 1 1
889 20221 1 1 1 4 10 7
890 20225 7 7 1 0 3 1 3 4 1 7 3 1 10 3 1 12 3 1 13 3 1 14 3 1
891 20227 3 3 1 2 6 1 8 6 1 15 6 1
892 20233 1 1 1 2 13 1
893 20234 1 1 1 1 11 1
894 20238 1 1 1 1 2 1
895 20265 13 13 1 0 8 1 2 8 1 3 8 1 4 8 1 5 8 1 6 8 1 7 8 1 8 9 1 9 8 1 10 8 1 12 8 1 13 8 1 15 8 1
896 20275 3 3 1 9 10 2 11 9 2 12 9 2
897 20288 4 4 1 1 12 1 2 12 1 9 12 1 14 12 1
898 20320 13 13 1 0 9 1 1 9 1 2 9 1 3 9 1 5 9 1 6 9 1 8 9 1 9 10 1 10 9 1 11 9 1 12 9 1 13 9 1 14 9 1
899 20327 1 1 1 5 0 1
900 20333 4 4 1 0 15 1 9 15 1 11 15 1 14 15 1
901 20344 6 2 1 4 12 50 4 12 50 4 12 18 15 12 50 15 12 50 15 12 18
902 20361 10 5 2 1 7 1 7 8 1 11 7 1 12 7 1 15 7 1 1 12 1 7 12 1 11 12 1 12 13 1 15 12 1
903 20366 2 2 1 2 12 23 7 12 23
904 20366 1 1 1 8 2 1
905 20367 1 1 1 14 5 1
906 20368 1 1 1 4 3 6
907 20379 6 6 1 0 14 1 1 14 1 4 14 1 7 14 1 8 14 1 15 14 1
908 20383 3 3 1 7 8 1 8 9 1 14 8 1
909 20387 1 1 1 7 3 1
910 20395 2 2 1 6 11 46 7 11 46
911 20422 13 13 1 1 11 1 3 11 1 4 11 1 5 11 1 6 11 1 8 11 1 9 11 1 10 11 1 11 12 1 12 11 1 13 11 1 14 11 1 15 11 1
912 20431 4 2 1 7 13 50 7 13 5 15 13 50 15 13 5
913 20449 6 3 1 2 5 50 2 5 5 14 5 50 14 5 5 15 5 50 15 5 5
914 20487 14 14 1 0 15 1 1 15 1 2 15 1 3 15 1 4 15 1 5 15 1 6 15 1 7 15 1 8 15 1 9 15 1 10 15 1 12 15 1 13 15 1 14 15 1
915 20487 1 1 1 3 12 1
916 20495 4 4 1 2 7 1 6 7 1 8 7 1 10 7 1
917 20525 8 8 1 2 0 1 6 0 1 8 0 1 9 0 1 10 0 1 11 0 1 14 0 1 15 0 1
918 20606 32 16 2 0 8 5 1 8 5 2 8 5 3 8 5 4 8 5 5 8 5 6 8 5 7 8 5 8 9 5 9 8 5 10 8 5 11 8 5 12 8 5 13 8 5 14 8 5 15 8 5 0 9 5 1 9 5 2 9 5 3 9 5 4 9 5 5 9 5 6 9 5 7 9 5 8 9 5 9 10 5 10 9 5 11 9 5 12 9 5 13 9 5 14 9 5 15 9 5
919 20648 15 15 1 1 0 1 2 0 1 3 0 1 4 0 1 5 0 1 6 0 1 7 0 1 8 0 1 9 0 1 10 0 1 11 0 1 12 0 1 13 0 1 14 0 1 15 0 1
920 20654 1 1 1 15 11 18
921 20672 7 7 1 2 4 1 3 4 1 7 4 1 10 4 1 11 4 1 12 4 1 15 4 1
922 21136 203 7 7 0 1 50 0 1 50 0 1 50 0 1 48 4 0 50 4 0 50 4 0 50 4 0 48 5 0 50 5 0 50 5 0 50 5 0 48 6 0 50 6 0 50 6 0 50 6 0 48 9 0 50 9 0 50 9 0 50 9 0 48 10 0 50 10 0 50 10 0 50 10 0 48 11 0 50 11 0 50 11 0 50 11 0 48 0 1 50 0 1 50 0 1 50 0 1 48 4 1 50 4 1 50 4 1 50 4 1 48 5 1 50 5 1 50 5 1 50 5 1 48 6 1 50 6 1 50 6 1 50 6 1 48 9 1 50 9 1 50 9 1 50 9 1 48 10 1 50 10 1 50 10 1 50 10 1 48 11 1 50 11 1 50 11 1 50 11 1 48 0 7 50 0 7 50 0 7 50 0 7 50 0 7 12 4 7 50 4 7 50 4 7 50 4 7 50 4 7 12 5 7 50 5 7 50 5 7 50 5 7 50 5 7 12 6 7 50 6 7 50 6 7 50 6 7 50 6 7 12 9 7 50 9 7 50 9 7 50 9 7 50 9 7 12 10 7 50 10 7 50 10 7 50 10 7 50 10 7 12 11 7 50 11 7 50 11 7 50 11 7 50 11 7 12 0 9 50 0 9 50 0 9 50 0 9 48 4 9 50 4 9 50 4 9 50 4 9 48 5 9 50 5 9 50 5 9 50 5 9 48 6 9 50 6 9 50 6 9 50 6 9 48 9 10 50 9 10 50 9 10 50 9 10 48 10 9 50 10 9 50 10 9 50 10 9 48 11 9 50 11 9 50 11 9 50 11 9 48 0 11 50 0 11 50 0 11 50 0 11 48 4 11 50 4 11 50 4 11 50 4 11 48 5 11 50 5 11 50 5 11 50 5 11 48 6 11 50 6 11 50 6 11 50 6 11 48 9 11 50 9 11 50 9 11 50 9 11 48 10 11 50 10 11 50 10 11 50 10 11 48 11 12 50 11 12 50 11 12 50 11 12 48 0 12 50 0 12 50 0 12 50 0 12 48 4 12 50 4 12 50 4 12 50 4 12 48 5 12 50 5 12 50 5 12 50 5 12 48 6 12 50 6 12 50 6 12 50 6 12 48 9 12 50 9 12 50 9 12 50 9 12 48 10 12 50 10 12 50 10 12 50 10 12 48 11 12 50 11 12 50 11 12 50 11 12 48 0 13 50 0 13 50 0 13 50 0 13 48 4 13 50 4 13 50 4 13 50 4 13 48 5 13 50 5 13 50 5 13 50 5 13 48 6 13 50 6 13 50 6 13 50 6 13 48 9 13 50 9 13 50 9 13 50 9 13 48 10 13 50 10 13 50 10 13 50 10 13 48 11 13 50 11 13 50 11 13 50 11 13 48
923 21264 60 10 3 0 3 50 0 3 21 2 3 50 2 3 21 3 4 50 3 4 21 7 3 50 7 3 21 9 3 50 9 3 21 11 3 50 11 3 21 12 3 50 12 3 21 13 3 50 13 3 21 14 3 50 14 3 21 15 3 50 15 3 21 0 5 50 0 5 21 2 5 50 2 5 21 3 5 50 3 5 21 7 5 50 7 5 21 9 5 50 9 5 21 11 5 50 11 5 21 12 5 50 12 5 21 13 5 50 13 5 21 14 5 50 14 5 21 15 5 50 15 5 21 0 10 50 0 10 8 2 10 50 2 10 8 3 10 50 3 10 8 7 10 50 7 10 8 9 10 50 9 10 8 11 10 50 11 10 8 12 10 50 12 10 8 13 10 50 13 10 8 14 10 50 14 10 8 15 10 50 15 10 8
924 21264 1 1 1 4 8 1
925 21268 1 1 1 3 0 1
926 21269 1 1 1 9 11 1
927 21276 7 7 1 0 3 1 3 4 1 4 3 1 5 3 1 8 3 1 11 3 1 14 3 1
928 21316 7 7 1 3 0 1 4 0 1 5 0 1 8 0 1 11 0 1 12 0 1 13 0 1
929 21353 14 14 1 0 15 1 2 15 1 3 15 1 4 15 1 6 15 1 7 15 1 8 15 1 9 15 1 10 15 1 11 15 1 12 15 1 13 15 1 14 15 1 15 0 1
930 21392 10 5 2 0 5 1 3 5 1 4 5 1 5 6 1 15 5 1 0 6 1 3 6 1 4 6 1 5 6 1 15 6 1
931 21405 1 1 1 12 11 1
932 21451 10 5 2 3 7 1 4 7 1 6 7 1 7 8 1 11 7 1 3 15 1 4 15 1 6 15 1 7 15 1 11 15 1
933 21480 7 7 1 0 7 1 3 7 1 5 7 1 11 7 1 12 7 1 13 7 1 15 7 1
934 21481 1 1 1 10 3 1
935 21483 1 1 1 8 4 1
936 21488 1 1 1 0 9 1
937 21489 1 1 1 2 11 2
938 21491 1 1 1 10 5 1
939 21494 3 3 1 5 12 2 9 12 2 11 12 2
940 21512 6 2 1 1 4 50 1 4 50 1 4 11 9 4 50 9 4 50 9 4 11
941 21513 1 1 1 15 1 1
942 21514 1 1 1 5 13 1
943 21552 14 14 1 0 5 1 1 5 1 2 5 1 3 5 1 4 5 1 6 5 1 7 5 1 8 5 1 9 5 1 10 5 1 11 5 1 12 5 1 13 5 1 14 5 1
944 22051 180 12 15 0 1 4 2 0 4 4 0 4 5 0 4 6 0 4 7 0 4 8 0 4 9 0 4 11 0 4 12 0 4 14 0 4 15 0 4 0 1 4 2 1 4 4 1 4 5 1 4 6 1 4 7 1 4 8 1 4 9 1 4 11 1 4 12 1 4 14 1 4 15 1 4 0 2 4 2 3 4 4 2 4 5 2 4 6 2 4 7 2 4 8 2 4 9 2 4 11 2 4 12 2 4 14 2 4 15 2 4 0 3 4 2 3 4 4 3 4 5 3 4 6 3 4 7 3 4 8 3 4 9 3 4 11 3 4 12 3 4 14 3 4 15 3 4 0 5 4 2 5 4 4 5 4 5 6 4 6 5 4 7 5 4 8 5 4 9 5 4 11 5 4 12 5 4 14 5 4 15 5 4 0 6 8 2 6 8 4 6 8 5 6 8 6 7 8 7 6 8 8 6 8 9 6 8 11 6 8 12 6 8 14 6 8 15 6 8 0 7 5 2 7 5 4 7 5 5 7 5 6 7 5 7 8 5 8 7 5 9 7 5 11 7 5 12 7 5 14 7 5 15 7 5 0 8 4 2 8 4 4 8 4 5 8 4 6 8 4 7 8 4 8 9 4 9 8 4 11 8 4 12 8 4 14 8 4 15 8 4 0 9 4 2 9 4 4 9 4 5 9 4 6 9 4 7 9 4 8 9 4 9 10 4 11 9 4 12 9 4 14 9 4 15 9 4 0 10 4 2 10 4 4 10 4 5 10 4 6 10 4 7 10 4 8 10 4 9 10 4 11 10 4 12 10 4 14 10 4 15 10 4 0 11 4 2 11 4 4 11 4 5 11 4 6 11 4 7 11 4 8 11 4 9 11 4 11 12 4 12 11 4 14 11 4 15 11 4 0 12 4 2 12 4 4 12 4 5 12 4 6 12 4 7 12 4 8 12 4 9 12 4 11 12 4 12 13 4 14 12 4 15 12 4 0 13 4 2 13 4 4 13 4 5 13 4 6 13 4 7 13 4 8 13 4 9 13 4 11 13 4 12 13 4 14 13 4 15 13 4 0 14 4 2 14 4 4 14 4 5 14 4 6 14 4 7 14 4 8 14 4 9 14 4 11 14 4 12 14 4 14 15 4 15 14 4 0 15 4 2 15 4 4 15 4 5 15 4 6 15 4 7 15 4 8 15 4 9 15 4 11 15 4 12 15 4 14 15 4 15 0 4
945 22051 1 1 1 8 1 1
946 22056 3 3 1 3 7 9 9 7 9 10 7 9
947 22060 1 1 1 11 6 3
948 22078 6 3 1 4 13 50 4 13 3 7 13 50 7 13 3 15 13 50 15 13 3
949 22079 2 2 1 1 3 2 3 4 2
950 22086 2 1 1 1 2 50 1 2 9
951 22091 2 2 1 1 13 21 11 13 21
952 22097 6 3 1 10 8 50 10 8 5 11 8 50 11 8 5 12 8 50 12 8 5
953 22099 1 1 1 15 4 2
954 22100 1 1 1 0 9 1
955 22125 7 7 1 0 3 1 1 3 1 2 3 1 4 3 1 7 3 1 14 3 1 15 3 1
956 22140 7 7 1 0 12 1 4 12 1 5 12 1 6 12 1 11 12 1 13 12 1 14 12 1
957 22141 1 1 1 5 14 1
958 22146 2 2 1 1 8 1 8 9 1
959 22177 10 5 2 0 6 1 6 7 1 7 6 1 11 6 1 12 6 1 0 11 1 6 11 1 7 11 1 11 12 1 12 11 1
960 22179 1 1 1 14 5 1
961 22181 2 2 1 0 5 44 4 5 44
962 22254 14 14 1 1 2 1 2 1 1 3 1 1 4 1 1 5 1 1 6 1 1 7 1 1 9 1 1 10 1 1 11 1 1 12 1 1 13 1 1 14 1 1 15 1 1
963 22256 1 1 1 12 0 1
964 22256 1 1 1 12 0 1
965 22258 2 2 1 1 10 22 10 11 22
966 22259 2 2 1 1 14 1 15 14 1
967 22307 13 13 1 0 15 1 2 15 1 4 15 1 6 15 1 7 15 1 8 15 1 9 15 1 10 15 1 11 15 1 12 15 1 13 15 1 14 15 1 15 0 1
968 22324 5 5 1 2 14 1 9 14 1 10 14 1 11 14 1 15 14 1
969 22504 75 15 5 0 3 5 1 3 5 2 3 5 3 4 5 4 3 5 5 3 5 6 3 5 7 3 5 8 3 5 9 3 5 10 3 5 11 3 5 12 3 5 14 3 5 15 3 5 0 7 5 1 7 5 2 7 5 3 7 5 4 7 5 5 7 5 6 7 5 7 8 5 8 7 5 9 7 5 10 7 5 11 7 5 12 7 5 14 7 5 15 7 5 0 12 5 1 12 5 2 12 5 3 12 5 4 12 5 5 12 5 6 12 5 7 12 5 8 12 5 9 12 5 10 12 5 11 12 5 12 13 5 14 12 5 15 12 5 0 14 5 1 14 5 2 14 5 3 14 5 4 14 5 5 14 5 6 14 5 7 14 5 8 14 5 9 14 5 10 14 5 11 14 5 12 14 5 14 15 5 15 14 5 0 15 5 1 15 5 2 15 5 3 15 5 4 15 5 5 15 5 6 15 5 7 15 5 8 15 5 9 15 5 10 15 5 11 15 5 12 15 5 14 15 5 15 0 5
970 22511 4 4 1 0 10 1 1 10 1 8 10 1 9 10 1
971 22548 14 14 1 0 7 1 1 7 1 2 7 1 3 7 1 4 7 1 5 7 1 6 7 1 7 8 1 8 7 1 10 7 1 11 7 1 12 7 1 13 7 1 14 7 1
972 22588 7 7 1 0 15 1 2 15 1 3 15 1 4 15 1 5 15 1 7 15 1 15 0 1
973 22623 14 14 1 0 14 1 1 14 1 2 14 1 3 14 1 5 14 1 6 14 1 7 14 1 8 14 1 9 14 1 10 14 1 11 14 1 12 14 1 14 15 1 15 14 1
974 22631 5 5 1 1 7 1 5 7 1 9 7 1 11 7 1 12 7 1
975 22632 2 2 1 1 2 1 12 1 1
976 22798 70 14 5 0 3 5 1 3 5 2 3 5 3 4 5 5 3 5 6 3 5 7 3 5 8 3 5 9 3 5 10 3 5 11 3 5 12 3 5 13 3 5 14 3 5 0 4 5 1 4 5 2 4 5 3 4 5 5 4 5 6 4 5 7 4 5 8 4 5 9 4 5 10 4 5 11 4 5 12 4 5 13 4 5 14 4 5 0 6 5 1 6 5 2 6 5 3 6 5 5 6 5 6 7 5 7 6 5 8 6 5 9 6 5 10 6 5 11 6 5 12 6 5 13 6 5 14 6 5 0 14 5 1 14 5 2 14 5 3 14 5 5 14 5 6 14 5 7 14 5 8 14 5 9 14 5 10 14 5 11 14 5 12 14 5 13 14 5 14 15 5 0 15 5 1 15 5 2 15 5 3 15 5 5 15 5 6 15 5 7 15 5 8 15 5 9 15 5 10 15 5 11 15 5 12 15 5 13 15 5 14 15 5
977 22810 7 7 1 3 12 1 4 12 1 6 12 1 7 12 1 8 12 1 13 12 1 15 12 1
978 22823 7 7 1 2 0 1 3 0 1 5 0 1 6 0 1 8 0 1 9 0 1 11 0 1
979 22833 7 7 1 2 5 1 4 5 1 7 5 1 9 5 1 12 5 1 13 5 1 15 5 1
980 22839 5 5 1 3 9 1 4 9 1 8 9 1 12 9 1 15 9 1
981 22839 1 1 1 7 14 1
982 22842 1 1 1 0 3 1
983 22843 1 1 1 10 5 1
984 22845 1 1 1 0 6 1
985 22845 1 1 1 11 13 1
986 22856 6 3 1 5 12 50 5 12 10 7 12 50 7 12 10 14 12 50 14 12 10
987 22877 6 3 1 10 8 50 10 8 13 11 8 50 11 8 13 15 8 50 15 8 13
988 22911 13 13 1 0 2 1 1 2 1 3 2 1 4 2 1 5 2 1 6 2 1 7 2 1 8 2 1 9 2 1 11 2 1 12 2 1 14 2 1 15 2 1
989 22913 1 1 1 12 14 1
990 22915 1 1 1 14 6 1
991 23001 32 16 2 0 1 5 1 2 5 2 1 5 3 1 5 4 1 5 5 1 5 6 1 5 7 1 5 8 1 5 9 1 5 10 1 5 11 1 5 12 1 5 13 1 5 14 1 5 15 1 5 0 11 5 1 11 5 2 11 5 3 11 5 4 11 5 5 11 5 6 11 5 7 11 5 8 11 5 9 11 5 10 11 5 11 12 5 12 11 5 13 11 5 14 11 5 15 11 5
992 23019 6 3 1 1 9 50 1 9 5 12 9 50 12 9 5 15 9 50 15 9 5
993 23022 1 1 1 0 12 1
994 23039 7 7 1 0 11 1 2 11 1 4 11 1 9 11 1 10 11 1 14 11 1 15 11 1
995 23040 1 1 1 4 5 1
996 23048 5 5 1 0 2 1 7 2 1 8 2 1 9 2 1 13 2 1
997 23050 2 2 1 6 9 45 12 9 45
998 23077 13 13 1 0 8 1 1 8 1 2 8 1 3 8 1 4 8 1 6 8 1 7 8 1 8 9 1 10 8 1 11 8 1 12 8 1 13 8 1 15 8 1
999 23078 1 1 1 6 5 1
