16 1000
0 249 14 14 1 1 0 1 2 0 1 3 0 1 4 0 1 5 0 1 7 0 1 8 0 1 9 0 1 10 0 1 11 0 1 12 0 1 13 0 1 14 0 1 15 0 1
1 266 2 2 1 11 14 25 12 14 25
2 268 1 1 1 11 12 1
3 376 7 7 1 1 11 1 5 11 1 7 11 1 11 12 1 13 11 1 14 11 1 15 11 1
4 508 7 7 1 0 12 1 6 12 1 7 12 1 8 12 1 12 13 1 14 12 1 15 12 1
5 539 2 2 1 14 1 21 15 1 21
6 542 1 1 1 8 3 1
7 628 7 7 1 4 12 1 7 12 1 8 12 1 10 12 1 12 13 1 14 12 1 15 12 1
8 638 1 1 1 7 4 1
9 702 2 2 1 1 6 5 14 6 5
10 1095 13 13 1 1 6 1 2 6 1 3 6 1 4 6 1 5 6 1 6 7 1 7 6 1 8 6 1 9 6 1 10 6 1 12 6 1 14 6 1 15 6 1
11 1160 1 1 1 8 12 1
12 1184 2 2 1 0 5 1 5 6 1
13 1466 15 15 1 0 3 1 1 3 1 2 3 1 3 4 1 4 3 1 5 3 1 6 3 1 7 3 1 8 3 1 9 3 1 10 3 1 11 3 1 12 3 1 14 3 1 15 3 1
14 1680 14 14 1 1 11 1 2 11 1 3 11 1 4 11 1 5 11 1 6 11 1 7 11 1 9 11 1 10 11 1 11 12 1 12 11 1 13 11 1 14 11 1 15 11 1
15 1690 4 2 1 0 7 50 0 7 26 15 7 50 15 7 26
16 1720 1 1 1 14 4 1
17 1725 1 1 1 5 11 7
18 1782 5 5 1 0 14 1 2 14 1 7 14 1 8 14 1 11 14 1
19 1813 4 4 1 3 6 8 7 6 8 9 6 8 12 6 8
20 1913 2 2 1 4 7 1 9 7 1
21 1927 1 1 1 10 11 1
22 2146 7 7 1 3 2 1 4 2 1 5 2 1 8 2 1 11 2 1 14 2 1 15 2 1
23 2574 14 14 1 0 8 1 1 8 1 2 8 1 3 8 1 4 8 1 5 8 1 7 8 1 8 9 1 9 8 1 11 8 1 12 8 1 13 8 1 14 8 1 15 8 1
24 2836 8 8 1 0 1 1 6 1 1 8 1 1 10 1 1 12 1 1 13 1 1 14 1 1 15 1 1
25 3132 12 12 1 0 1 1 1 2 1 4 1 1 5 1 1 7 1 1 8 1 1 9 1 1 10 1 1 11 1 1 12 1 1 13 1 1 14 1 1
26 3151 1 1 1 7 9 1
27 3253 5 5 1 5 10 1 7 10 1 8 10 1 9 10 1 14 10 1
28 3254 1 1 1 11 5 1
29 3472 10 5 2 2 3 1 6 2 1 10 2 1 13 2 1 14 2 1 2 12 1 6 12 1 10 12 1 13 12 1 14 12 1
30 3482 1 1 1 12 9 1
31 4587 32 16 2 0 1 5 1 2 5 2 1 5 3 1 5 4 1 5 5 1 5 6 1 5 7 1 5 8 1 5 9 1 5 10 1 5 11 1 5 12 1 5 13 1 5 14 1 5 15 1 5 0 15 5 1 15 5 2 15 5 3 15 5 4 15 5 5 15 5 6 15 5 7 15 5 8 15 5 9 15 5 10 15 5 11 15 5 12 15 5 13 15 5 14 15 5 15 0 5
32 6323 70 14 5 0 3 5 1 3 5 2 3 5 3 4 5 4 3 5 5 3 5 6 3 5 9 3 5 10 3 5 11 3 5 12 3 5 13 3 5 14 3 5 15 3 5 0 5 5 1 5 5 2 5 5 3 5 5 4 5 5 5 6 5 6 5 5 9 5 5 10 5 5 11 5 5 12 5 5 13 5 5 14 5 5 15 5 5 0 12 5 1 12 5 2 12 5 3 12 5 4 12 5 5 12 5 6 12 5 9 12 5 10 12 5 11 12 5 12 13 5 13 12 5 14 12 5 15 12 5 0 13 5 1 13 5 2 13 5 3 13 5 4 13 5 5 13 5 6 13 5 9 13 5 10 13 5 11 13 5 12 13 5 13 14 5 14 13 5 15 13 5 0 14 5 1 14 5 2 14 5 3 14 5 4 14 5 5 14 5 6 14 5 9 14 5 10 14 5 11 14 5 12 14 5 13 14 5 14 15 5 15 14 5
33 6350 2 2 1 2 10 1 10 11 1
34 6364 1 1 1 4 2 1
35 6691 13 13 1 0 14 1 2 14 1 3 14 1 4 14 1 6 14 1 7 14 1 8 14 1 10 14 1 11 14 1 12 14 1 13 14 1 14 15 1 15 14 1
36 7423 28 14 1 1 6 50 1 6 8 2 6 50 2 6 8 3 6 50 3 6 8 4 6 50 4 6 8 5 6 50 5 6 8 6 7 50 6 7 8 7 6 50 7 6 8 8 6 50 8 6 8 9 6 50 9 6 8 10 6 50 10 6 8 11 6 50 11 6 8 13 6 50 13 6 8 14 6 50 14 6 8 15 6 50 15 6 8
37 7838 14 14 1 0 13 1 1 13 1 2 13 1 4 13 1 5 13 1 6 13 1 7 13 1 8 13 1 9 13 1 10 13 1 11 13 1 12 13 1 13 14 1 15 13 1
38 7943 7 7 1 1 12 1 5 12 1 6 12 1 7 12 1 8 12 1 12 13 1 14 12 1
39 8384 14 7 2 2 4 2 3 4 2 4 5 2 5 4 2 11 4 2 13 4 2 14 4 2 2 7 2 3 7 2 4 7 2 5 7 2 11 7 2 13 7 2 14 7 2
40 8627 4 4 1 0 2 32 1 2 32 4 2 32 6 2 32
41 9019 14 14 1 0 1 1 2 1 1 3 1 1 4 1 1 5 1 1 6 1 1 7 1 1 8 1 1 9 1 1 10 1 1 11 1 1 12 1 1 13 1 1 15 1 1
42 9339 14 14 1 0 3 1 1 3 1 2 3 1 3 4 1 5 3 1 6 3 1 7 3 1 8 3 1 9 3 1 10 3 1 11 3 1 12 3 1 13 3 1 15 3 1
43 9583 7 7 1 1 12 1 2 12 1 3 12 1 5 12 1 7 12 1 11 12 1 14 12 1
44 9585 1 1 1 1 3 1
45 9594 1 1 1 3 2 1
46 9908 10 5 2 1 3 1 2 3 1 4 3 1 12 3 1 13 3 1 1 4 1 2 4 1 4 5 1 12 4 1 13 4 1
47 9980 2 2 1 14 2 21 15 2 21
48 10248 7 7 1 1 14 1 2 14 1 5 14 1 8 14 1 9 14 1 14 15 1 15 14 1
49 10297 3 3 1 9 5 1 11 5 1 15 5 1
50 10441 7 7 1 3 10 1 5 10 1 7 10 1 8 10 1 9 10 1 12 10 1 13 10 1
51 10452 1 1 1 13 15 1
52 10474 2 2 1 6 11 1 10 11 1
53 10714 13 13 1 0 5 1 2 5 1 3 5 1 4 5 1 5 6 1 6 5 1 7 5 1 8 5 1 9 5 1 10 5 1 11 5 1 13 5 1 14 5 1
54 10741 1 1 1 4 14 1
55 10759 1 1 1 4 7 1
56 10793 2 2 1 0 10 5 13 10 5
57 10795 1 1 1 3 15 1
58 10868 3 3 1 2 13 1 4 13 1 14 13 1
59 10878 1 1 1 14 8 1
60 11184 13 1 1 12 9 50 12 9 50 12 9 50 12 9 50 12 9 50 12 9 50 12 9 50 12 9 50 12 9 50 12 9 50 12 9 50 12 9 50 12 9 38
61 11568 15 15 1 0 2 1 1 2 1 2 3 1 3 2 1 4 2 1 5 2 1 6 2 1 7 2 1 8 2 1 9 2 1 10 2 1 12 2 1 13 2 1 14 2 1 15 2 1
62 11581 2 2 1 2 14 1 4 14 1
63 11600 1 1 1 8 0 1
64 11603 1 1 1 0 1 2
65 11654 1 1 1 14 6 1
66 11743 3 3 1 6 15 1 9 15 1 11 15 1
67 11770 1 1 1 12 3 1
68 11790 1 1 1 12 9 1
69 13585 75 15 5 0 1 4 1 0 4 2 0 4 3 0 4 4 0 4 6 0 4 7 0 4 8 0 4 9 0 4 10 0 4 11 0 4 12 0 4 13 0 4 14 0 4 15 0 4 0 6 4 1 6 4 2 6 4 3 6 4 4 6 4 6 7 4 7 6 4 8 6 4 9 6 4 10 6 4 11 6 4 12 6 4 13 6 4 14 6 4 15 6 4 0 7 4 1 7 4 2 7 4 3 7 4 4 7 4 6 7 4 7 8 4 8 7 4 9 7 4 10 7 4 11 7 4 12 7 4 13 7 4 14 7 4 15 7 4 0 8 4 1 8 4 2 8 4 3 8 4 4 8 4 6 8 4 7 8 4 8 9 4 9 8 4 10 8 4 11 8 4 12 8 4 13 8 4 14 8 4 15 8 4 0 9 4 1 9 4 2 9 4 3 9 4 4 9 4 6 9 4 7 9 4 8 9 4 9 10 4 10 9 4 11 9 4 12 9 4 13 9 4 14 9 4 15 9 4
70 13640 1 1 1 6 9 1
71 13640 1 1 1 7 13 1
72 13660 1 1 1 15 5 1
73 13869 5 5 1 4 12 1 5 12 1 6 12 1 11 12 1 13 12 1
74 14074 14 14 1 0 4 1 1 4 1 2 4 1 3 4 1 4 5 1 5 4 1 6 4 1 7 4 1 8 4 1 9 4 1 10 4 1 11 4 1 13 4 1 14 4 1
75 14143 4 2 1 8 11 50 8 11 2 13 11 50 13 11 2
76 14188 4 4 1 1 0 32 2 0 32 9 0 32 10 0 32
77 14197 2 2 1 11 2 1 13 2 1
78 14302 6 3 1 4 5 50 4 5 14 5 4 50 5 4 14 12 4 50 12 4 14
79 14353 1 1 1 4 7 1
80 14442 5 5 1 3 15 1 10 15 1 11 15 1 12 15 1 14 15 1
81 14840 14 7 2 0 1 2 1 0 2 2 0 2 3 0 2 4 0 2 10 0 2 13 0 2 0 8 2 1 8 2 2 8 2 3 8 2 4 8 2 10 8 2 13 8 2
82 14865 1 1 1 9 10 1
83 14881 1 1 1 14 1 1
84 15237 13 13 1 0 13 1 1 13 1 2 13 1 5 13 1 6 13 1 7 13 1 9 13 1 10 13 1 11 13 1 12 13 1 13 14 1 14 13 1 15 13 1
85 15240 1 1 1 4 14 6
86 15312 3 3 1 5 12 2 7 12 2 12 13 2
87 15578 10 5 2 2 0 1 5 0 1 8 0 1 10 0 1 14 0 1 2 11 1 5 11 1 8 11 1 10 11 1 14 11 1
88 15624 2 2 1 8 3 21 13 3 21
89 15851 10 5 2 0 4 1 1 4 1 3 4 1 10 4 1 13 4 1 0 11 1 1 11 1 3 11 1 10 11 1 13 11 1
90 15898 2 2 1 11 13 31 14 13 31
91 16143 13 13 1 0 1 1 3 1 1 4 1 1 6 1 1 7 1 1 8 1 1 9 1 1 10 1 1 11 1 1 12 1 1 13 1 1 14 1 1 15 1 1
92 16191 2 2 1 3 15 1 11 15 1
93 16338 7 7 1 0 15 1 1 15 1 6 15 1 7 15 1 8 15 1 9 15 1 14 15 1
94 16426 2 1 1 3 0 50 3 0 9
95 16458 1 1 1 11 2 1
96 16500 1 1 1 15 11 1
97 16552 1 1 1 0 1 1
98 16619 4 4 1 5 10 1 6 10 1 8 10 1 11 10 1
99 16638 1 1 1 12 3 1
100 16665 1 1 1 9 7 1
101 16682 1 1 1 7 11 1
102 16764 6 2 3 9 2 1 11 2 1 9 3 1 11 3 1 9 10 4 11 10 4
103 17233 13 13 1 0 5 1 1 5 1 2 5 1 3 5 1 7 5 1 8 5 1 9 5 1 10 5 1 11 5 1 12 5 1 13 5 1 14 5 1 15 5 1
104 17331 3 3 1 10 0 2 12 0 2 15 0 2
105 17688 15 15 1 0 15 1 1 15 1 2 15 1 3 15 1 4 15 1 5 15 1 6 15 1 7 15 1 8 15 1 9 15 1 10 15 1 12 15 1 13 15 1 14 15 1 15 0 1
106 17716 1 1 1 14 10 1
107 17728 1 1 1 6 7 1
108 17741 1 1 1 8 15 1
109 17747 1 1 1 6 10 1
110 17824 2 2 1 1 0 2 4 0 2
111 18132 14 14 1 0 3 1 1 3 1 3 4 1 4 3 1 5 3 1 6 3 1 7 3 1 8 3 1 9 3 1 10 3 1 11 3 1 12 3 1 14 3 1 15 3 1
112 18133 1 1 1 4 0 1
113 18297 6 2 3 7 3 49 9 3 49 7 5 49 9 5 49 7 15 49 9 15 49
114 18447 7 7 1 1 4 1 3 4 1 6 4 1 7 4 1 11 4 1 13 4 1 15 4 1
115 18453 1 1 1 4 7 1
116 20086 70 14 5 0 4 5 1 4 5 2 4 5 3 4 5 5 4 5 6 4 5 7 4 5 8 4 5 9 4 5 10 4 5 12 4 5 13 4 5 14 4 5 15 4 5 0 9 5 1 9 5 2 9 5 3 9 5 5 9 5 6 9 5 7 9 5 8 9 5 9 10 5 10 9 5 12 9 5 13 9 5 14 9 5 15 9 5 0 10 5 1 10 5 2 10 5 3 10 5 5 10 5 6 10 5 7 10 5 8 10 5 9 10 5 10 11 5 12 10 5 13 10 5 14 10 5 15 10 5 0 11 5 1 11 5 2 11 5 3 11 5 5 11 5 6 11 5 7 11 5 8 11 5 9 11 5 10 11 5 12 11 5 13 11 5 14 11 5 15 11 5 0 13 5 1 13 5 2 13 5 3 13 5 5 13 5 6 13 5 7 13 5 8 13 5 9 13 5 10 13 5 12 13 5 13 14 5 14 13 5 15 13 5
117 20145 1 1 1 13 10 1
118 20172 1 1 1 9 3 1
119 20204 2 2 1 7 6 1 12 6 1
120 20236 2 2 1 8 10 47 14 10 47
121 20672 13 13 1 0 12 1 1 12 1 2 12 1 5 12 1 6 12 1 7 12 1 8 12 1 10 12 1 11 12 1 12 13 1 13 12 1 14 12 1 15 12 1
122 20683 1 1 1 15 3 1
123 20841 13 1 1 15 0 50 15 0 50 15 0 50 15 0 50 15 0 50 15 0 50 15 0 50 15 0 50 15 0 50 15 0 50 15 0 50 15 0 50 15 0 38
124 20844 1 1 1 4 6 1
125 20867 1 1 1 9 14 7
126 20886 2 2 1 5 11 24 15 11 24
127 21334 14 14 1 0 3 1 2 3 1 3 4 1 4 3 1 5 3 1 6 3 1 7 3 1 9 3 1 10 3 1 11 3 1 12 3 1 13 3 1 14 3 1 15 3 1
128 21368 3 3 1 6 11 1 8 11 1 9 11 1
129 21717 14 14 1 1 2 1 2 3 1 3 2 1 4 2 1 5 2 1 6 2 1 7 2 1 8 2 1 10 2 1 11 2 1 12 2 1 13 2 1 14 2 1 15 2 1
130 21730 1 1 1 8 15 1
131 21766 1 1 1 6 1 1
132 21818 4 4 1 2 7 1 3 7 1 10 7 1 13 7 1
133 21993 7 7 1 0 1 1 1 0 1 3 0 1 10 0 1 12 0 1 14 0 1 15 0 1
134 22300 14 14 1 0 9 1 1 9 1 2 9 1 3 9 1 4 9 1 5 9 1 6 9 1 7 9 1 9 10 1 10 9 1 11 9 1 12 9 1 14 9 1 15 9 1
135 22625 13 1 1 13 9 50 13 9 50 13 9 50 13 9 50 13 9 50 13 9 50 13 9 50 13 9 50 13 9 50 13 9 50 13 9 50 13 9 50 13 9 38
136 22626 1 1 1 6 8 1
137 22701 4 4 1 6 10 1 8 10 1 11 10 1 12 10 1
138 22778 6 6 1 1 13 1 2 13 1 6 13 1 10 13 1 11 13 1 15 13 1
139 22852 2 2 1 3 12 21 12 13 21
140 22927 2 2 1 2 10 21 6 10 21
141 22959 1 1 1 11 9 1
142 22980 1 1 1 2 5 1
143 23000 1 1 1 7 10 1
144 23000 1 1 1 14 2 1
145 23255 14 14 1 1 13 1 2 13 1 4 13 1 5 13 1 6 13 1 7 13 1 8 13 1 9 13 1 10 13 1 11 13 1 12 13 1 13 14 1 14 13 1 15 13 1
146 23603 10 5 2 0 4 1 1 4 1 4 5 1 7 4 1 10 4 1 0 10 1 1 10 1 4 10 1 7 10 1 10 11 1
147 23607 2 2 1 2 11 1 4 11 1
148 23626 1 1 1 7 1 1
149 23644 1 1 1 0 7 1
150 25597 75 15 5 0 4 5 1 4 5 2 4 5 4 5 5 5 4 5 6 4 5 7 4 5 8 4 5 9 4 5 10 4 5 11 4 5 12 4 5 13 4 5 14 4 5 15 4 5 0 5 5 1 5 5 2 5 5 4 5 5 5 6 5 6 5 5 7 5 5 8 5 5 9 5 5 10 5 5 11 5 5 12 5 5 13 5 5 14 5 5 15 5 5 0 9 5 1 9 5 2 9 5 4 9 5 5 9 5 6 9 5 7 9 5 8 9 5 9 10 5 10 9 5 11 9 5 12 9 5 13 9 5 14 9 5 15 9 5 0 12 5 1 12 5 2 12 5 4 12 5 5 12 5 6 12 5 7 12 5 8 12 5 9 12 5 10 12 5 11 12 5 12 13 5 13 12 5 14 12 5 15 12 5 0 14 5 1 14 5 2 14 5 4 14 5 5 14 5 6 14 5 7 14 5 8 14 5 9 14 5 10 14 5 11 14 5 12 14 5 13 14 5 14 15 5 15 14 5
151 25602 1 1 1 15 14 1
152 25762 13 1 1 2 9 50 2 9 50 2 9 50 2 9 50 2 9 50 2 9 50 2 9 50 2 9 50 2 9 50 2 9 50 2 9 50 2 9 50 2 9 38
153 25811 2 2 1 1 3 1 6 3 1
154 25811 1 1 1 0 8 1
155 25812 1 1 1 10 4 1
156 30500 225 15 15 0 1 8 1 0 8 2 0 8 3 0 8 4 0 8 5 0 8 6 0 8 8 0 8 9 0 8 10 0 8 11 0 8 12 0 8 13 0 8 14 0 8 15 0 8 0 1 8 1 2 8 2 1 8 3 1 8 4 1 8 5 1 8 6 1 8 8 1 8 9 1 8 10 1 8 11 1 8 12 1 8 13 1 8 14 1 8 15 1 8 0 2 8 1 2 8 2 3 8 3 2 8 4 2 8 5 2 8 6 2 8 8 2 8 9 2 8 10 2 8 11 2 8 12 2 8 13 2 8 14 2 8 15 2 8 0 3 8 1 3 8 2 3 8 3 4 8 4 3 8 5 3 8 6 3 8 8 3 8 9 3 8 10 3 8 11 3 8 12 3 8 13 3 8 14 3 8 15 3 8 0 4 8 1 4 8 2 4 8 3 4 8 4 5 8 5 4 8 6 4 8 8 4 8 9 4 8 10 4 8 11 4 8 12 4 8 13 4 8 14 4 8 15 4 8 0 5 8 1 5 8 2 5 8 3 5 8 4 5 8 5 6 8 6 5 8 8 5 8 9 5 8 10 5 8 11 5 8 12 5 8 13 5 8 14 5 8 15 5 8 0 6 8 1 6 8 2 6 8 3 6 8 4 6 8 5 6 8 6 7 8 8 6 8 9 6 8 10 6 8 11 6 8 12 6 8 13 6 8 14 6 8 15 6 8 0 7 16 1 7 16 2 7 16 3 7 16 4 7 16 5 7 16 6 7 16 8 7 16 9 7 16 10 7 16 11 7 16 12 7 16 13 7 16 14 7 16 15 7 16 0 8 8 1 8 8 2 8 8 3 8 8 4 8 8 5 8 8 6 8 8 8 9 8 9 8 8 10 8 8 11 8 8 12 8 8 13 8 8 14 8 8 15 8 8 0 9 8 1 9 8 2 9 8 3 9 8 4 9 8 5 9 8 6 9 8 8 9 8 9 10 8 10 9 8 11 9 8 12 9 8 13 9 8 14 9 8 15 9 8 0 10 9 1 10 9 2 10 9 3 10 9 4 10 9 5 10 9 6 10 9 8 10 9 9 10 9 10 11 9 11 10 9 12 10 9 13 10 9 14 10 9 15 10 9 0 11 8 1 11 8 2 11 8 3 11 8 4 11 8 5 11 8 6 11 8 8 11 8 9 11 8 10 11 8 11 12 8 12 11 8 13 11 8 14 11 8 15 11 8 0 12 8 1 12 8 2 12 8 3 12 8 4 12 8 5 12 8 6 12 8 8 12 8 9 12 8 10 12 8 11 12 8 12 13 8 13 12 8 14 12 8 15 12 8 0 13 8 1 13 8 2 13 8 3 13 8 4 13 8 5 13 8 6 13 8 8 13 8 9 13 8 10 13 8 11 13 8 12 13 8 13 14 8 14 13 8 15 13 8 0 14 8 1 14 8 2 14 8 3 14 8 4 14 8 5 14 8 6 14 8 8 14 8 9 14 8 10 14 8 11 14 8 12 14 8 13 14 8 14 15 8 15 14 8
157 35347 182 13 14 0 1 40 1 0 40 2 0 40 4 0 40 5 0 40 6 0 40 7 0 40 8 0 40 9 0 40 11 0 40 12 0 40 13 0 40 15 0 40 0 1 20 1 2 20 2 1 20 4 1 20 5 1 20 6 1 20 7 1 20 8 1 20 9 1 20 11 1 20 12 1 20 13 1 20 15 1 20 0 3 20 1 3 20 2 3 20 4 3 20 5 3 20 6 3 20 7 3 20 8 3 20 9 3 20 11 3 20 12 3 20 13 3 20 15 3 20 0 4 20 1 4 20 2 4 20 4 5 20 5 4 20 6 4 20 7 4 20 8 4 20 9 4 20 11 4 20 12 4 20 13 4 20 15 4 20 0 5 20 1 5 20 2 5 20 4 5 20 5 6 20 6 5 20 7 5 20 8 5 20 9 5 20 11 5 20 12 5 20 13 5 20 15 5 20 0 6 20 1 6 20 2 6 20 4 6 20 5 6 20 6 7 20 7 6 20 8 6 20 9 6 20 11 6 20 12 6 20 13 6 20 15 6 20 0 7 23 1 7 23 2 7 23 4 7 23 5 7 23 6 7 23 7 8 23 8 7 23 9 7 23 11 7 23 12 7 23 13 7 23 15 7 23 0 8 20 1 8 20 2 8 20 4 8 20 5 8 20 6 8 20 7 8 20 8 9 20 9 8 20 11 8 20 12 8 20 13 8 20 15 8 20 0 9 20 1 9 20 2 9 20 4 9 20 5 9 20 6 9 20 7 9 20 8 9 20 9 10 20 11 9 20 12 9 20 13 9 20 15 9 20 0 10 41 1 10 41 2 10 41 4 10 41 5 10 41 6 10 41 7 10 41 8 10 41 9 10 41 11 10 41 12 10 41 13 10 41 15 10 41 0 12 20 1 12 20 2 12 20 4 12 20 5 12 20 6 12 20 7 12 20 8 12 20 9 12 20 11 12 20 12 13 20 13 12 20 15 12 20 0 13 20 1 13 20 2 13 20 4 13 20 5 13 20 6 13 20 7 13 20 8 13 20 9 13 20 11 13 20 12 13 20 13 14 20 15 13 20 0 14 20 1 14 20 2 14 20 4 14 20 5 14 20 6 14 20 7 14 20 8 14 20 9 14 20 11 14 20 12 14 20 13 14 20 15 14 20 0 15 20 1 15 20 2 15 20 4 15 20 5 15 20 6 15 20 7 15 20 8 15 20 9 15 20 11 15 20 12 15 20 13 15 20 15 0 20
158 35382 2 2 1 9 1 24 14 1 24
159 35386 1 1 1 6 11 1
160 35387 1 1 1 11 10 1
161 35450 2 1 1 0 13 50 0 13 9
162 35499 1 1 1 1 7 1
163 35594 4 4 1 0 3 1 3 4 1 9 3 1 11 3 1
164 35722 4 4 1 1 2 1 3 1 1 9 1 1 12 1 1
165 35736 1 1 1 8 12 1
166 35873 7 7 1 4 3 1 6 3 1 8 3 1 9 3 1 10 3 1 12 3 1 15 3 1
167 35934 5 5 1 0 11 1 4 11 1 5 11 1 6 11 1 9 11 1
168 36319 12 12 1 0 14 1 2 14 1 3 14 1 5 14 1 7 14 1 9 14 1 10 14 1 11 14 1 12 14 1 13 14 1 14 15 1 15 14 1
169 36664 10 5 2 0 12 1 5 12 1 8 12 1 13 12 1 14 12 1 0 14 1 5 14 1 8 14 1 13 14 1 14 15 1
170 37070 13 13 1 0 7 1 1 7 1 2 7 1 3 7 1 4 7 1 5 7 1 6 7 1 7 8 1 8 7 1 9 7 1 12 7 1 13 7 1 14 7 1
171 37105 1 1 1 12 15 1
172 37241 4 4 1 7 3 8 8 3 8 9 3 8 13 3 8
173 37266 1 1 1 15 5 1
174 37391 2 2 1 2 8 22 13 8 22
175 37492 6 3 1 1 7 50 1 7 10 2 7 50 2 7 10 3 7 50 3 7 10
176 37513 3 3 1 0 11 1 1 11 1 3 11 1
177 37670 7 7 1 0 11 1 1 11 1 4 11 1 6 11 1 8 11 1 11 12 1 14 11 1
178 38108 14 14 1 0 11 1 1 11 1 2 11 1 4 11 1 5 11 1 6 11 1 7 11 1 8 11 1 9 11 1 10 11 1 11 12 1 13 11 1 14 11 1 15 11 1
179 38220 5 5 1 6 15 1 7 15 1 9 15 1 10 15 1 15 0 1
180 39743 60 10 3 2 3 50 2 3 21 3 2 50 3 2 21 4 2 50 4 2 21 6 2 50 6 2 21 7 2 50 7 2 21 11 2 50 11 2 21 12 2 50 12 2 21 13 2 50 13 2 21 14 2 50 14 2 21 15 2 50 15 2 21 2 10 50 2 10 21 3 10 50 3 10 21 4 10 50 4 10 21 6 10 50 6 10 21 7 10 50 7 10 21 11 10 50 11 10 21 12 10 50 12 10 21 13 10 50 13 10 21 14 10 50 14 10 21 15 10 50 15 10 21 2 14 50 2 14 8 3 14 50 3 14 8 4 14 50 4 14 8 6 14 50 6 14 8 7 14 50 7 14 8 11 14 50 11 14 8 12 14 50 12 14 8 13 14 50 13 14 8 14 15 50 14 15 8 15 14 50 15 14 8
181 39915 1 1 1 1 5 1
182 40177 10 5 2 0 9 1 1 9 1 4 9 1 5 9 1 15 9 1 0 11 1 1 11 1 4 11 1 5 11 1 15 11 1
183 45492 225 15 15 0 1 26 1 0 26 2 0 26 3 0 26 4 0 26 5 0 26 6 0 26 8 0 26 9 0 26 10 0 26 11 0 26 12 0 26 13 0 26 14 0 26 15 0 26 0 1 24 1 2 24 2 1 24 3 1 24 4 1 24 5 1 24 6 1 24 8 1 24 9 1 24 10 1 24 11 1 24 12 1 24 13 1 24 14 1 24 15 1 24 0 2 24 1 2 24 2 3 24 3 2 24 4 2 24 5 2 24 6 2 24 8 2 24 9 2 24 10 2 24 11 2 24 12 2 24 13 2 24 14 2 24 15 2 24 0 4 24 1 4 24 2 4 24 3 4 24 4 5 24 5 4 24 6 4 24 8 4 24 9 4 24 10 4 24 11 4 24 12 4 24 13 4 24 14 4 24 15 4 24 0 5 24 1 5 24 2 5 24 3 5 24 4 5 24 5 6 24 6 5 24 8 5 24 9 5 24 10 5 24 11 5 24 12 5 24 13 5 24 14 5 24 15 5 24 0 6 24 1 6 24 2 6 24 3 6 24 4 6 24 5 6 24 6 7 24 8 6 24 9 6 24 10 6 24 11 6 24 12 6 24 13 6 24 14 6 24 15 6 24 0 7 26 1 7 26 2 7 26 3 7 26 4 7 26 5 7 26 6 7 26 8 7 26 9 7 26 10 7 26 11 7 26 12 7 26 13 7 26 14 7 26 15 7 26 0 8 24 1 8 24 2 8 24 3 8 24 4 8 24 5 8 24 6 8 24 8 9 24 9 8 24 10 8 24 11 8 24 12 8 24 13 8 24 14 8 24 15 8 24 0 9 24 1 9 24 2 9 24 3 9 24 4 9 24 5 9 24 6 9 24 8 9 24 9 10 24 10 9 24 11 9 24 12 9 24 13 9 24 14 9 24 15 9 24 0 10 24 1 10 24 2 10 24 3 10 24 4 10 24 5 10 24 6 10 24 8 10 24 9 10 24 10 11 24 11 10 24 12 10 24 13 10 24 14 10 24 15 10 24 0 11 24 1 11 24 2 11 24 3 11 24 4 11 24 5 11 24 6 11 24 8 11 24 9 11 24 10 11 24 11 12 24 12 11 24 13 11 24 14 11 24 15 11 24 0 12 24 1 12 24 2 12 24 3 12 24 4 12 24 5 12 24 6 12 24 8 12 24 9 12 24 10 12 24 11 12 24 12 13 24 13 12 24 14 12 24 15 12 24 0 13 24 1 13 24 2 13 24 3 13 24 4 13 24 5 13 24 6 13 24 8 13 24 9 13 24 10 13 24 11 13 24 12 13 24 13 14 24 14 13 24 15 13 24 0 14 24 1 14 24 2 14 24 3 14 24 4 14 24 5 14 24 6 14 24 8 14 24 9 14 24 10 14 24 11 14 24 12 14 24 13 14 24 14 15 24 15 14 24 0 15 47 1 15 47 2 15 47 3 15 47 4 15 47 5 15 47 6 15 47 8 15 47 9 15 47 10 15 47 11 15 47 12 15 47 13 15 47 14 15 47 15 0 47
184 45675 10 5 2 3 8 47 9 8 47 11 8 47 13 8 47 14 8 47 3 12 47 9 12 47 11 12 47 13 12 47 14 12 47
185 45686 1 1 1 15 7 1
186 45705 3 3 1 1 3 2 9 3 2 10 3 2
187 45734 1 1 1 15 1 1
188 46012 13 13 1 1 5 1 2 5 1 3 5 1 4 5 1 5 6 1 6 5 1 7 5 1 9 5 1 10 5 1 11 5 1 12 5 1 14 5 1 15 5 1
189 46022 2 2 1 1 3 1 12 3 1
190 46214 14 14 1 1 9 1 2 9 1 3 9 1 4 9 1 5 9 1 6 9 1 7 9 1 8 9 1 9 10 1 10 9 1 12 9 1 13 9 1 14 9 1 15 9 1
191 46242 1 1 1 11 12 1
192 51015 225 15 15 1 0 26 2 0 26 3 0 26 4 0 26 5 0 26 6 0 26 7 0 26 8 0 26 9 0 26 10 0 26 11 0 26 12 0 26 13 0 26 14 0 26 15 0 26 1 2 24 2 3 24 3 2 24 4 2 24 5 2 24 6 2 24 7 2 24 8 2 24 9 2 24 10 2 24 11 2 24 12 2 24 13 2 24 14 2 24 15 2 24 1 3 24 2 3 24 3 4 24 4 3 24 5 3 24 6 3 24 7 3 24 8 3 24 9 3 24 10 3 24 11 3 24 12 3 24 13 3 24 14 3 24 15 3 24 1 4 24 2 4 24 3 4 24 4 5 24 5 4 24 6 4 24 7 4 24 8 4 24 9 4 24 10 4 24 11 4 24 12 4 24 13 4 24 14 4 24 15 4 24 1 5 24 2 5 24 3 5 24 4 5 24 5 6 24 6 5 24 7 5 24 8 5 24 9 5 24 10 5 24 11 5 24 12 5 24 13 5 24 14 5 24 15 5 24 1 6 24 2 6 24 3 6 24 4 6 24 5 6 24 6 7 24 7 6 24 8 6 24 9 6 24 10 6 24 11 6 24 12 6 24 13 6 24 14 6 24 15 6 24 1 7 26 2 7 26 3 7 26 4 7 26 5 7 26 6 7 26 7 8 26 8 7 26 9 7 26 10 7 26 11 7 26 12 7 26 13 7 26 14 7 26 15 7 26 1 8 24 2 8 24 3 8 24 4 8 24 5 8 24 6 8 24 7 8 24 8 9 24 9 8 24 10 8 24 11 8 24 12 8 24 13 8 24 14 8 24 15 8 24 1 9 24 2 9 24 3 9 24 4 9 24 5 9 24 6 9 24 7 9 24 8 9 24 9 10 24 10 9 24 11 9 24 12 9 24 13 9 24 14 9 24 15 9 24 1 10 24 2 10 24 3 10 24 4 10 24 5 10 24 6 10 24 7 10 24 8 10 24 9 10 24 10 11 24 11 10 24 12 10 24 13 10 24 14 10 24 15 10 24 1 11 24 2 11 24 3 11 24 4 11 24 5 11 24 6 11 24 7 11 24 8 11 24 9 11 24 10 11 24 11 12 24 12 11 24 13 11 24 14 11 24 15 11 24 1 12 24 2 12 24 3 12 24 4 12 24 5 12 24 6 12 24 7 12 24 8 12 24 9 12 24 10 12 24 11 12 24 12 13 24 13 12 24 14 12 24 15 12 24 1 13 24 2 13 24 3 13 24 4 13 24 5 13 24 6 13 24 7 13 24 8 13 24 9 13 24 10 13 24 11 13 24 12 13 24 13 14 24 14 13 24 15 13 24 1 14 24 2 14 24 3 14 24 4 14 24 5 14 24 6 14 24 7 14 24 8 14 24 9 14 24 10 14 24 11 14 24 12 14 24 13 14 24 14 15 24 15 14 24 1 15 47 2 15 47 3 15 47 4 15 47 5 15 47 6 15 47 7 15 47 8 15 47 9 15 47 10 15 47 11 15 47 12 15 47 13 15 47 14 15 47 15 0 47
193 51038 1 1 1 4 12 1
194 51075 1 1 1 15 11 6
195 51386 14 14 1 0 6 1 1 6 1 2 6 1 3 6 1 5 6 1 6 7 1 7 6 1 8 6 1 9 6 1 11 6 1 12 6 1 13 6 1 14 6 1 15 6 1
196 51490 6 3 1 1 15 50 1 15 12 4 15 50 4 15 12 9 15 50 9 15 12
197 51522 2 2 1 2 6 2 12 6 2
198 51651 6 3 1 7 0 50 7 0 10 12 0 50 12 0 10 13 0 50 13 0 10
199 51687 2 2 1 1 9 1 9 10 1
200 51734 5 5 1 2 9 6 4 9 6 6 9 6 8 9 6 13 9 6
201 51871 7 7 1 2 1 1 6 1 1 7 1 1 10 1 1 13 1 1 14 1 1 15 1 1
202 51892 1 1 1 4 3 1
203 51893 1 1 1 1 13 1
204 52276 15 15 1 1 6 1 2 6 1 3 6 1 4 6 1 5 6 1 6 7 1 7 6 1 8 6 1 9 6 1 10 6 1 11 6 1 12 6 1 13 6 1 14 6 1 15 6 1
205 52293 1 1 1 6 5 1
206 52637 10 5 2 5 1 1 8 1 1 10 1 1 11 1 1 12 1 1 5 6 1 8 5 1 10 5 1 11 5 1 12 5 1
207 52642 1 1 1 6 7 1
208 52649 1 1 1 3 11 1
209 53075 13 13 1 0 13 1 1 13 1 2 13 1 4 13 1 5 13 1 7 13 1 8 13 1 9 13 1 10 13 1 11 13 1 12 13 1 13 14 1 15 13 1
210 53399 14 14 1 0 14 1 1 14 1 2 14 1 3 14 1 4 14 1 5 14 1 6 14 1 7 14 1 8 14 1 9 14 1 11 14 1 12 14 1 13 14 1 14 15 1
211 53412 3 3 1 3 2 1 6 2 1 9 2 1
212 53437 1 1 1 0 7 1
213 53560 2 2 1 1 11 20 8 11 20
214 58982 225 15 15 0 1 26 1 0 26 3 0 26 4 0 26 5 0 26 6 0 26 7 0 26 8 0 26 9 0 26 10 0 26 11 0 26 12 0 26 13 0 26 14 0 26 15 0 26 0 1 24 1 2 24 3 1 24 4 1 24 5 1 24 6 1 24 7 1 24 8 1 24 9 1 24 10 1 24 11 1 24 12 1 24 13 1 24 14 1 24 15 1 24 0 2 24 1 2 24 3 2 24 4 2 24 5 2 24 6 2 24 7 2 24 8 2 24 9 2 24 10 2 24 11 2 24 12 2 24 13 2 24 14 2 24 15 2 24 0 3 24 1 3 24 3 4 24 4 3 24 5 3 24 6 3 24 7 3 24 8 3 24 9 3 24 10 3 24 11 3 24 12 3 24 13 3 24 14 3 24 15 3 24 0 4 24 1 4 24 3 4 24 4 5 24 5 4 24 6 4 24 7 4 24 8 4 24 9 4 24 10 4 24 11 4 24 12 4 24 13 4 24 14 4 24 15 4 24 0 5 24 1 5 24 3 5 24 4 5 24 5 6 24 6 5 24 7 5 24 8 5 24 9 5 24 10 5 24 11 5 24 12 5 24 13 5 24 14 5 24 15 5 24 0 6 26 1 6 26 3 6 26 4 6 26 5 6 26 6 7 26 7 6 26 8 6 26 9 6 26 10 6 26 11 6 26 12 6 26 13 6 26 14 6 26 15 6 26 0 7 24 1 7 24 3 7 24 4 7 24 5 7 24 6 7 24 7 8 24 8 7 24 9 7 24 10 7 24 11 7 24 12 7 24 13 7 24 14 7 24 15 7 24 0 8 24 1 8 24 3 8 24 4 8 24 5 8 24 6 8 24 7 8 24 8 9 24 9 8 24 10 8 24 11 8 24 12 8 24 13 8 24 14 8 24 15 8 24 0 9 24 1 9 24 3 9 24 4 9 24 5 9 24 6 9 24 7 9 24 8 9 24 9 10 24 10 9 24 11 9 24 12 9 24 13 9 24 14 9 24 15 9 24 0 10 24 1 10 24 3 10 24 4 10 24 5 10 24 6 10 24 7 10 24 8 10 24 9 10 24 10 11 24 11 10 24 12 10 24 13 10 24 14 10 24 15 10 24 0 11 24 1 11 24 3 11 24 4 11 24 5 11 24 6 11 24 7 11 24 8 11 24 9 11 24 10 11 24 11 12 24 12 11 24 13 11 24 14 11 24 15 11 24 0 12 24 1 12 24 3 12 24 4 12 24 5 12 24 6 12 24 7 12 24 8 12 24 9 12 24 10 12 24 11 12 24 12 13 24 13 12 24 14 12 24 15 12 24 0 13 24 1 13 24 3 13 24 4 13 24 5 13 24 6 13 24 7 13 24 8 13 24 9 13 24 10 13 24 11 13 24 12 13 24 13 14 24 14 13 24 15 13 24 0 14 47 1 14 47 3 14 47 4 14 47 5 14 47 6 14 47 7 14 47 8 14 47 9 14 47 10 14 47 11 14 47 12 14 47 13 14 47 14 15 47 15 14 47
215 59029 2 2 1 1 15 1 2 15 1
216 59049 2 2 1 3 12 1 6 12 1
217 59053 1 1 1 7 13 1
218 59159 5 5 1 0 2 1 1 2 1 6 2 1 9 2 1 15 2 1
219 59173 1 1 1 4 9 1
220 59523 14 14 1 1 5 1 2 5 1 3 5 1 4 5 1 6 5 1 7 5 1 8 5 1 9 5 1 10 5 1 11 5 1 12 5 1 13 5 1 14 5 1 15 5 1
221 59624 4 4 1 0 11 1 12 11 1 13 11 1 15 11 1
222 59685 3 3 1 9 12 1 10 12 1 13 12 1
223 59911 15 15 1 0 5 1 1 5 1 2 5 1 3 5 1 4 5 1 6 5 1 7 5 1 8 5 1 9 5 1 10 5 1 11 5 1 12 5 1 13 5 1 14 5 1 15 5 1
224 60276 14 14 1 0 5 1 1 5 1 2 5 1 3 5 1 5 6 1 6 5 1 7 5 1 9 5 1 10 5 1 11 5 1 12 5 1 13 5 1 14 5 1 15 5 1
225 60284 1 1 1 6 11 1
226 60343 3 3 1 6 1 1 10 1 1 15 1 1
227 60394 6 3 1 7 2 50 7 2 10 10 2 50 10 2 10 11 2 50 11 2 10
228 60597 9 1 1 2 10 50 2 10 50 2 10 50 2 10 50 2 10 50 2 10 50 2 10 50 2 10 50 2 10 23
229 60631 2 2 1 4 5 22 5 4 22
230 61388 30 10 3 0 3 1 3 4 1 5 3 1 6 3 1 7 3 1 8 3 1 11 3 1 12 3 1 13 3 1 15 3 1 0 5 1 3 5 1 5 6 1 6 5 1 7 5 1 8 5 1 11 5 1 12 5 1 13 5 1 15 5 1 0 12 1 3 12 1 5 12 1 6 12 1 7 12 1 8 12 1 11 12 1 12 13 1 13 12 1 15 12 1
231 61411 1 1 1 11 10 1
232 61439 1 1 1 9 10 1
233 61481 1 1 1 8 11 3
234 61891 14 14 1 0 6 1 1 6 1 3 6 1 4 6 1 5 6 1 6 7 1 7 6 1 8 6 1 9 6 1 10 6 1 11 6 1 12 6 1 13 6 1 14 6 1
235 61898 1 1 1 9 8 1
236 62058 12 12 1 0 15 1 1 15 1 2 15 1 4 15 1 6 15 1 7 15 1 8 15 1 9 15 1 10 15 1 11 15 1 12 15 1 14 15 1
237 62518 13 13 1 0 3 1 1 3 1 2 3 1 3 4 1 5 3 1 6 3 1 7 3 1 8 3 1 10 3 1 12 3 1 13 3 1 14 3 1 15 3 1
238 62679 10 5 2 0 4 47 1 4 47 8 4 47 11 4 47 15 4 47 0 14 47 1 14 47 8 14 47 11 14 47 15 14 47
239 62953 9 1 1 13 9 50 13 9 50 13 9 50 13 9 50 13 9 50 13 9 50 13 9 50 13 9 50 13 9 23
240 63164 10 5 2 0 1 1 5 1 1 7 1 1 13 1 1 14 1 1 0 5 1 5 6 1 7 5 1 13 5 1 14 5 1
241 63175 1 1 1 10 7 2
242 63191 2 2 1 10 2 1 13 2 1
243 63210 1 1 1 4 13 1
244 63361 6 3 1 0 9 50 0 9 10 2 9 50 2 9 10 11 9 50 11 9 10
245 63527 9 1 1 5 6 50 5 6 50 5 6 50 5 6 50 5 6 50 5 6 50 5 6 50 5 6 50 5 6 23
246 63541 1 1 1 8 15 1
247 63566 1 1 1 10 1 1
248 63595 1 1 1 1 13 1
249 63669 4 2 1 10 5 50 10 5 2 12 5 50 12 5 2
250 63868 6 3 1 0 13 50 0 13 10 3 13 50 3 13 10 7 13 50 7 13 10
251 63941 3 3 1 9 0 1 12 0 1 14 0 1
252 63943 1 1 1 5 7 1
253 64188 13 13 1 0 11 1 1 11 1 2 11 1 4 11 1 6 11 1 7 11 1 8 11 1 9 11 1 10 11 1 11 12 1 13 11 1 14 11 1 15 11 1
254 64288 2 2 1 10 11 1 15 10 1
255 66399 75 15 5 0 1 5 1 2 5 2 1 5 3 1 5 4 1 5 5 1 5 6 1 5 7 1 5 8 1 5 9 1 5 11 1 5 12 1 5 13 1 5 14 1 5 15 1 5 0 8 5 1 8 5 2 8 5 3 8 5 4 8 5 5 8 5 6 8 5 7 8 5 8 9 5 9 8 5 11 8 5 12 8 5 13 8 5 14 8 5 15 8 5 0 11 5 1 11 5 2 11 5 3 11 5 4 11 5 5 11 5 6 11 5 7 11 5 8 11 5 9 11 5 11 12 5 12 11 5 13 11 5 14 11 5 15 11 5 0 12 5 1 12 5 2 12 5 3 12 5 4 12 5 5 12 5 6 12 5 7 12 5 8 12 5 9 12 5 11 12 5 12 13 5 13 12 5 14 12 5 15 12 5 0 13 5 1 13 5 2 13 5 3 13 5 4 13 5 5 13 5 6 13 5 7 13 5 8 13 5 9 13 5 11 13 5 12 13 5 13 14 5 14 13 5 15 13 5
256 66418 1 1 1 5 10 1
257 66475 2 2 1 11 2 1 13 2 1
258 66500 1 1 1 10 4 1
259 66535 1 1 1 6 3 1
260 66662 8 8 1 0 3 1 2 3 1 4 3 1 6 3 1 8 3 1 9 3 1 11 3 1 15 3 1
261 66720 1 1 1 10 14 1
262 67131 14 14 1 0 8 1 1 8 1 2 8 1 3 8 1 4 8 1 5 8 1 7 8 1 8 9 1 9 8 1 10 8 1 11 8 1 13 8 1 14 8 1 15 8 1
263 67161 2 2 1 10 14 20 12 14 20
264 67513 10 5 2 0 1 1 4 1 1 7 1 1 8 1 1 14 1 1 0 14 1 4 14 1 7 14 1 8 14 1 14 15 1
265 67531 1 1 1 12 15 1
266 67938 13 13 1 0 13 1 1 13 1 2 13 1 3 13 1 5 13 1 7 13 1 8 13 1 9 13 1 10 13 1 11 13 1 12 13 1 13 14 1 15 13 1
267 67953 1 1 1 4 1 1
268 68348 16 1 16 4 0 2 4 1 1 4 2 2 4 3 1 4 5 1 4 5 1 4 6 1 4 7 1 4 8 2 4 9 1 4 10 1 4 11 1 4 12 1 4 13 1 4 14 2 4 15 1
269 68479 13 13 1 0 8 1 1 8 1 2 8 1 4 8 1 5 8 1 6 8 1 7 8 1 8 9 1 9 8 1 11 8 1 12 8 1 13 8 1 14 8 1
270 68520 1 1 1 0 1 1
271 68700 7 7 1 5 9 1 7 9 1 8 9 1 10 9 1 11 9 1 13 9 1 15 9 1
272 70372 75 15 5 0 1 5 1 0 5 2 0 5 3 0 5 4 0 5 5 0 5 6 0 5 7 0 5 8 0 5 9 0 5 10 0 5 11 0 5 12 0 5 13 0 5 15 0 5 0 8 5 1 8 5 2 8 5 3 8 5 4 8 5 5 8 5 6 8 5 7 8 5 8 9 5 9 8 5 10 8 5 11 8 5 12 8 5 13 8 5 15 8 5 0 9 5 1 9 5 2 9 5 3 9 5 4 9 5 5 9 5 6 9 5 7 9 5 8 9 5 9 10 5 10 9 5 11 9 5 12 9 5 13 9 5 15 9 5 0 11 5 1 11 5 2 11 5 3 11 5 4 11 5 5 11 5 6 11 5 7 11 5 8 11 5 9 11 5 10 11 5 11 12 5 12 11 5 13 11 5 15 11 5 0 15 5 1 15 5 2 15 5 3 15 5 4 15 5 5 15 5 6 15 5 7 15 5 8 15 5 9 15 5 10 15 5 11 15 5 12 15 5 13 15 5 15 0 5
273 70418 1 1 1 7 5 1
274 70455 2 2 1 0 3 22 11 3 22
275 70555 4 2 1 8 9 50 8 9 26 13 8 50 13 8 26
276 70916 11 11 1 0 7 1 2 7 1 4 7 1 5 7 1 6 7 1 8 7 1 9 7 1 11 7 1 12 7 1 13 7 1 14 7 1
277 71017 2 2 1 10 9 1 15 9 1
278 72821 75 15 5 0 1 5 1 2 5 2 1 5 3 1 5 4 1 5 5 1 5 6 1 5 7 1 5 8 1 5 9 1 5 11 1 5 12 1 5 13 1 5 14 1 5 15 1 5 0 2 5 1 2 5 2 3 5 3 2 5 4 2 5 5 2 5 6 2 5 7 2 5 8 2 5 9 2 5 11 2 5 12 2 5 13 2 5 14 2 5 15 2 5 0 4 5 1 4 5 2 4 5 3 4 5 4 5 5 5 4 5 6 4 5 7 4 5 8 4 5 9 4 5 11 4 5 12 4 5 13 4 5 14 4 5 15 4 5 0 8 5 1 8 5 2 8 5 3 8 5 4 8 5 5 8 5 6 8 5 7 8 5 8 9 5 9 8 5 11 8 5 12 8 5 13 8 5 14 8 5 15 8 5 0 9 5 1 9 5 2 9 5 3 9 5 4 9 5 5 9 5 6 9 5 7 9 5 8 9 5 9 10 5 11 9 5 12 9 5 13 9 5 14 9 5 15 9 5
279 72931 4 4 1 3 0 1 6 0 1 9 0 1 15 0 1
280 73260 13 13 1 0 14 1 1 14 1 2 14 1 3 14 1 4 14 1 5 14 1 7 14 1 9 14 1 10 14 1 12 14 1 13 14 1 14 15 1 15 14 1
281 73292 1 1 1 3 11 1
282 75057 75 15 5 0 1 4 1 0 4 2 0 4 3 0 4 4 0 4 5 0 4 6 0 4 7 0 4 8 0 4 9 0 4 10 0 4 11 0 4 12 0 4 14 0 4 15 0 4 0 3 4 1 3 4 2 3 4 3 4 4 4 3 4 5 3 4 6 3 4 7 3 4 8 3 4 9 3 4 10 3 4 11 3 4 12 3 4 14 3 4 15 3 4 0 5 4 1 5 4 2 5 4 3 5 4 4 5 4 5 6 4 6 5 4 7 5 4 8 5 4 9 5 4 10 5 4 11 5 4 12 5 4 14 5 4 15 5 4 0 7 4 1 7 4 2 7 4 3 7 4 4 7 4 5 7 4 6 7 4 7 8 4 8 7 4 9 7 4 10 7 4 11 7 4 12 7 4 14 7 4 15 7 4 0 12 4 1 12 4 2 12 4 3 12 4 4 12 4 5 12 4 6 12 4 7 12 4 8 12 4 9 12 4 10 12 4 11 12 4 12 13 4 14 12 4 15 12 4
283 76346 60 15 4 0 1 5 1 0 5 2 0 5 3 0 5 5 0 5 6 0 5 7 0 5 8 0 5 9 0 5 10 0 5 11 0 5 12 0 5 13 0 5 14 0 5 15 0 5 0 5 9 1 5 9 2 5 9 3 5 9 5 6 9 6 5 9 7 5 9 8 5 9 9 5 9 10 5 9 11 5 9 12 5 9 13 5 9 14 5 9 15 5 9 0 11 5 1 11 5 2 11 5 3 11 5 5 11 5 6 11 5 7 11 5 8 11 5 9 11 5 10 11 5 11 12 5 12 11 5 13 11 5 14 11 5 15 11 5 0 12 5 1 12 5 2 12 5 3 12 5 5 12 5 6 12 5 7 12 5 8 12 5 9 12 5 10 12 5 11 12 5 12 13 5 13 12 5 14 12 5 15 12 5
284 76396 1 1 1 2 9 1
285 76488 6 3 1 0 1 50 0 1 3 6 1 50 6 1 3 11 1 50 11 1 3
286 76615 8 8 1 4 6 1 5 6 1 6 7 1 7 6 1 9 6 1 10 6 1 11 6 1 13 6 1
287 76640 1 1 1 0 12 1
288 77494 28 14 1 0 8 50 0 8 8 1 8 50 1 8 8 2 8 50 2 8 8 3 8 50 3 8 8 5 8 50 5 8 8 6 8 50 6 8 8 7 8 50 7 8 8 8 9 50 8 9 8 9 8 50 9 8 8 11 8 50 11 8 8 12 8 50 12 8 8 13 8 50 13 8 8 14 8 50 14 8 8 15 8 50 15 8 8
289 77495 1 1 1 6 9 1
290 77893 15 15 1 1 15 1 2 15 1 3 15 1 4 15 1 5 15 1 6 15 1 7 15 1 8 15 1 9 15 1 10 15 1 11 15 1 12 15 1 13 15 1 14 15 1 15 0 1
291 77904 1 1 1 0 15 1
292 77906 1 1 1 4 12 1
293 77971 1 1 1 6 3 1
294 77971 1 1 1 1 11 1
295 78441 18 3 1 3 4 50 3 4 50 3 4 50 3 4 50 3 4 50 3 4 29 6 4 50 6 4 50 6 4 50 6 4 50 6 4 50 6 4 29 9 4 50 9 4 50 9 4 50 9 4 50 9 4 50 9 4 29
296 78490 1 1 1 15 4 1
297 78507 1 1 1 12 8 1
298 78522 1 1 1 0 8 1
299 78584 2 2 1 1 4 19 10 4 19
300 80799 75 15 5 0 1 4 1 2 4 2 1 4 3 1 4 4 1 4 5 1 4 6 1 4 8 1 4 9 1 4 10 1 4 11 1 4 12 1 4 13 1 4 14 1 4 15 1 4 0 4 4 1 4 4 2 4 4 3 4 4 4 5 4 5 4 4 6 4 4 8 4 4 9 4 4 10 4 4 11 4 4 12 4 4 13 4 4 14 4 4 15 4 4 0 7 4 1 7 4 2 7 4 3 7 4 4 7 4 5 7 4 6 7 4 8 7 4 9 7 4 10 7 4 11 7 4 12 7 4 13 7 4 14 7 4 15 7 4 0 10 4 1 10 4 2 10 4 3 10 4 4 10 4 5 10 4 6 10 4 8 10 4 9 10 4 10 11 4 11 10 4 12 10 4 13 10 4 14 10 4 15 10 4 0 12 4 1 12 4 2 12 4 3 12 4 4 12 4 5 12 4 6 12 4 8 12 4 9 12 4 10 12 4 11 12 4 12 13 4 13 12 4 14 12 4 15 12 4
301 81027 13 1 1 1 0 50 1 0 50 1 0 50 1 0 50 1 0 50 1 0 50 1 0 50 1 0 50 1 0 50 1 0 50 1 0 50 1 0 50 1 0 38
302 81120 2 2 1 10 1 19 14 1 19
303 81373 10 5 2 1 2 1 2 1 1 3 1 1 4 1 1 9 1 1 1 15 1 2 15 1 3 15 1 4 15 1 9 15 1
304 81379 1 1 1 10 3 1
305 81396 1 1 1 8 13 1
306 81424 1 1 1 14 2 1
307 81526 7 7 1 3 8 1 6 8 1 9 8 1 11 8 1 13 8 1 14 8 1 15 8 1
308 81882 14 14 1 0 11 1 1 11 1 3 11 1 4 11 1 5 11 1 6 11 1 7 11 1 8 11 1 10 11 1 11 12 1 12 11 1 13 11 1 14 11 1 15 11 1
309 82035 7 7 1 2 15 1 3 15 1 4 15 1 6 15 1 13 15 1 14 15 1 15 0 1
310 82110 4 2 1 9 4 50 9 4 26 10 4 50 10 4 26
311 82114 1 1 1 6 0 1
312 82456 14 14 1 0 11 1 1 11 1 2 11 1 3 11 1 4 11 1 7 11 1 8 11 1 9 11 1 10 11 1 11 12 1 12 11 1 13 11 1 14 11 1 15 11 1
313 82474 1 1 1 7 15 1
314 82605 4 2 1 4 9 50 4 9 1 12 9 50 12 9 1
315 82634 1 1 1 0 9 1
316 82669 1 1 1 14 15 1
317 82723 1 1 1 6 12 1
318 82937 4 2 1 1 10 50 1 10 5 2 10 50 2 10 5
319 83210 10 5 2 3 10 1 7 10 1 9 10 1 12 10 1 13 10 1 3 13 1 7 13 1 9 13 1 12 13 1 13 14 1
320 83352 6 3 1 2 15 50 2 15 13 14 15 50 14 15 13 15 0 50 15 0 13
321 83360 1 1 1 3 9 1
322 83373 1 1 1 8 0 1
323 83512 7 7 1 2 15 1 3 15 1 4 15 1 6 15 1 7 15 1 8 15 1 12 15 1
324 83632 4 4 1 0 10 1 1 10 1 5 10 1 6 10 1
325 83670 2 2 1 5 0 1 14 0 1
326 83676 1 1 1 13 1 1
327 83683 1 1 1 11 12 1
328 83888 7 7 1 3 10 1 4 10 1 5 10 1 6 10 1 8 10 1 13 10 1 14 10 1
329 84032 7 7 1 0 2 1 3 2 1 4 2 1 5 2 1 7 2 1 8 2 1 11 2 1
330 84075 1 1 1 5 4 1
331 84401 10 5 2 4 7 1 5 7 1 6 7 1 12 7 1 15 7 1 4 9 1 5 9 1 6 9 1 12 9 1 15 9 1
332 84618 12 12 1 1 14 1 2 14 1 3 14 1 4 14 1 6 14 1 7 14 1 8 14 1 9 14 1 10 14 1 12 14 1 13 14 1 14 15 1
333 84650 1 1 1 2 1 1
334 84898 12 12 1 1 4 1 2 4 1 3 4 1 4 5 1 5 4 1 9 4 1 10 4 1 11 4 1 12 4 1 13 4 1 14 4 1 15 4 1
335 84919 1 1 1 6 0 1
336 84984 6 2 1 1 4 50 1 4 50 1 4 11 5 4 50 5 4 50 5 4 11
337 85259 10 5 2 3 1 1 5 1 1 7 1 1 9 1 1 15 1 1 3 15 1 5 15 1 7 15 1 9 15 1 15 0 1
338 85267 1 1 1 11 8 1
339 85349 2 2 1 6 9 1 11 9 1
340 85717 14 14 1 0 10 1 3 10 1 4 10 1 5 10 1 6 10 1 7 10 1 8 10 1 9 10 1 10 11 1 11 10 1 12 10 1 13 10 1 14 10 1 15 10 1
341 85763 1 1 1 6 15 1
342 85877 1 1 1 15 4 1
343 85998 7 7 1 1 11 1 3 11 1 7 11 1 8 11 1 12 11 1 13 11 1 14 11 1
344 86134 1 1 1 15 12 1
345 86555 13 13 1 0 1 1 1 0 1 2 0 1 3 0 1 4 0 1 6 0 1 8 0 1 9 0 1 10 0 1 11 0 1 12 0 1 13 0 1 14 0 1
346 86697 4 2 1 11 12 50 11 12 2 13 12 50 13 12 2
347 86728 1 1 1 5 15 1
348 87071 14 14 1 1 12 1 2 12 1 3 12 1 4 12 1 5 12 1 7 12 1 8 12 1 9 12 1 10 12 1 11 12 1 12 13 1 13 12 1 14 12 1 15 12 1
349 87133 5 5 1 0 13 1 1 13 1 4 13 1 6 13 1 8 13 1
350 92459 225 15 15 0 1 26 1 0 26 2 0 26 3 0 26 4 0 26 5 0 26 6 0 26 7 0 26 8 0 26 10 0 26 11 0 26 12 0 26 13 0 26 14 0 26 15 0 26 0 1 24 1 2 24 2 1 24 3 1 24 4 1 24 5 1 24 6 1 24 7 1 24 8 1 24 10 1 24 11 1 24 12 1 24 13 1 24 14 1 24 15 1 24 0 2 24 1 2 24 2 3 24 3 2 24 4 2 24 5 2 24 6 2 24 7 2 24 8 2 24 10 2 24 11 2 24 12 2 24 13 2 24 14 2 24 15 2 24 0 3 24 1 3 24 2 3 24 3 4 24 4 3 24 5 3 24 6 3 24 7 3 24 8 3 24 10 3 24 11 3 24 12 3 24 13 3 24 14 3 24 15 3 24 0 4 24 1 4 24 2 4 24 3 4 24 4 5 24 5 4 24 6 4 24 7 4 24 8 4 24 10 4 24 11 4 24 12 4 24 13 4 24 14 4 24 15 4 24 0 5 24 1 5 24 2 5 24 3 5 24 4 5 24 5 6 24 6 5 24 7 5 24 8 5 24 10 5 24 11 5 24 12 5 24 13 5 24 14 5 24 15 5 24 0 6 26 1 6 26 2 6 26 3 6 26 4 6 26 5 6 26 6 7 26 7 6 26 8 6 26 10 6 26 11 6 26 12 6 26 13 6 26 14 6 26 15 6 26 0 7 24 1 7 24 2 7 24 3 7 24 4 7 24 5 7 24 6 7 24 7 8 24 8 7 24 10 7 24 11 7 24 12 7 24 13 7 24 14 7 24 15 7 24 0 8 24 1 8 24 2 8 24 3 8 24 4 8 24 5 8 24 6 8 24 7 8 24 8 9 24 10 8 24 11 8 24 12 8 24 13 8 24 14 8 24 15 8 24 0 9 24 1 9 24 2 9 24 3 9 24 4 9 24 5 9 24 6 9 24 7 9 24 8 9 24 10 9 24 11 9 24 12 9 24 13 9 24 14 9 24 15 9 24 0 10 24 1 10 24 2 10 24 3 10 24 4 10 24 5 10 24 6 10 24 7 10 24 8 10 24 10 11 24 11 10 24 12 10 24 13 10 24 14 10 24 15 10 24 0 12 24 1 12 24 2 12 24 3 12 24 4 12 24 5 12 24 6 12 24 7 12 24 8 12 24 10 12 24 11 12 24 12 13 24 13 12 24 14 12 24 15 12 24 0 13 24 1 13 24 2 13 24 3 13 24 4 13 24 5 13 24 6 13 24 7 13 24 8 13 24 10 13 24 11 13 24 12 13 24 13 14 24 14 13 24 15 13 24 0 14 24 1 14 24 2 14 24 3 14 24 4 14 24 5 14 24 6 14 24 7 14 24 8 14 24 10 14 24 11 14 24 12 14 24 13 14 24 14 15 24 15 14 24 0 15 47 1 15 47 2 15 47 3 15 47 4 15 47 5 15 47 6 15 47 7 15 47 8 15 47 10 15 47 11 15 47 12 15 47 13 15 47 14 15 47 15 0 47
351 92504 4 4 1 3 4 32 7 4 32 9 4 32 14 4 32
352 93177 24 8 3 1 7 29 2 7 29 3 7 29 9 7 29 10 7 29 11 7 29 13 7 29 14 7 29 1 10 26 2 10 26 3 10 26 9 10 26 10 11 26 11 10 26 13 10 26 14 10 26 1 11 26 2 11 26 3 11 26 9 11 26 10 11 26 11 12 26 13 11 26 14 11 26
353 97543 180 12 15 0 1 4 1 0 4 2 0 4 3 0 4 4 0 4 5 0 4 9 0 4 10 0 4 12 0 4 13 0 4 14 0 4 15 0 4 0 1 4 1 2 4 2 1 4 3 1 4 4 1 4 5 1 4 9 1 4 10 1 4 12 1 4 13 1 4 14 1 4 15 1 4 0 2 4 1 2 4 2 3 4 3 2 4 4 2 4 5 2 4 9 2 4 10 2 4 12 2 4 13 2 4 14 2 4 15 2 4 0 3 4 1 3 4 2 3 4 3 4 4 4 3 4 5 3 4 9 3 4 10 3 4 12 3 4 13 3 4 14 3 4 15 3 4 0 4 4 1 4 4 2 4 4 3 4 4 4 5 4 5 4 4 9 4 4 10 4 4 12 4 4 13 4 4 14 4 4 15 4 4 0 5 8 1 5 8 2 5 8 3 5 8 4 5 8 5 6 8 9 5 8 10 5 8 12 5 8 13 5 8 14 5 8 15 5 8 0 6 5 1 6 5 2 6 5 3 6 5 4 6 5 5 6 5 9 6 5 10 6 5 12 6 5 13 6 5 14 6 5 15 6 5 0 7 4 1 7 4 2 7 4 3 7 4 4 7 4 5 7 4 9 7 4 10 7 4 12 7 4 13 7 4 14 7 4 15 7 4 0 8 4 1 8 4 2 8 4 3 8 4 4 8 4 5 8 4 9 8 4 10 8 4 12 8 4 13 8 4 14 8 4 15 8 4 0 9 4 1 9 4 2 9 4 3 9 4 4 9 4 5 9 4 9 10 4 10 9 4 12 9 4 13 9 4 14 9 4 15 9 4 0 10 4 1 10 4 2 10 4 3 10 4 4 10 4 5 10 4 9 10 4 10 11 4 12 10 4 13 10 4 14 10 4 15 10 4 0 11 4 1 11 4 2 11 4 3 11 4 4 11 4 5 11 4 9 11 4 10 11 4 12 11 4 13 11 4 14 11 4 15 11 4 0 12 4 1 12 4 2 12 4 3 12 4 4 12 4 5 12 4 9 12 4 10 12 4 12 13 4 13 12 4 14 12 4 15 12 4 0 13 4 1 13 4 2 13 4 3 13 4 4 13 4 5 13 4 9 13 4 10 13 4 12 13 4 13 14 4 14 13 4 15 13 4 0 15 4 1 15 4 2 15 4 3 15 4 4 15 4 5 15 4 9 15 4 10 15 4 12 15 4 13 15 4 14 15 4 15 0 4
354 97642 4 4 1 0 9 32 4 9 32 9 10 32 11 9 32
355 97792 5 5 1 0 13 6 4 13 6 7 13 6 10 13 6 15 13 6
356 97928 6 2 1 3 13 50 3 13 50 3 13 38 7 13 50 7 13 50 7 13 38
357 97933 1 1 1 15 1 1
358 98035 3 3 1 0 1 2 8 0 2 12 0 2
359 98041 1 1 1 4 13 1
360 103259 225 15 15 0 1 26 1 0 26 3 0 26 4 0 26 5 0 26 6 0 26 7 0 26 8 0 26 9 0 26 10 0 26 11 0 26 12 0 26 13 0 26 14 0 26 15 0 26 0 1 24 1 2 24 3 1 24 4 1 24 5 1 24 6 1 24 7 1 24 8 1 24 9 1 24 10 1 24 11 1 24 12 1 24 13 1 24 14 1 24 15 1 24 0 3 24 1 3 24 3 4 24 4 3 24 5 3 24 6 3 24 7 3 24 8 3 24 9 3 24 10 3 24 11 3 24 12 3 24 13 3 24 14 3 24 15 3 24 0 4 24 1 4 24 3 4 24 4 5 24 5 4 24 6 4 24 7 4 24 8 4 24 9 4 24 10 4 24 11 4 24 12 4 24 13 4 24 14 4 24 15 4 24 0 5 24 1 5 24 3 5 24 4 5 24 5 6 24 6 5 24 7 5 24 8 5 24 9 5 24 10 5 24 11 5 24 12 5 24 13 5 24 14 5 24 15 5 24 0 6 24 1 6 24 3 6 24 4 6 24 5 6 24 6 7 24 7 6 24 8 6 24 9 6 24 10 6 24 11 6 24 12 6 24 13 6 24 14 6 24 15 6 24 0 7 26 1 7 26 3 7 26 4 7 26 5 7 26 6 7 26 7 8 26 8 7 26 9 7 26 10 7 26 11 7 26 12 7 26 13 7 26 14 7 26 15 7 26 0 8 24 1 8 24 3 8 24 4 8 24 5 8 24 6 8 24 7 8 24 8 9 24 9 8 24 10 8 24 11 8 24 12 8 24 13 8 24 14 8 24 15 8 24 0 9 24 1 9 24 3 9 24 4 9 24 5 9 24 6 9 24 7 9 24 8 9 24 9 10 24 10 9 24 11 9 24 12 9 24 13 9 24 14 9 24 15 9 24 0 10 24 1 10 24 3 10 24 4 10 24 5 10 24 6 10 24 7 10 24 8 10 24 9 10 24 10 11 24 11 10 24 12 10 24 13 10 24 14 10 24 15 10 24 0 11 24 1 11 24 3 11 24 4 11 24 5 11 24 6 11 24 7 11 24 8 11 24 9 11 24 10 11 24 11 12 24 12 11 24 13 11 24 14 11 24 15 11 24 0 12 24 1 12 24 3 12 24 4 12 24 5 12 24 6 12 24 7 12 24 8 12 24 9 12 24 10 12 24 11 12 24 12 13 24 13 12 24 14 12 24 15 12 24 0 13 24 1 13 24 3 13 24 4 13 24 5 13 24 6 13 24 7 13 24 8 13 24 9 13 24 10 13 24 11 13 24 12 13 24 13 14 24 14 13 24 15 13 24 0 14 24 1 14 24 3 14 24 4 14 24 5 14 24 6 14 24 7 14 24 8 14 24 9 14 24 10 14 24 11 14 24 12 14 24 13 14 24 14 15 24 15 14 24 0 15 47 1 15 47 3 15 47 4 15 47 5 15 47 6 15 47 7 15 47 8 15 47 9 15 47 10 15 47 11 15 47 12 15 47 13 15 47 14 15 47 15 0 47
361 103278 1 1 1 3 11 1
362 103388 6 3 1 1 2 50 1 2 12 6 2 50 6 2 12 13 2 50 13 2 12
363 103485 1 1 1 1 2 1
364 104086 14 14 1 0 8 1 1 8 1 3 8 1 4 8 1 5 8 1 6 8 1 7 8 1 8 9 1 9 8 1 10 8 1 11 8 1 12 8 1 13 8 1 15 8 1
365 104711 28 14 1 0 1 50 0 1 8 1 0 50 1 0 8 2 0 50 2 0 8 3 0 50 3 0 8 4 0 50 4 0 8 5 0 50 5 0 8 6 0 50 6 0 8 8 0 50 8 0 8 9 0 50 9 0 8 10 0 50 10 0 8 11 0 50 11 0 8 12 0 50 12 0 8 13 0 50 13 0 8 14 0 50 14 0 8
366 104720 1 1 1 2 3 1
367 105142 13 13 1 0 1 1 2 1 1 3 1 1 6 1 1 7 1 1 8 1 1 9 1 1 10 1 1 11 1 1 12 1 1 13 1 1 14 1 1 15 1 1
368 105194 2 2 1 5 10 21 9 10 21
369 105318 3 3 1 1 12 1 3 12 1 6 12 1
370 105492 6 3 1 10 5 50 10 5 12 11 5 50 11 5 12 13 5 50 13 5 12
371 105643 7 7 1 0 11 1 1 11 1 6 11 1 8 11 1 9 11 1 11 12 1 12 11 1
372 105727 3 3 1 6 3 1 10 3 1 14 3 1
373 105762 1 1 1 9 7 1
374 105804 2 2 1 6 8 5 7 8 5
375 106196 13 1 1 7 2 50 7 2 50 7 2 50 7 2 50 7 2 50 7 2 50 7 2 50 7 2 50 7 2 50 7 2 50 7 2 50 7 2 50 7 2 38
376 106237 1 1 1 9 14 1
377 106248 1 1 1 2 3 1
378 106465 13 13 1 1 13 1 2 13 1 3 13 1 4 13 1 5 13 1 6 13 1 9 13 1 10 13 1 11 13 1 12 13 1 13 14 1 14 13 1 15 13 1
379 106897 14 14 1 1 10 1 2 10 1 3 10 1 4 10 1 5 10 1 6 10 1 7 10 1 8 10 1 9 10 1 10 11 1 11 10 1 13 10 1 14 10 1 15 10 1
380 107035 7 7 1 1 2 1 3 2 1 4 2 1 11 2 1 12 2 1 14 2 1 15 2 1
381 107160 4 4 1 2 14 1 7 14 1 11 14 1 14 15 1
382 107369 10 5 2 1 2 1 3 2 1 8 2 1 12 2 1 15 2 1 1 6 1 3 6 1 8 6 1 12 6 1 15 6 1
383 107679 15 15 1 0 4 1 1 4 1 2 4 1 4 5 1 5 4 1 6 4 1 7 4 1 8 4 1 9 4 1 10 4 1 11 4 1 12 4 1 13 4 1 14 4 1 15 4 1
384 107694 1 1 1 0 11 1
385 107736 1 1 1 11 6 1
386 107980 10 5 2 3 5 1 4 5 1 5 6 1 7 5 1 12 5 1 3 13 1 4 13 1 5 13 1 7 13 1 12 13 1
387 108089 4 4 1 5 6 8 9 5 8 12 5 8 14 5 8
388 108090 1 1 1 4 14 18
389 108121 2 2 1 2 7 1 8 7 1
390 108848 32 16 2 0 6 5 1 6 5 2 6 5 3 6 5 4 6 5 5 6 5 6 7 5 7 6 5 8 6 5 9 6 5 10 6 5 11 6 5 12 6 5 13 6 5 14 6 5 15 6 5 0 7 5 1 7 5 2 7 5 3 7 5 4 7 5 5 7 5 6 7 5 7 8 5 8 7 5 9 7 5 10 7 5 11 7 5 12 7 5 13 7 5 14 7 5 15 7 5
391 108852 1 1 1 10 2 1
392 108924 3 3 1 0 2 1 1 2 1 14 2 1
393 108973 3 3 1 2 3 1 10 3 1 13 3 1
394 109364 16 1 16 13 0 2 13 1 1 13 2 2 13 3 1 13 4 1 13 5 1 13 6 1 13 7 1 13 8 2 13 9 1 13 10 1 13 11 1 13 12 1 13 14 1 13 14 2 13 15 1
395 109377 1 1 1 11 7 1
396 110816 60 10 3 0 7 50 0 7 21 1 7 50 1 7 21 3 7 50 3 7 21 5 7 50 5 7 21 7 8 50 7 8 21 9 7 50 9 7 21 11 7 50 11 7 21 12 7 50 12 7 21 13 7 50 13 7 21 15 7 50 15 7 21 0 13 50 0 13 21 1 13 50 1 13 21 3 13 50 3 13 21 5 13 50 5 13 21 7 13 50 7 13 21 9 13 50 9 13 21 11 13 50 11 13 21 12 13 50 12 13 21 13 14 50 13 14 21 15 13 50 15 13 21 0 14 50 0 14 8 1 14 50 1 14 8 3 14 50 3 14 8 5 14 50 5 14 8 7 14 50 7 14 8 9 14 50 9 14 8 11 14 50 11 14 8 12 14 50 12 14 8 13 14 50 13 14 8 15 14 50 15 14 8
397 110920 3 3 1 3 12 1 9 12 1 10 12 1
398 111143 7 7 1 2 3 1 3 2 1 4 2 1 6 2 1 7 2 1 9 2 1 15 2 1
399 111475 13 13 1 0 6 1 1 6 1 2 6 1 3 6 1 4 6 1 5 6 1 6 7 1 9 6 1 10 6 1 11 6 1 12 6 1 13 6 1 14 6 1
400 111537 4 4 1 3 10 1 6 10 1 8 10 1 9 10 1
401 116628 203 7 7 0 1 50 0 1 50 0 1 50 0 1 48 1 0 50 1 0 50 1 0 50 1 0 48 2 0 50 2 0 50 2 0 50 2 0 48 4 0 50 4 0 50 4 0 50 4 0 48 6 0 50 6 0 50 6 0 50 6 0 48 12 0 50 12 0 50 12 0 50 12 0 48 15 0 50 15 0 50 15 0 50 15 0 48 0 1 50 0 1 50 0 1 50 0 1 48 1 2 50 1 2 50 1 2 50 1 2 48 2 1 50 2 1 50 2 1 50 2 1 48 4 1 50 4 1 50 4 1 50 4 1 48 6 1 50 6 1 50 6 1 50 6 1 48 12 1 50 12 1 50 12 1 50 12 1 48 15 1 50 15 1 50 15 1 50 15 1 48 0 2 50 0 2 50 0 2 50 0 2 50 0 2 12 1 2 50 1 2 50 1 2 50 1 2 50 1 2 12 2 3 50 2 3 50 2 3 50 2 3 50 2 3 12 4 2 50 4 2 50 4 2 50 4 2 50 4 2 12 6 2 50 6 2 50 6 2 50 6 2 50 6 2 12 12 2 50 12 2 50 12 2 50 12 2 50 12 2 12 15 2 50 15 2 50 15 2 50 15 2 50 15 2 12 0 3 50 0 3 50 0 3 50 0 3 48 1 3 50 1 3 50 1 3 50 1 3 48 2 3 50 2 3 50 2 3 50 2 3 48 4 3 50 4 3 50 4 3 50 4 3 48 6 3 50 6 3 50 6 3 50 6 3 48 12 3 50 12 3 50 12 3 50 12 3 48 15 3 50 15 3 50 15 3 50 15 3 48 0 6 50 0 6 50 0 6 50 0 6 48 1 6 50 1 6 50 1 6 50 1 6 48 2 6 50 2 6 50 2 6 50 2 6 48 4 6 50 4 6 50 4 6 50 4 6 48 6 7 50 6 7 50 6 7 50 6 7 48 12 6 50 12 6 50 12 6 50 12 6 48 15 6 50 15 6 50 15 6 50 15 6 48 0 9 50 0 9 50 0 9 50 0 9 48 1 9 50 1 9 50 1 9 50 1 9 48 2 9 50 2 9 50 2 9 50 2 9 48 4 9 50 4 9 50 4 9 50 4 9 48 6 9 50 6 9 50 6 9 50 6 9 48 12 9 50 12 9 50 12 9 50 12 9 48 15 9 50 15 9 50 15 9 50 15 9 48 0 14 50 0 14 50 0 14 50 0 14 48 1 14 50 1 14 50 1 14 50 1 14 48 2 14 50 2 14 50 2 14 50 2 14 48 4 14 50 4 14 50 4 14 50 4 14 48 6 14 50 6 14 50 6 14 50 6 14 48 12 14 50 12 14 50 12 14 50 12 14 48 15 14 50 15 14 50 15 14 50 15 14 48
402 117290 28 14 1 0 2 50 0 2 8 1 2 50 1 2 8 2 3 50 2 3 8 3 2 50 3 2 8 4 2 50 4 2 8 6 2 50 6 2 8 7 2 50 7 2 8 8 2 50 8 2 8 9 2 50 9 2 8 10 2 50 10 2 8 11 2 50 11 2 8 12 2 50 12 2 8 13 2 50 13 2 8 15 2 50 15 2 8
403 117562 13 13 1 0 10 1 1 10 1 2 10 1 3 10 1 4 10 1 6 10 1 7 10 1 8 10 1 9 10 1 10 11 1 12 10 1 13 10 1 15 10 1
404 117837 15 15 1 0 5 1 1 5 1 3 5 1 4 5 1 5 6 1 6 5 1 7 5 1 8 5 1 9 5 1 10 5 1 11 5 1 12 5 1 13 5 1 14 5 1 15 5 1
405 118225 14 14 1 1 15 1 2 15 1 4 15 1 5 15 1 6 15 1 7 15 1 8 15 1 9 15 1 10 15 1 11 15 1 12 15 1 13 15 1 14 15 1 15 0 1
406 118256 1 1 1 0 2 1
407 118363 2 2 1 2 0 1 7 0 1
408 118397 2 2 1 3 8 22 12 8 22
409 118827 12 1 1 7 5 50 7 5 50 7 5 50 7 5 50 7 5 50 7 5 50 7 5 50 7 5 50 7 5 50 7 5 50 7 5 50 7 5 33
410 118899 6 6 1 0 14 1 1 14 1 3 14 1 7 14 1 8 14 1 15 14 1
411 118907 1 1 1 2 7 1
412 119185 7 7 1 2 3 1 3 2 1 8 2 1 10 2 1 11 2 1 13 2 1 14 2 1
413 120692 60 4 15 2 0 2 4 0 2 11 0 2 14 0 2 2 1 2 4 1 2 11 1 2 14 1 2 2 3 2 4 2 2 11 2 2 14 2 2 2 3 2 4 3 2 11 3 2 14 3 2 2 4 2 4 5 2 11 4 2 14 4 2 2 5 5 4 5 5 11 5 5 14 5 5 2 6 3 4 6 3 11 6 3 14 6 3 2 7 2 4 7 2 11 7 2 14 7 2 2 8 2 4 8 2 11 8 2 14 8 2 2 10 2 4 10 2 11 10 2 14 10 2 2 11 2 4 11 2 11 12 2 14 11 2 2 12 2 4 12 2 11 12 2 14 12 2 2 13 2 4 13 2 11 13 2 14 13 2 2 14 2 4 14 2 11 14 2 14 15 2 2 15 2 4 15 2 11 15 2 14 15 2
414 120773 3 3 1 0 9 2 6 9 2 7 9 2
415 120812 2 2 1 7 9 1 8 9 1
416 120832 2 2 1 0 13 2 11 13 2
417 120846 1 1 1 11 0 1
418 121410 18 3 1 1 15 50 1 15 50 1 15 50 1 15 50 1 15 50 1 15 29 11 15 50 11 15 50 11 15 50 11 15 50 11 15 50 11 15 29 13 15 50 13 15 50 13 15 50 13 15 50 13 15 50 13 15 29
419 121449 2 2 1 7 9 2 14 9 2
420 121460 1 1 1 6 5 1
421 121479 1 1 1 9 15 1
422 121820 13 1 1 13 9 50 13 9 50 13 9 50 13 9 50 13 9 50 13 9 50 13 9 50 13 9 50 13 9 50 13 9 50 13 9 50 13 9 50 13 9 38
423 121824 1 1 1 15 4 1
424 121829 1 1 1 9 7 3
425 121892 6 3 1 2 3 50 2 3 3 3 4 50 3 4 3 9 3 50 9 3 3
426 121984 7 7 1 0 11 1 2 11 1 4 11 1 10 11 1 12 11 1 14 11 1 15 11 1
427 122000 1 1 1 4 6 1
428 122056 1 1 1 3 8 18
429 122087 1 1 1 11 2 1
430 122094 1 1 1 4 1 1
431 122244 7 7 1 0 8 1 3 8 1 5 8 1 6 8 1 7 8 1 9 8 1 15 8 1
432 122276 1 1 1 15 5 1
433 122305 1 1 1 13 5 1
434 122415 6 2 3 1 4 1 4 5 1 1 11 1 4 11 1 1 13 4 4 13 4
435 122454 2 2 1 4 12 2 12 13 2
436 122739 13 13 1 0 14 1 1 14 1 2 14 1 3 14 1 4 14 1 5 14 1 7 14 1 9 14 1 10 14 1 11 14 1 12 14 1 13 14 1 14 15 1
437 122870 3 3 1 0 13 2 9 13 2 11 13 2
438 122909 1 1 1 0 9 1
439 122934 1 1 1 3 2 1
440 122956 2 2 1 5 14 2 10 14 2
441 123229 6 3 1 2 11 50 2 11 14 10 11 50 10 11 14 15 11 50 15 11 14
442 123452 7 7 1 1 2 1 2 1 1 3 1 1 6 1 1 9 1 1 13 1 1 14 1 1
443 123477 1 1 1 11 7 1
444 123647 13 13 1 0 2 1 1 2 1 2 3 1 3 2 1 4 2 1 5 2 1 6 2 1 8 2 1 10 2 1 11 2 1 12 2 1 13 2 1 14 2 1
445 124043 16 1 16 13 0 2 13 1 1 13 2 2 13 3 1 13 4 1 13 5 1 13 6 1 13 7 1 13 8 2 13 9 1 13 10 1 13 11 1 13 12 1 13 14 1 13 14 2 13 15 1
446 125651 60 15 4 0 1 5 1 2 5 2 1 5 3 1 5 4 1 5 5 1 5 6 1 5 7 1 5 8 1 5 9 1 5 10 1 5 11 1 5 12 1 5 14 1 5 15 1 5 0 4 9 1 4 9 2 4 9 3 4 9 4 5 9 5 4 9 6 4 9 7 4 9 8 4 9 9 4 9 10 4 9 11 4 9 12 4 9 14 4 9 15 4 9 0 11 5 1 11 5 2 11 5 3 11 5 4 11 5 5 11 5 6 11 5 7 11 5 8 11 5 9 11 5 10 11 5 11 12 5 12 11 5 14 11 5 15 11 5 0 15 5 1 15 5 2 15 5 3 15 5 4 15 5 5 15 5 6 15 5 7 15 5 8 15 5 9 15 5 10 15 5 11 15 5 12 15 5 14 15 5 15 0 5
447 125702 3 3 1 0 6 2 3 6 2 15 6 2
448 125703 1 1 1 0 9 1
449 125816 2 2 1 12 3 41 14 3 41
450 125844 1 1 1 7 4 7
451 125895 1 1 1 0 9 1
452 125968 4 2 1 0 11 50 0 11 1 9 11 50 9 11 1
453 125976 1 1 1 10 15 1
454 126012 2 2 1 5 0 5 12 0 5
455 126155 3 3 1 0 9 1 6 9 1 15 9 1
456 126180 1 1 1 1 10 1
457 127927 60 4 15 2 0 2 6 0 2 7 0 2 12 0 2 2 1 2 6 1 2 7 1 2 12 1 2 2 3 2 6 2 2 7 2 2 12 2 2 2 3 2 6 3 2 7 3 2 12 3 2 2 4 2 6 4 2 7 4 2 12 4 2 2 5 5 6 5 5 7 5 5 12 5 5 2 6 3 6 7 3 7 6 3 12 6 3 2 7 2 6 7 2 7 8 2 12 7 2 2 8 2 6 8 2 7 8 2 12 8 2 2 9 2 6 9 2 7 9 2 12 9 2 2 10 2 6 10 2 7 10 2 12 10 2 2 11 2 6 11 2 7 11 2 12 11 2 2 12 2 6 12 2 7 12 2 12 13 2 2 13 2 6 13 2 7 13 2 12 13 2 2 14 2 6 14 2 7 14 2 12 14 2
458 127940 1 1 1 3 4 1
459 127940 1 1 1 5 4 1
460 128202 14 14 1 0 9 1 1 9 1 2 9 1 3 9 1 4 9 1 5 9 1 7 9 1 8 9 1 10 9 1 11 9 1 12 9 1 13 9 1 14 9 1 15 9 1
461 128498 6 3 1 2 5 50 2 5 13 6 5 50 6 5 13 15 5 50 15 5 13
462 128733 7 7 1 2 9 1 3 9 1 10 9 1 11 9 1 12 9 1 13 9 1 15 9 1
463 128757 1 1 1 4 8 6
464 128788 1 1 1 13 3 1
465 128828 1 1 1 11 13 1
466 128844 1 1 1 7 8 1
467 128848 1 1 1 10 5 1
468 128919 1 1 1 11 10 1
469 128948 1 1 1 13 0 1
470 128969 1 1 1 15 1 1
471 128991 2 2 1 0 12 22 14 12 22
472 128995 1 1 1 0 2 1
473 129465 30 10 3 0 1 1 1 0 1 2 0 1 3 0 1 4 0 1 9 0 1 10 0 1 12 0 1 13 0 1 14 0 1 0 5 1 1 5 1 2 5 1 3 5 1 4 5 1 9 5 1 10 5 1 12 5 1 13 5 1 14 5 1 0 15 1 1 15 1 2 15 1 3 15 1 4 15 1 9 15 1 10 15 1 12 15 1 13 15 1 14 15 1
474 129652 6 2 3 8 7 49 10 7 49 8 12 49 10 12 49 8 15 49 10 15 49
475 129663 1 1 1 3 9 1
476 129888 14 14 1 1 2 1 2 1 1 3 1 1 4 1 1 5 1 1 6 1 1 7 1 1 9 1 1 10 1 1 11 1 1 12 1 1 13 1 1 14 1 1 15 1 1
477 129910 2 2 1 7 8 44 9 8 44
478 130067 1 1 1 9 8 1
479 130100 2 2 1 5 0 20 13 0 20
480 130113 2 2 1 2 9 5 4 9 5
481 130257 7 7 1 0 14 1 1 14 1 2 14 1 3 14 1 5 14 1 12 14 1 15 14 1
482 130259 1 1 1 1 5 1
483 130356 7 7 1 0 12 1 5 12 1 11 12 1 12 13 1 13 12 1 14 12 1 15 12 1
484 130387 2 2 1 0 1 5 12 0 5
485 130521 6 2 3 11 2 1 15 2 1 11 5 1 15 5 1 11 15 4 15 0 4
486 130560 2 2 1 0 13 19 14 13 19
487 130593 2 2 1 9 15 21 15 0 21
488 130766 7 7 1 0 2 1 3 2 1 4 2 1 5 2 1 8 2 1 9 2 1 11 2 1
489 130821 4 4 1 1 9 1 5 9 1 13 9 1 14 9 1
490 131165 14 14 1 0 1 1 1 0 1 3 0 1 4 0 1 5 0 1 6 0 1 8 0 1 9 0 1 10 0 1 11 0 1 12 0 1 13 0 1 14 0 1 15 0 1
491 131201 2 2 1 2 6 24 11 6 24
492 131741 12 12 1 1 4 1 2 4 1 3 4 1 4 5 1 5 4 1 6 4 1 7 4 1 10 4 1 11 4 1 13 4 1 14 4 1 15 4 1
493 131853 1 1 1 8 11 1
494 131895 2 2 1 1 9 22 11 9 22
495 132187 7 7 1 2 15 1 3 15 1 4 15 1 5 15 1 7 15 1 10 15 1 12 15 1
496 132254 3 3 1 0 1 1 3 0 1 13 0 1
497 132280 1 1 1 9 4 1
498 132497 2 2 1 1 2 25 8 2 25
499 132572 4 2 1 6 2 50 6 2 1 11 2 50 11 2 1
500 132577 1 1 1 8 1 1
501 132608 1 1 1 1 2 1
502 132759 6 2 1 5 12 50 5 12 50 5 12 23 11 12 50 11 12 50 11 12 23
503 132804 1 1 1 3 5 1
504 133321 14 14 1 0 4 1 1 4 1 2 4 1 3 4 1 4 5 1 6 4 1 7 4 1 8 4 1 9 4 1 11 4 1 12 4 1 13 4 1 14 4 1 15 4 1
505 133449 4 4 1 3 7 8 5 7 8 7 8 8 12 7 8
506 133688 6 2 3 3 1 49 8 1 49 3 4 49 8 3 49 3 11 49 8 11 49
507 133717 3 3 1 4 14 1 5 14 1 11 14 1
508 133736 1 1 1 13 0 1
509 133759 1 1 1 13 5 1
510 133773 1 1 1 9 12 7
511 133775 1 1 1 7 5 3
512 133796 3 3 1 8 11 2 10 11 2 14 11 2
513 134101 10 5 2 1 2 1 2 3 1 11 2 1 14 2 1 15 2 1 1 11 1 2 11 1 11 12 1 14 11 1 15 11 1
514 134227 7 7 1 5 1 1 7 1 1 8 1 1 12 1 1 13 1 1 14 1 1 15 1 1
515 134418 7 7 1 3 4 1 5 3 1 6 3 1 8 3 1 12 3 1 14 3 1 15 3 1
516 134467 3 3 1 0 9 2 5 9 2 15 9 2
517 134546 4 4 1 3 12 1 8 12 1 11 12 1 13 12 1
518 134840 10 5 2 3 0 1 4 0 1 5 0 1 8 0 1 9 0 1 3 4 1 4 5 1 5 4 1 8 4 1 9 4 1
519 134871 1 1 1 12 8 1
520 134875 1 1 1 14 3 1
521 134880 1 1 1 15 8 1
522 134881 1 1 1 13 14 1
523 134886 1 1 1 3 4 1
524 134886 1 1 1 15 0 1
525 135207 13 13 1 0 1 1 1 2 1 2 1 1 3 1 1 4 1 1 6 1 1 8 1 1 9 1 1 10 1 1 11 1 1 12 1 1 13 1 1 15 1 1
526 135270 2 2 1 1 14 1 10 14 1
527 135518 11 1 11 14 0 3 14 2 3 14 5 3 14 6 6 14 7 3 14 8 2 14 10 6 14 12 3 14 13 3 14 15 3 14 15 3
528 135532 2 2 1 8 1 24 10 1 24
529 135536 1 1 1 3 6 1
530 135624 2 2 1 6 15 21 8 15 21
531 135641 1 1 1 12 13 1
532 135686 3 3 1 10 1 2 11 1 2 13 1 2
533 135996 13 13 1 0 8 1 1 8 1 2 8 1 3 8 1 4 8 1 5 8 1 7 8 1 8 9 1 9 8 1 11 8 1 13 8 1 14 8 1 15 8 1
534 136054 1 1 1 0 4 11
535 136093 2 2 1 5 8 2 13 8 2
536 136095 1 1 1 6 4 1
537 136235 7 7 1 0 14 1 1 14 1 4 14 1 7 14 1 9 14 1 13 14 1 15 14 1
538 136275 4 2 1 2 15 50 2 15 26 6 15 50 6 15 26
539 136292 1 1 1 7 14 1
540 136613 7 7 1 2 9 1 4 9 1 6 9 1 9 10 1 12 9 1 13 9 1 15 9 1
541 136677 3 3 1 5 4 1 10 4 1 14 4 1
542 136724 6 3 1 2 5 50 2 5 13 11 5 50 11 5 13 13 5 50 13 5 13
543 136729 1 1 1 12 6 1
544 136738 1 1 1 8 9 1
545 136795 2 2 1 7 2 25 10 2 25
546 136809 1 1 1 7 0 2
547 136822 1 1 1 3 0 1
548 142082 210 6 7 5 0 50 5 0 50 5 0 50 5 0 50 5 0 46 9 0 50 9 0 50 9 0 50 9 0 50 9 0 46 10 0 50 10 0 50 10 0 50 10 0 50 10 0 46 11 0 50 11 0 50 11 0 50 11 0 50 11 0 46 13 0 50 13 0 50 13 0 50 13 0 50 13 0 46 14 0 50 14 0 50 14 0 50 14 0 50 14 0 46 5 4 50 5 4 50 5 4 50 5 4 50 5 4 46 9 4 50 9 4 50 9 4 50 9 4 50 9 4 46 10 4 50 10 4 50 10 4 50 10 4 50 10 4 46 11 4 50 11 4 50 11 4 50 11 4 50 11 4 46 13 4 50 13 4 50 13 4 50 13 4 50 13 4 46 14 4 50 14 4 50 14 4 50 14 4 50 14 4 46 5 6 50 5 6 50 5 6 50 5 6 50 5 6 46 9 6 50 9 6 50 9 6 50 9 6 50 9 6 46 10 6 50 10 6 50 10 6 50 10 6 50 10 6 46 11 6 50 11 6 50 11 6 50 11 6 50 11 6 46 13 6 50 13 6 50 13 6 50 13 6 50 13 6 46 14 6 50 14 6 50 14 6 50 14 6 50 14 6 46 5 12 50 5 12 50 5 12 50 5 12 50 5 12 46 9 12 50 9 12 50 9 12 50 9 12 50 9 12 46 10 12 50 10 12 50 10 12 50 10 12 50 10 12 46 11 12 50 11 12 50 11 12 50 11 12 50 11 12 46 13 12 50 13 12 50 13 12 50 13 12 50 13 12 46 14 12 50 14 12 50 14 12 50 14 12 50 14 12 46 5 13 50 5 13 50 5 13 50 5 13 50 5 13 46 9 13 50 9 13 50 9 13 50 9 13 50 9 13 46 10 13 50 10 13 50 10 13 50 10 13 50 10 13 46 11 13 50 11 13 50 11 13 50 11 13 50 11 13 46 13 14 50 13 14 50 13 14 50 13 14 50 13 14 46 14 13 50 14 13 50 14 13 50 14 13 50 14 13 46 5 14 50 5 14 50 5 14 50 5 14 50 5 14 47 9 14 50 9 14 50 9 14 50 9 14 50 9 14 47 10 14 50 10 14 50 10 14 50 10 14 50 10 14 47 11 14 50 11 14 50 11 14 50 11 14 50 11 14 47 13 14 50 13 14 50 13 14 50 13 14 50 13 14 47 14 15 50 14 15 50 14 15 50 14 15 50 14 15 47 5 15 50 5 15 50 5 15 50 5 15 50 5 15 47 9 15 50 9 15 50 9 15 50 9 15 50 9 15 47 10 15 50 10 15 50 10 15 50 10 15 50 10 15 47 11 15 50 11 15 50 11 15 50 11 15 50 11 15 47 13 15 50 13 15 50 13 15 50 13 15 50 13 15 47 14 15 50 14 15 50 14 15 50 14 15 50 14 15 47
549 142123 1 1 1 5 4 1
550 142822 28 14 1 0 6 50 0 6 8 1 6 50 1 6 8 2 6 50 2 6 8 3 6 50 3 6 8 4 6 50 4 6 8 7 6 50 7 6 8 8 6 50 8 6 8 9 6 50 9 6 8 10 6 50 10 6 8 11 6 50 11 6 8 12 6 50 12 6 8 13 6 50 13 6 8 14 6 50 14 6 8 15 6 50 15 6 8
551 142823 1 1 1 3 8 1
552 143278 14 14 1 1 10 1 2 10 1 3 10 1 4 10 1 5 10 1 6 10 1 8 10 1 9 10 1 10 11 1 11 10 1 12 10 1 13 10 1 14 10 1 15 10 1
553 143303 1 1 1 15 1 1
554 143321 1 1 1 7 15 1
555 143363 1 1 1 8 0 1
556 143383 1 1 1 12 7 1
557 143427 2 2 1 4 15 1 6 15 1
558 143532 10 5 2 4 0 1 6 0 1 11 0 1 13 0 1 14 0 1 4 11 1 6 11 1 11 12 1 13 11 1 14 11 1
559 143873 14 14 1 0 12 1 1 12 1 2 12 1 3 12 1 5 12 1 6 12 1 7 12 1 8 12 1 9 12 1 10 12 1 12 13 1 13 12 1 14 12 1 15 12 1
560 145355 75 15 5 0 1 4 1 0 4 2 0 4 3 0 4 5 0 4 6 0 4 7 0 4 8 0 4 9 0 4 10 0 4 11 0 4 12 0 4 13 0 4 14 0 4 15 0 4 0 3 4 1 3 4 2 3 4 3 4 4 5 3 4 6 3 4 7 3 4 8 3 4 9 3 4 10 3 4 11 3 4 12 3 4 13 3 4 14 3 4 15 3 4 0 6 4 1 6 4 2 6 4 3 6 4 5 6 4 6 7 4 7 6 4 8 6 4 9 6 4 10 6 4 11 6 4 12 6 4 13 6 4 14 6 4 15 6 4 0 14 4 1 14 4 2 14 4 3 14 4 5 14 4 6 14 4 7 14 4 8 14 4 9 14 4 10 14 4 11 14 4 12 14 4 13 14 4 14 15 4 15 14 4 0 15 4 1 15 4 2 15 4 3 15 4 5 15 4 6 15 4 7 15 4 8 15 4 9 15 4 10 15 4 11 15 4 12 15 4 13 15 4 14 15 4 15 0 4
561 145381 1 1 1 0 15 1
562 145815 10 5 2 2 6 1 5 6 1 9 6 1 12 6 1 14 6 1 2 11 1 5 11 1 9 11 1 12 11 1 14 11 1
563 146045 13 13 1 0 8 1 1 8 1 2 8 1 3 8 1 4 8 1 5 8 1 6 8 1 10 8 1 11 8 1 12 8 1 13 8 1 14 8 1 15 8 1
564 146114 3 3 1 0 7 1 8 7 1 15 7 1
565 146477 14 14 1 0 13 1 1 13 1 2 13 1 3 13 1 4 13 1 5 13 1 6 13 1 7 13 1 8 13 1 9 13 1 11 13 1 12 13 1 13 14 1 14 13 1
566 146482 1 1 1 14 3 1
567 146565 5 5 1 1 5 1 2 5 1 5 6 1 7 5 1 13 5 1
568 146578 1 1 1 11 12 1
569 146584 1 1 1 12 13 1
570 146865 12 12 1 0 10 1 1 10 1 3 10 1 5 10 1 6 10 1 7 10 1 8 10 1 11 10 1 12 10 1 13 10 1 14 10 1 15 10 1
571 146884 1 1 1 5 15 1
572 147167 7 7 1 1 9 1 5 9 1 7 9 1 8 9 1 9 10 1 10 9 1 12 9 1
573 147479 16 1 16 7 0 2 7 1 1 7 2 2 7 3 1 7 4 1 7 5 1 7 6 1 7 8 1 7 8 2 7 9 1 7 10 1 7 11 1 7 12 1 7 13 1 7 14 2 7 15 1
574 147502 1 1 1 5 1 1
575 147530 1 1 1 12 4 1
576 149444 75 15 5 0 1 4 1 0 4 2 0 4 3 0 4 4 0 4 5 0 4 7 0 4 8 0 4 9 0 4 10 0 4 11 0 4 12 0 4 13 0 4 14 0 4 15 0 4 0 1 4 1 2 4 2 1 4 3 1 4 4 1 4 5 1 4 7 1 4 8 1 4 9 1 4 10 1 4 11 1 4 12 1 4 13 1 4 14 1 4 15 1 4 0 4 4 1 4 4 2 4 4 3 4 4 4 5 4 5 4 4 7 4 4 8 4 4 9 4 4 10 4 4 11 4 4 12 4 4 13 4 4 14 4 4 15 4 4 0 10 4 1 10 4 2 10 4 3 10 4 4 10 4 5 10 4 7 10 4 8 10 4 9 10 4 10 11 4 11 10 4 12 10 4 13 10 4 14 10 4 15 10 4 0 15 4 1 15 4 2 15 4 3 15 4 4 15 4 5 15 4 7 15 4 8 15 4 9 15 4 10 15 4 11 15 4 12 15 4 13 15 4 14 15 4 15 0 4
577 149446 1 1 1 5 10 1
578 149523 2 2 1 5 6 5 7 6 5
579 149554 1 1 1 10 12 1
580 149719 6 3 1 10 15 50 10 15 14 12 15 50 12 15 14 14 15 50 14 15 14
581 149779 1 1 1 14 6 1
582 149788 1 1 1 14 15 1
583 150004 6 2 1 1 2 50 1 2 50 1 2 11 14 1 50 14 1 50 14 1 11
584 150259 7 7 1 1 7 1 6 7 1 7 8 1 8 7 1 11 7 1 12 7 1 14 7 1
585 150328 1 1 1 5 6 1
586 150336 1 1 1 10 9 1
587 155914 225 15 15 0 1 8 1 0 8 2 0 8 3 0 8 4 0 8 5 0 8 6 0 8 7 0 8 9 0 8 10 0 8 11 0 8 12 0 8 13 0 8 14 0 8 15 0 8 0 1 8 1 2 8 2 1 8 3 1 8 4 1 8 5 1 8 6 1 8 7 1 8 9 1 8 10 1 8 11 1 8 12 1 8 13 1 8 14 1 8 15 1 8 0 2 8 1 2 8 2 3 8 3 2 8 4 2 8 5 2 8 6 2 8 7 2 8 9 2 8 10 2 8 11 2 8 12 2 8 13 2 8 14 2 8 15 2 8 0 3 8 1 3 8 2 3 8 3 4 8 4 3 8 5 3 8 6 3 8 7 3 8 9 3 8 10 3 8 11 3 8 12 3 8 13 3 8 14 3 8 15 3 8 0 4 8 1 4 8 2 4 8 3 4 8 4 5 8 5 4 8 6 4 8 7 4 8 9 4 8 10 4 8 11 4 8 12 4 8 13 4 8 14 4 8 15 4 8 0 5 8 1 5 8 2 5 8 3 5 8 4 5 8 5 6 8 6 5 8 7 5 8 9 5 8 10 5 8 11 5 8 12 5 8 13 5 8 14 5 8 15 5 8 0 6 8 1 6 8 2 6 8 3 6 8 4 6 8 5 6 8 6 7 8 7 6 8 9 6 8 10 6 8 11 6 8 12 6 8 13 6 8 14 6 8 15 6 8 0 7 16 1 7 16 2 7 16 3 7 16 4 7 16 5 7 16 6 7 16 7 8 16 9 7 16 10 7 16 11 7 16 12 7 16 13 7 16 14 7 16 15 7 16 0 8 8 1 8 8 2 8 8 3 8 8 4 8 8 5 8 8 6 8 8 7 8 8 9 8 8 10 8 8 11 8 8 12 8 8 13 8 8 14 8 8 15 8 8 0 9 8 1 9 8 2 9 8 3 9 8 4 9 8 5 9 8 6 9 8 7 9 8 9 10 8 10 9 8 11 9 8 12 9 8 13 9 8 14 9 8 15 9 8 0 10 9 1 10 9 2 10 9 3 10 9 4 10 9 5 10 9 6 10 9 7 10 9 9 10 9 10 11 9 11 10 9 12 10 9 13 10 9 14 10 9 15 10 9 0 11 8 1 11 8 2 11 8 3 11 8 4 11 8 5 11 8 6 11 8 7 11 8 9 11 8 10 11 8 11 12 8 12 11 8 13 11 8 14 11 8 15 11 8 0 12 8 1 12 8 2 12 8 3 12 8 4 12 8 5 12 8 6 12 8 7 12 8 9 12 8 10 12 8 11 12 8 12 13 8 13 12 8 14 12 8 15 12 8 0 14 8 1 14 8 2 14 8 3 14 8 4 14 8 5 14 8 6 14 8 7 14 8 9 14 8 10 14 8 11 14 8 12 14 8 13 14 8 14 15 8 15 14 8 0 15 8 1 15 8 2 15 8 3 15 8 4 15 8 5 15 8 6 15 8 7 15 8 9 15 8 10 15 8 11 15 8 12 15 8 13 15 8 14 15 8 15 0 8
588 156236 6 2 1 2 3 50 2 3 50 2 3 11 9 3 50 9 3 50 9 3 11
589 156525 16 1 16 7 0 2 7 1 1 7 2 2 7 3 1 7 4 1 7 5 1 7 6 1 7 8 1 7 8 2 7 9 1 7 10 1 7 11 1 7 12 1 7 13 1 7 14 2 7 15 1
590 156677 7 7 1 1 8 1 2 8 1 4 8 1 6 8 1 8 9 1 11 8 1 15 8 1
591 156755 3 3 1 3 10 2 8 10 2 14 10 2
592 156774 1 1 1 9 4 1
593 156789 1 1 1 15 1 1
594 156988 7 7 1 0 8 1 4 8 1 7 8 1 9 8 1 10 8 1 11 8 1 13 8 1
595 156994 1 1 1 15 10 1
596 157322 12 12 1 1 7 1 2 7 1 3 7 1 5 7 1 6 7 1 7 8 1 8 7 1 10 7 1 11 7 1 12 7 1 13 7 1 15 7 1
597 157322 1 1 1 12 15 1
598 159039 60 4 15 6 0 2 12 0 2 13 0 2 14 0 2 6 1 2 12 1 2 13 1 2 14 1 2 6 2 2 12 2 2 13 2 2 14 2 2 6 3 2 12 3 2 13 3 2 14 3 2 6 4 2 12 4 2 13 4 2 14 4 2 6 5 5 12 5 5 13 5 5 14 5 5 6 7 3 12 6 3 13 6 3 14 6 3 6 8 2 12 8 2 13 8 2 14 8 2 6 9 2 12 9 2 13 9 2 14 9 2 6 10 2 12 10 2 13 10 2 14 10 2 6 11 2 12 11 2 13 11 2 14 11 2 6 12 2 12 13 2 13 12 2 14 12 2 6 13 2 12 13 2 13 14 2 14 13 2 6 14 2 12 14 2 13 14 2 14 15 2 6 15 2 12 15 2 13 15 2 14 15 2
599 159080 2 2 1 1 10 5 9 10 5
600 159146 7 7 1 1 9 1 4 9 1 6 9 1 7 9 1 10 9 1 13 9 1 14 9 1
601 159156 1 1 1 11 7 1
602 159166 1 1 1 9 13 1
603 159309 3 3 1 0 11 2 5 11 2 11 12 2
604 159436 2 2 1 3 12 1 10 12 1
605 159439 1 1 1 0 3 1
606 159479 1 1 1 1 2 1
607 159676 7 7 1 0 3 1 2 3 1 5 3 1 6 3 1 8 3 1 10 3 1 14 3 1
608 159896 9 1 1 5 6 50 5 6 50 5 6 50 5 6 50 5 6 50 5 6 50 5 6 50 5 6 50 5 6 23
609 159909 2 2 1 4 2 1 12 2 1
610 165116 210 6 7 1 3 50 1 3 50 1 3 50 1 3 50 1 3 46 2 3 50 2 3 50 2 3 50 2 3 50 2 3 46 4 3 50 4 3 50 4 3 50 4 3 50 4 3 46 8 3 50 8 3 50 8 3 50 8 3 50 8 3 46 12 3 50 12 3 50 12 3 50 12 3 50 12 3 46 14 3 50 14 3 50 14 3 50 14 3 50 14 3 46 1 4 50 1 4 50 1 4 50 1 4 50 1 4 46 2 4 50 2 4 50 2 4 50 2 4 50 2 4 46 4 5 50 4 5 50 4 5 50 4 5 50 4 5 46 8 4 50 8 4 50 8 4 50 8 4 50 8 4 46 12 4 50 12 4 50 12 4 50 12 4 50 12 4 46 14 4 50 14 4 50 14 4 50 14 4 50 14 4 46 1 6 50 1 6 50 1 6 50 1 6 50 1 6 46 2 6 50 2 6 50 2 6 50 2 6 50 2 6 46 4 6 50 4 6 50 4 6 50 4 6 50 4 6 46 8 6 50 8 6 50 8 6 50 8 6 50 8 6 46 12 6 50 12 6 50 12 6 50 12 6 50 12 6 46 14 6 50 14 6 50 14 6 50 14 6 50 14 6 46 1 8 50 1 8 50 1 8 50 1 8 50 1 8 46 2 8 50 2 8 50 2 8 50 2 8 50 2 8 46 4 8 50 4 8 50 4 8 50 4 8 50 4 8 46 8 9 50 8 9 50 8 9 50 8 9 50 8 9 46 12 8 50 12 8 50 12 8 50 12 8 50 12 8 46 14 8 50 14 8 50 14 8 50 14 8 50 14 8 46 1 9 50 1 9 50 1 9 50 1 9 50 1 9 46 2 9 50 2 9 50 2 9 50 2 9 50 2 9 46 4 9 50 4 9 50 4 9 50 4 9 50 4 9 46 8 9 50 8 9 50 8 9 50 8 9 50 8 9 46 12 9 50 12 9 50 12 9 50 12 9 50 12 9 46 14 9 50 14 9 50 14 9 50 14 9 50 14 9 46 1 12 50 1 12 50 1 12 50 1 12 50 1 12 47 2 12 50 2 12 50 2 12 50 2 12 50 2 12 47 4 12 50 4 12 50 4 12 50 4 12 50 4 12 47 8 12 50 8 12 50 8 12 50 8 12 50 8 12 47 12 13 50 12 13 50 12 13 50 12 13 50 12 13 47 14 12 50 14 12 50 14 12 50 14 12 50 14 12 47 1 14 50 1 14 50 1 14 50 1 14 50 1 14 47 2 14 50 2 14 50 2 14 50 2 14 50 2 14 47 4 14 50 4 14 50 4 14 50 4 14 50 4 14 47 8 14 50 8 14 50 8 14 50 8 14 50 8 14 47 12 14 50 12 14 50 12 14 50 12 14 50 12 14 47 14 15 50 14 15 50 14 15 50 14 15 50 14 15 47
611 165241 3 3 1 5 4 2 8 4 2 14 4 2
612 165507 15 15 1 0 13 1 1 13 1 2 13 1 3 13 1 4 13 1 5 13 1 6 13 1 7 13 1 8 13 1 9 13 1 10 13 1 11 13 1 12 13 1 13 14 1 15 13 1
613 165510 1 1 1 3 12 1
614 165548 2 2 1 0 1 1 3 0 1
615 165561 1 1 1 3 13 1
616 165605 2 2 1 4 13 47 14 13 47
617 165626 1 1 1 13 7 1
618 165628 1 1 1 5 2 1
619 165685 1 1 1 12 10 1
620 165966 10 5 2 4 5 1 5 6 1 7 5 1 10 5 1 13 5 1 4 7 1 5 7 1 7 8 1 10 7 1 13 7 1
621 165999 1 1 1 14 1 1
622 166009 2 2 1 6 5 1 14 5 1
623 166211 10 5 2 1 0 1 5 0 1 6 0 1 8 0 1 10 0 1 1 7 1 5 7 1 6 7 1 8 7 1 10 7 1
624 166213 1 1 1 2 7 1
625 166225 1 1 1 5 3 1
626 166257 3 3 1 0 2 1 11 2 1 12 2 1
627 166340 4 4 1 1 15 1 9 15 1 13 15 1 15 0 1
628 166359 1 1 1 6 11 1
629 166491 4 4 1 4 0 1 5 0 1 10 0 1 15 0 1
630 166946 13 13 1 0 5 1 3 5 1 4 5 1 5 6 1 6 5 1 7 5 1 8 5 1 9 5 1 10 5 1 12 5 1 13 5 1 14 5 1 15 5 1
631 166952 2 2 1 11 10 47 13 10 47
632 167015 3 3 1 2 0 1 3 0 1 11 0 1
633 167275 13 13 1 0 10 1 2 10 1 3 10 1 4 10 1 5 10 1 6 10 1 7 10 1 8 10 1 9 10 1 10 11 1 11 10 1 12 10 1 14 10 1
634 167388 5 5 1 1 2 1 3 1 1 6 1 1 9 1 1 10 1 1
635 167496 1 1 1 3 4 1
636 167522 1 1 1 14 8 1
637 167725 7 7 1 1 12 1 3 12 1 5 12 1 7 12 1 9 12 1 13 12 1 15 12 1
638 167760 3 3 1 0 7 1 8 7 1 12 7 1
639 167990 11 1 11 0 1 3 0 1 3 0 5 3 0 6 6 0 7 3 0 8 2 0 10 6 0 12 3 0 13 3 0 14 3 0 15 3
640 168120 3 3 1 7 12 1 10 12 1 11 12 1
641 168122 1 1 1 0 14 1
642 168133 1 1 1 2 8 1
643 168156 1 1 1 11 13 1
644 168444 13 13 1 0 5 1 1 5 1 2 5 1 5 6 1 6 5 1 7 5 1 8 5 1 9 5 1 10 5 1 11 5 1 12 5 1 13 5 1 15 5 1
645 168602 6 3 1 0 15 50 0 15 12 5 15 50 5 15 12 14 15 50 14 15 12
646 168787 6 2 3 7 2 1 15 2 1 7 8 1 15 7 1 7 13 4 15 13 4
647 168844 1 1 1 0 2 1
648 168890 1 1 1 5 6 1
649 168952 1 1 1 10 3 6
650 169012 4 4 1 2 12 1 8 12 1 12 13 1 14 12 1
651 169042 1 1 1 7 8 1
652 169124 3 3 1 4 0 2 9 0 2 15 0 2
653 169151 3 3 1 4 10 1 7 10 1 12 10 1
654 174799 225 15 15 0 1 26 1 0 26 3 0 26 4 0 26 5 0 26 6 0 26 7 0 26 8 0 26 9 0 26 10 0 26 11 0 26 12 0 26 13 0 26 14 0 26 15 0 26 0 1 24 1 2 24 3 1 24 4 1 24 5 1 24 6 1 24 7 1 24 8 1 24 9 1 24 10 1 24 11 1 24 12 1 24 13 1 24 14 1 24 15 1 24 0 2 24 1 2 24 3 2 24 4 2 24 5 2 24 6 2 24 7 2 24 8 2 24 9 2 24 10 2 24 11 2 24 12 2 24 13 2 24 14 2 24 15 2 24 0 3 24 1 3 24 3 4 24 4 3 24 5 3 24 6 3 24 7 3 24 8 3 24 9 3 24 10 3 24 11 3 24 12 3 24 13 3 24 14 3 24 15 3 24 0 4 24 1 4 24 3 4 24 4 5 24 5 4 24 6 4 24 7 4 24 8 4 24 9 4 24 10 4 24 11 4 24 12 4 24 13 4 24 14 4 24 15 4 24 0 5 24 1 5 24 3 5 24 4 5 24 5 6 24 6 5 24 7 5 24 8 5 24 9 5 24 10 5 24 11 5 24 12 5 24 13 5 24 14 5 24 15 5 24 0 6 26 1 6 26 3 6 26 4 6 26 5 6 26 6 7 26 7 6 26 8 6 26 9 6 26 10 6 26 11 6 26 12 6 26 13 6 26 14 6 26 15 6 26 0 7 24 1 7 24 3 7 24 4 7 24 5 7 24 6 7 24 7 8 24 8 7 24 9 7 24 10 7 24 11 7 24 12 7 24 13 7 24 14 7 24 15 7 24 0 9 24 1 9 24 3 9 24 4 9 24 5 9 24 6 9 24 7 9 24 8 9 24 9 10 24 10 9 24 11 9 24 12 9 24 13 9 24 14 9 24 15 9 24 0 10 24 1 10 24 3 10 24 4 10 24 5 10 24 6 10 24 7 10 24 8 10 24 9 10 24 10 11 24 11 10 24 12 10 24 13 10 24 14 10 24 15 10 24 0 11 24 1 11 24 3 11 24 4 11 24 5 11 24 6 11 24 7 11 24 8 11 24 9 11 24 10 11 24 11 12 24 12 11 24 13 11 24 14 11 24 15 11 24 0 12 24 1 12 24 3 12 24 4 12 24 5 12 24 6 12 24 7 12 24 8 12 24 9 12 24 10 12 24 11 12 24 12 13 24 13 12 24 14 12 24 15 12 24 0 13 24 1 13 24 3 13 24 4 13 24 5 13 24 6 13 24 7 13 24 8 13 24 9 13 24 10 13 24 11 13 24 12 13 24 13 14 24 14 13 24 15 13 24 0 14 24 1 14 24 3 14 24 4 14 24 5 14 24 6 14 24 7 14 24 8 14 24 9 14 24 10 14 24 11 14 24 12 14 24 13 14 24 14 15 24 15 14 24 0 15 47 1 15 47 3 15 47 4 15 47 5 15 47 6 15 47 7 15 47 8 15 47 9 15 47 10 15 47 11 15 47 12 15 47 13 15 47 14 15 47 15 0 47
655 174799 1 1 1 2 15 1
656 174817 1 1 1 15 3 1
657 175211 14 14 1 0 9 1 1 9 1 2 9 1 3 9 1 4 9 1 5 9 1 6 9 1 8 9 1 9 10 1 11 9 1 12 9 1 13 9 1 14 9 1 15 9 1
658 175505 14 14 1 0 7 1 1 7 1 2 7 1 3 7 1 4 7 1 5 7 1 6 7 1 7 8 1 8 7 1 9 7 1 10 7 1 11 7 1 12 7 1 14 7 1
659 175523 2 2 1 6 7 21 9 7 21
660 175542 1 1 1 6 9 18
661 175553 2 2 1 7 6 31 12 6 31
662 175606 2 2 1 4 15 21 12 15 21
663 175824 10 5 2 0 4 47 3 4 47 4 5 47 6 4 47 12 4 47 0 14 47 3 14 47 4 14 47 6 14 47 12 14 47
664 176239 15 3 5 0 1 1 11 1 1 12 1 1 0 2 1 11 2 1 12 2 1 0 3 1 11 3 1 12 3 1 0 6 1 11 6 1 12 6 1 0 13 1 11 13 1 12 13 1
665 176665 14 14 1 0 5 1 1 5 1 2 5 1 3 5 1 4 5 1 5 6 1 6 5 1 7 5 1 9 5 1 11 5 1 12 5 1 13 5 1 14 5 1 15 5 1
666 177005 13 13 1 0 10 1 1 10 1 2 10 1 3 10 1 5 10 1 6 10 1 7 10 1 8 10 1 9 10 1 10 11 1 11 10 1 12 10 1 15 10 1
667 177095 1 1 1 6 4 1
668 177117 1 1 1 12 10 1
669 177231 2 2 1 11 2 2 15 2 2
670 177373 4 2 1 4 13 50 4 13 1 13 14 50 13 14 1
671 177392 1 1 1 2 9 1
672 182057 180 12 15 2 0 4 3 0 4 4 0 4 7 0 4 8 0 4 9 0 4 10 0 4 11 0 4 12 0 4 13 0 4 14 0 4 15 0 4 2 1 4 3 1 4 4 1 4 7 1 4 8 1 4 9 1 4 10 1 4 11 1 4 12 1 4 13 1 4 14 1 4 15 1 4 2 3 4 3 2 4 4 2 4 7 2 4 8 2 4 9 2 4 10 2 4 11 2 4 12 2 4 13 2 4 14 2 4 15 2 4 2 3 4 3 4 4 4 3 4 7 3 4 8 3 4 9 3 4 10 3 4 11 3 4 12 3 4 13 3 4 14 3 4 15 3 4 2 4 4 3 4 4 4 5 4 7 4 4 8 4 4 9 4 4 10 4 4 11 4 4 12 4 4 13 4 4 14 4 4 15 4 4 2 5 8 3 5 8 4 5 8 7 5 8 8 5 8 9 5 8 10 5 8 11 5 8 12 5 8 13 5 8 14 5 8 15 5 8 2 6 5 3 6 5 4 6 5 7 6 5 8 6 5 9 6 5 10 6 5 11 6 5 12 6 5 13 6 5 14 6 5 15 6 5 2 7 4 3 7 4 4 7 4 7 8 4 8 7 4 9 7 4 10 7 4 11 7 4 12 7 4 13 7 4 14 7 4 15 7 4 2 8 4 3 8 4 4 8 4 7 8 4 8 9 4 9 8 4 10 8 4 11 8 4 12 8 4 13 8 4 14 8 4 15 8 4 2 9 4 3 9 4 4 9 4 7 9 4 8 9 4 9 10 4 10 9 4 11 9 4 12 9 4 13 9 4 14 9 4 15 9 4 2 10 4 3 10 4 4 10 4 7 10 4 8 10 4 9 10 4 10 11 4 11 10 4 12 10 4 13 10 4 14 10 4 15 10 4 2 11 4 3 11 4 4 11 4 7 11 4 8 11 4 9 11 4 10 11 4 11 12 4 12 11 4 13 11 4 14 11 4 15 11 4 2 12 4 3 12 4 4 12 4 7 12 4 8 12 4 9 12 4 10 12 4 11 12 4 12 13 4 13 12 4 14 12 4 15 12 4 2 13 4 3 13 4 4 13 4 7 13 4 8 13 4 9 13 4 10 13 4 11 13 4 12 13 4 13 14 4 14 13 4 15 13 4 2 15 4 3 15 4 4 15 4 7 15 4 8 15 4 9 15 4 10 15 4 11 15 4 12 15 4 13 15 4 14 15 4 15 0 4
673 182384 14 14 1 0 9 1 1 9 1 2 9 1 3 9 1 4 9 1 5 9 1 6 9 1 7 9 1 8 9 1 9 10 1 11 9 1 12 9 1 14 9 1 15 9 1
674 182385 1 1 1 3 15 1
675 182506 7 7 1 2 10 1 4 10 1 5 10 1 6 10 1 8 10 1 10 11 1 14 10 1
676 184250 60 15 4 0 1 5 1 0 5 2 0 5 3 0 5 4 0 5 5 0 5 6 0 5 7 0 5 9 0 5 10 0 5 11 0 5 12 0 5 13 0 5 14 0 5 15 0 5 0 6 9 1 6 9 2 6 9 3 6 9 4 6 9 5 6 9 6 7 9 7 6 9 9 6 9 10 6 9 11 6 9 12 6 9 13 6 9 14 6 9 15 6 9 0 9 5 1 9 5 2 9 5 3 9 5 4 9 5 5 9 5 6 9 5 7 9 5 9 10 5 10 9 5 11 9 5 12 9 5 13 9 5 14 9 5 15 9 5 0 13 5 1 13 5 2 13 5 3 13 5 4 13 5 5 13 5 6 13 5 7 13 5 9 13 5 10 13 5 11 13 5 12 13 5 13 14 5 14 13 5 15 13 5
677 184334 2 2 1 1 10 21 5 10 21
678 184425 6 3 1 2 1 50 2 1 10 13 1 50 13 1 10 14 1 50 14 1 10
679 184482 3 3 1 1 4 2 4 5 2 9 4 2
680 184525 1 1 1 14 15 1
681 184561 1 1 1 0 2 1
682 184681 6 2 1 9 5 50 9 5 50 9 5 11 14 5 50 14 5 50 14 5 11
683 184685 1 1 1 0 1 1
684 185364 28 14 1 0 15 50 0 15 8 1 15 50 1 15 8 2 15 50 2 15 8 3 15 50 3 15 8 4 15 50 4 15 8 6 15 50 6 15 8 7 15 50 7 15 8 8 15 50 8 15 8 10 15 50 10 15 8 11 15 50 11 15 8 12 15 50 12 15 8 13 15 50 13 15 8 14 15 50 14 15 8 15 0 50 15 0 8
685 185382 1 1 1 3 12 1
686 185467 3 3 1 5 7 1 11 7 1 13 7 1
687 185735 10 5 2 2 3 1 5 2 1 7 2 1 9 2 1 15 2 1 2 13 1 5 13 1 7 13 1 9 13 1 15 13 1
688 185816 2 2 1 8 15 1 10 15 1
689 185912 7 7 1 0 2 1 2 3 1 3 2 1 5 2 1 7 2 1 12 2 1 13 2 1
690 186114 7 7 1 2 11 1 4 11 1 6 11 1 7 11 1 12 11 1 13 11 1 14 11 1
691 186541 16 1 16 15 0 2 15 1 1 15 2 2 15 3 1 15 4 1 15 5 1 15 6 1 15 7 1 15 8 2 15 9 1 15 10 1 15 11 1 15 12 1 15 13 1 15 14 2 15 0 1
692 186926 14 14 1 0 5 1 1 5 1 2 5 1 3 5 1 4 5 1 5 6 1 6 5 1 8 5 1 9 5 1 10 5 1 12 5 1 13 5 1 14 5 1 15 5 1
693 186999 2 2 1 1 11 1 13 11 1
694 187200 7 7 1 0 3 1 4 3 1 6 3 1 7 3 1 9 3 1 10 3 1 12 3 1
695 187301 2 2 1 0 3 45 9 3 45
696 187306 1 1 1 3 10 1
697 187321 1 1 1 9 11 1
698 187326 1 1 1 15 10 1
699 187335 1 1 1 14 13 1
700 187486 7 7 1 1 7 1 3 7 1 8 7 1 11 7 1 12 7 1 13 7 1 15 7 1
701 187493 2 2 1 5 0 47 11 0 47
702 187493 1 1 1 13 12 1
703 187760 14 14 1 0 5 1 1 5 1 2 5 1 3 5 1 4 5 1 5 6 1 7 5 1 8 5 1 9 5 1 10 5 1 11 5 1 12 5 1 13 5 1 15 5 1
704 187915 7 7 1 0 5 1 1 5 1 5 6 1 6 5 1 8 5 1 10 5 1 12 5 1
705 187971 1 1 1 11 13 1
706 188016 1 1 1 10 4 1
707 188037 2 2 1 1 9 1 5 9 1
708 188101 2 2 1 9 13 25 12 13 25
709 193886 225 15 15 0 1 8 1 0 8 2 0 8 3 0 8 4 0 8 5 0 8 6 0 8 8 0 8 9 0 8 10 0 8 11 0 8 12 0 8 13 0 8 14 0 8 15 0 8 0 1 8 1 2 8 2 1 8 3 1 8 4 1 8 5 1 8 6 1 8 8 1 8 9 1 8 10 1 8 11 1 8 12 1 8 13 1 8 14 1 8 15 1 8 0 2 8 1 2 8 2 3 8 3 2 8 4 2 8 5 2 8 6 2 8 8 2 8 9 2 8 10 2 8 11 2 8 12 2 8 13 2 8 14 2 8 15 2 8 0 3 8 1 3 8 2 3 8 3 4 8 4 3 8 5 3 8 6 3 8 8 3 8 9 3 8 10 3 8 11 3 8 12 3 8 13 3 8 14 3 8 15 3 8 0 4 8 1 4 8 2 4 8 3 4 8 4 5 8 5 4 8 6 4 8 8 4 8 9 4 8 10 4 8 11 4 8 12 4 8 13 4 8 14 4 8 15 4 8 0 5 8 1 5 8 2 5 8 3 5 8 4 5 8 5 6 8 6 5 8 8 5 8 9 5 8 10 5 8 11 5 8 12 5 8 13 5 8 14 5 8 15 5 8 0 6 8 1 6 8 2 6 8 3 6 8 4 6 8 5 6 8 6 7 8 8 6 8 9 6 8 10 6 8 11 6 8 12 6 8 13 6 8 14 6 8 15 6 8 0 7 16 1 7 16 2 7 16 3 7 16 4 7 16 5 7 16 6 7 16 8 7 16 9 7 16 10 7 16 11 7 16 12 7 16 13 7 16 14 7 16 15 7 16 0 8 8 1 8 8 2 8 8 3 8 8 4 8 8 5 8 8 6 8 8 8 9 8 9 8 8 10 8 8 11 8 8 12 8 8 13 8 8 14 8 8 15 8 8 0 9 8 1 9 8 2 9 8 3 9 8 4 9 8 5 9 8 6 9 8 8 9 8 9 10 8 10 9 8 11 9 8 12 9 8 13 9 8 14 9 8 15 9 8 0 10 9 1 10 9 2 10 9 3 10 9 4 10 9 5 10 9 6 10 9 8 10 9 9 10 9 10 11 9 11 10 9 12 10 9 13 10 9 14 10 9 15 10 9 0 11 8 1 11 8 2 11 8 3 11 8 4 11 8 5 11 8 6 11 8 8 11 8 9 11 8 10 11 8 11 12 8 12 11 8 13 11 8 14 11 8 15 11 8 0 12 8 1 12 8 2 12 8 3 12 8 4 12 8 5 12 8 6 12 8 8 12 8 9 12 8 10 12 8 11 12 8 12 13 8 13 12 8 14 12 8 15 12 8 0 13 8 1 13 8 2 13 8 3 13 8 4 13 8 5 13 8 6 13 8 8 13 8 9 13 8 10 13 8 11 13 8 12 13 8 13 14 8 14 13 8 15 13 8 0 15 8 1 15 8 2 15 8 3 15 8 4 15 8 5 15 8 6 15 8 8 15 8 9 15 8 10 15 8 11 15 8 12 15 8 13 15 8 14 15 8 15 0 8
710 194055 7 7 1 0 3 1 1 3 1 3 4 1 8 3 1 9 3 1 10 3 1 11 3 1
711 194056 1 1 1 2 6 1
712 194653 14 14 1 0 6 1 1 6 1 2 6 1 3 6 1 5 6 1 6 7 1 7 6 1 9 6 1 10 6 1 11 6 1 12 6 1 13 6 1 14 6 1 15 6 1
713 194708 2 2 1 1 10 1 10 11 1
714 194729 1 1 1 13 10 1
715 194730 1 1 1 11 6 1
716 195147 14 14 1 1 15 1 2 15 1 3 15 1 4 15 1 5 15 1 6 15 1 7 15 1 8 15 1 9 15 1 10 15 1 11 15 1 12 15 1 13 15 1 15 0 1
717 195386 13 13 1 0 11 1 1 11 1 2 11 1 3 11 1 4 11 1 5 11 1 6 11 1 7 11 1 8 11 1 9 11 1 11 12 1 14 11 1 15 11 1
718 195442 4 4 1 3 8 32 6 8 32 10 8 32 14 8 32
719 195466 1 1 1 9 15 1
720 195714 7 7 1 2 15 1 6 15 1 8 15 1 10 15 1 11 15 1 12 15 1 13 15 1
721 195721 1 1 1 12 9 1
722 195732 1 1 1 3 11 1
723 195972 13 13 1 0 13 1 1 13 1 2 13 1 3 13 1 4 13 1 6 13 1 7 13 1 9 13 1 10 13 1 11 13 1 12 13 1 13 14 1 14 13 1
724 196173 6 2 1 6 14 50 6 14 50 6 14 11 15 14 50 15 14 50 15 14 11
725 196179 2 2 1 2 12 21 11 12 21
726 196327 4 4 1 1 8 8 12 8 8 13 8 8 14 8 8
727 196651 14 14 1 0 11 1 1 11 1 3 11 1 4 11 1 5 11 1 6 11 1 7 11 1 8 11 1 9 11 1 10 11 1 12 11 1 13 11 1 14 11 1 15 11 1
728 196850 10 5 2 0 7 1 1 7 1 4 7 1 12 7 1 14 7 1 0 11 1 1 11 1 4 11 1 12 11 1 14 11 1
729 196942 1 1 1 14 7 2
730 197000 1 1 1 14 6 1
731 197011 1 1 1 14 6 1
732 197076 2 2 1 2 3 45 4 2 45
733 197139 7 7 1 1 15 1 4 15 1 8 15 1 10 15 1 11 15 1 13 15 1 14 15 1
734 197183 1 1 1 11 12 1
735 198145 32 16 2 0 2 5 1 2 5 2 3 5 3 2 5 4 2 5 5 2 5 6 2 5 7 2 5 8 2 5 9 2 5 10 2 5 11 2 5 12 2 5 13 2 5 14 2 5 15 2 5 0 3 5 1 3 5 2 3 5 3 4 5 4 3 5 5 3 5 6 3 5 7 3 5 8 3 5 9 3 5 10 3 5 11 3 5 12 3 5 13 3 5 14 3 5 15 3 5
736 198188 1 1 1 1 4 1
737 198192 1 1 1 10 5 18
738 198358 7 7 1 3 4 1 4 5 1 7 4 1 8 4 1 11 4 1 12 4 1 15 4 1
739 198412 2 2 1 6 8 1 12 8 1
740 198633 14 14 1 0 2 1 1 2 1 2 3 1 3 2 1 6 2 1 7 2 1 8 2 1 9 2 1 10 2 1 11 2 1 12 2 1 13 2 1 14 2 1 15 2 1
741 198802 6 3 1 4 12 50 4 12 10 5 12 50 5 12 10 8 12 50 8 12 10
742 198825 2 2 1 11 2 21 15 2 21
743 198872 3 3 1 5 7 9 13 7 9 14 7 9
744 198887 1 1 1 3 8 1
745 199037 4 4 1 7 13 32 8 13 32 10 13 32 13 14 32
746 199218 3 3 1 9 6 1 10 6 1 12 6 1
747 199231 1 1 1 11 12 1
748 199273 1 1 1 14 7 1
749 199326 1 1 1 6 4 1
750 199716 18 3 1 4 6 50 4 6 50 4 6 50 4 6 50 4 6 50 4 6 29 5 6 50 5 6 50 5 6 50 5 6 50 5 6 50 5 6 29 6 7 50 6 7 50 6 7 50 6 7 50 6 7 50 6 7 29
751 199777 6 2 3 1 2 1 15 2 1 1 7 1 15 7 1 1 11 4 15 11 4
752 199856 2 2 1 6 1 24 7 1 24
753 200133 14 14 1 1 0 1 2 0 1 3 0 1 4 0 1 5 0 1 7 0 1 8 0 1 9 0 1 10 0 1 11 0 1 12 0 1 13 0 1 14 0 1 15 0 1
754 200402 8 8 1 0 15 1 1 15 1 5 15 1 6 15 1 8 15 1 11 15 1 13 15 1 14 15 1
755 200570 7 7 1 0 12 1 2 12 1 3 12 1 5 12 1 7 12 1 8 12 1 14 12 1
756 200916 14 14 1 0 12 1 2 12 1 3 12 1 4 12 1 5 12 1 6 12 1 7 12 1 8 12 1 9 12 1 10 12 1 12 13 1 13 12 1 14 12 1 15 12 1
757 200938 1 1 1 1 14 1
758 201020 3 3 1 0 13 1 4 13 1 14 13 1
759 201024 1 1 1 9 1 7
760 201030 1 1 1 14 0 1
761 201075 2 2 1 4 3 22 5 3 22
762 201241 6 2 1 6 14 50 6 14 50 6 14 18 11 14 50 11 14 50 11 14 18
763 201329 7 7 1 1 11 1 4 11 1 5 11 1 8 11 1 10 11 1 11 12 1 14 11 1
764 201364 4 2 1 0 15 50 0 15 5 7 15 50 7 15 5
765 201480 4 4 1 5 6 1 13 6 1 14 6 1 15 6 1
766 202082 14 14 1 0 4 1 2 4 1 3 4 1 4 5 1 5 4 1 6 4 1 7 4 1 9 4 1 10 4 1 11 4 1 12 4 1 13 4 1 14 4 1 15 4 1
767 202098 2 2 1 4 0 1 5 0 1
768 202201 1 1 1 3 1 1
769 202262 7 7 1 0 1 1 1 2 1 2 1 1 6 1 1 7 1 1 9 1 1 10 1 1
770 202312 1 1 1 15 11 1
771 202371 1 1 1 10 2 11
772 203802 70 14 5 0 1 5 1 2 5 2 1 5 3 1 5 4 1 5 5 1 5 6 1 5 7 1 5 8 1 5 9 1 5 10 1 5 11 1 5 12 1 5 15 1 5 0 9 5 1 9 5 2 9 5 3 9 5 4 9 5 5 9 5 6 9 5 7 9 5 8 9 5 9 10 5 10 9 5 11 9 5 12 9 5 15 9 5 0 11 5 1 11 5 2 11 5 3 11 5 4 11 5 5 11 5 6 11 5 7 11 5 8 11 5 9 11 5 10 11 5 11 12 5 12 11 5 15 11 5 0 12 5 1 12 5 2 12 5 3 12 5 4 12 5 5 12 5 6 12 5 7 12 5 8 12 5 9 12 5 10 12 5 11 12 5 12 13 5 15 12 5 0 14 5 1 14 5 2 14 5 3 14 5 4 14 5 5 14 5 6 14 5 7 14 5 8 14 5 9 14 5 10 14 5 11 14 5 12 14 5 15 14 5
773 203841 2 2 1 1 8 31 3 8 31
774 203883 4 2 1 1 6 50 1 6 2 13 6 50 13 6 2
775 204001 7 7 1 1 5 1 2 5 1 5 6 1 6 5 1 9 5 1 10 5 1 11 5 1
776 204002 1 1 1 2 3 1
777 204004 1 1 1 9 0 1
778 204217 14 14 1 0 14 1 1 14 1 2 14 1 3 14 1 4 14 1 5 14 1 7 14 1 8 14 1 9 14 1 10 14 1 11 14 1 12 14 1 13 14 1 15 14 1
779 204260 1 1 1 13 5 1
780 204323 1 1 1 7 12 1
781 204326 1 1 1 3 7 1
782 204340 1 1 1 13 1 1
783 204347 1 1 1 12 4 1
784 204573 12 12 1 0 5 1 2 5 1 3 5 1 4 5 1 5 6 1 6 5 1 7 5 1 9 5 1 10 5 1 11 5 1 13 5 1 14 5 1
785 204703 5 5 1 0 4 6 2 4 6 11 4 6 14 4 6 15 4 6
786 205946 60 10 3 0 1 50 0 1 21 2 1 50 2 1 21 6 1 50 6 1 21 7 1 50 7 1 21 8 1 50 8 1 21 9 1 50 9 1 21 11 1 50 11 1 21 12 1 50 12 1 21 13 1 50 13 1 21 15 1 50 15 1 21 0 12 50 0 12 21 2 12 50 2 12 21 6 12 50 6 12 21 7 12 50 7 12 21 8 12 50 8 12 21 9 12 50 9 12 21 11 12 50 11 12 21 12 13 50 12 13 21 13 12 50 13 12 21 15 12 50 15 12 21 0 14 50 0 14 8 2 14 50 2 14 8 6 14 50 6 14 8 7 14 50 7 14 8 8 14 50 8 14 8 9 14 50 9 14 8 11 14 50 11 14 8 12 14 50 12 14 8 13 14 50 13 14 8 15 14 50 15 14 8
787 205984 1 1 1 14 2 1
788 206081 1 1 1 10 11 1
789 206510 14 14 1 0 3 1 1 3 1 2 3 1 3 4 1 4 3 1 5 3 1 6 3 1 8 3 1 9 3 1 10 3 1 11 3 1 12 3 1 13 3 1 15 3 1
790 206531 1 1 1 3 13 1
791 206563 2 2 1 2 10 24 3 10 24
792 206726 4 4 1 6 5 1 8 5 1 9 5 1 10 5 1
793 206825 1 1 1 2 3 7
794 206827 1 1 1 12 0 1
795 207012 11 1 11 0 1 3 0 2 3 0 4 3 0 5 6 0 6 3 0 8 2 0 9 6 0 11 3 0 12 3 0 13 3 0 15 3
796 207027 2 2 1 5 9 1 8 9 1
797 207123 1 1 1 6 5 1
798 207165 2 2 1 7 9 22 14 9 22
799 207469 13 13 1 1 12 1 2 12 1 3 12 1 4 12 1 6 12 1 7 12 1 8 12 1 9 12 1 10 12 1 11 12 1 13 12 1 14 12 1 15 12 1
800 207593 7 7 1 0 4 1 3 4 1 4 5 1 8 4 1 10 4 1 11 4 1 14 4 1
801 207914 13 13 1 0 8 1 2 8 1 3 8 1 4 8 1 5 8 1 6 8 1 7 8 1 8 9 1 9 8 1 10 8 1 11 8 1 12 8 1 15 8 1
802 208044 7 7 1 0 9 1 1 9 1 2 9 1 4 9 1 8 9 1 12 9 1 13 9 1
803 208102 2 2 1 5 12 1 8 12 1
804 208475 15 15 1 0 15 1 1 15 1 2 15 1 3 15 1 4 15 1 5 15 1 6 15 1 7 15 1 9 15 1 10 15 1 11 15 1 12 15 1 13 15 1 14 15 1 15 0 1
805 208481 1 1 1 6 10 1
806 208539 1 1 1 10 15 1
807 208649 7 7 1 0 15 1 2 15 1 5 15 1 6 15 1 7 15 1 8 15 1 12 15 1
808 208706 2 2 1 2 5 25 5 6 25
809 208857 7 7 1 0 7 1 1 7 1 3 7 1 4 7 1 10 7 1 12 7 1 15 7 1
810 208871 1 1 1 11 5 1
811 208951 4 4 1 0 10 1 2 10 1 4 10 1 15 10 1
812 209011 1 1 1 5 13 1
813 209047 1 1 1 10 9 1
814 209098 5 5 1 0 1 1 6 0 1 9 0 1 12 0 1 13 0 1
815 209102 1 1 1 15 9 1
816 209110 1 1 1 8 13 1
817 209140 2 2 1 11 1 1 13 1 1
818 209146 1 1 1 8 14 1
819 209250 6 3 1 9 0 50 9 0 13 11 0 50 11 0 13 15 0 50 15 0 13
820 209678 14 14 1 0 2 1 1 2 1 2 3 1 3 2 1 5 2 1 6 2 1 7 2 1 8 2 1 9 2 1 10 2 1 11 2 1 12 2 1 13 2 1 14 2 1
821 209700 1 1 1 8 2 1
822 209793 6 3 1 1 0 50 1 0 10 4 0 50 4 0 10 12 0 50 12 0 10
823 209892 4 4 1 2 3 32 3 2 32 8 2 32 10 2 32
824 210078 7 7 1 0 1 1 1 0 1 3 0 1 7 0 1 9 0 1 12 0 1 14 0 1
825 211831 75 15 5 0 1 4 1 0 4 2 0 4 3 0 4 4 0 4 5 0 4 6 0 4 7 0 4 8 0 4 9 0 4 10 0 4 11 0 4 13 0 4 14 0 4 15 0 4 0 3 4 1 3 4 2 3 4 3 4 4 4 3 4 5 3 4 6 3 4 7 3 4 8 3 4 9 3 4 10 3 4 11 3 4 13 3 4 14 3 4 15 3 4 0 6 4 1 6 4 2 6 4 3 6 4 4 6 4 5 6 4 6 7 4 7 6 4 8 6 4 9 6 4 10 6 4 11 6 4 13 6 4 14 6 4 15 6 4 0 9 4 1 9 4 2 9 4 3 9 4 4 9 4 5 9 4 6 9 4 7 9 4 8 9 4 9 10 4 10 9 4 11 9 4 13 9 4 14 9 4 15 9 4 0 14 4 1 14 4 2 14 4 3 14 4 4 14 4 5 14 4 6 14 4 7 14 4 8 14 4 9 14 4 10 14 4 11 14 4 13 14 4 14 15 4 15 14 4
826 212076 6 3 1 2 13 50 2 13 10 3 13 50 3 13 10 4 13 50 4 13 10
827 212093 1 1 1 7 8 1
828 212345 7 7 1 3 0 1 5 0 1 7 0 1 8 0 1 9 0 1 10 0 1 12 0 1
829 212349 1 1 1 6 7 1
830 213697 60 10 3 0 1 50 0 1 21 1 0 50 1 0 21 2 0 50 2 0 21 3 0 50 3 0 21 4 0 50 4 0 21 6 0 50 6 0 21 7 0 50 7 0 21 8 0 50 8 0 21 10 0 50 10 0 21 14 0 50 14 0 21 0 3 50 0 3 21 1 3 50 1 3 21 2 3 50 2 3 21 3 4 50 3 4 21 4 3 50 4 3 21 6 3 50 6 3 21 7 3 50 7 3 21 8 3 50 8 3 21 10 3 50 10 3 21 14 3 50 14 3 21 0 15 50 0 15 8 1 15 50 1 15 8 2 15 50 2 15 8 3 15 50 3 15 8 4 15 50 4 15 8 6 15 50 6 15 8 7 15 50 7 15 8 8 15 50 8 15 8 10 15 50 10 15 8 14 15 50 14 15 8
831 213827 6 2 3 3 1 49 5 1 49 3 4 49 5 3 49 3 6 49 5 6 49
832 213859 2 2 1 0 14 21 3 14 21
833 213930 1 1 1 7 15 1
834 214345 15 15 1 0 5 1 1 5 1 2 5 1 3 5 1 4 5 1 5 6 1 6 5 1 8 5 1 9 5 1 10 5 1 11 5 1 12 5 1 13 5 1 14 5 1 15 5 1
835 214464 6 2 1 11 0 50 11 0 50 11 0 23 14 0 50 14 0 50 14 0 23
836 214483 1 1 1 13 8 1
837 214509 1 1 1 5 2 1
838 214759 13 13 1 0 5 1 1 5 1 2 5 1 3 5 1 5 6 1 6 5 1 7 5 1 8 5 1 9 5 1 11 5 1 12 5 1 13 5 1 15 5 1
839 214768 2 2 1 0 9 1 14 9 1
840 214837 3 3 1 0 7 1 2 7 1 15 7 1
841 214848 1 1 1 11 3 2
842 214868 2 2 1 1 11 20 13 11 20
843 214891 3 3 1 7 1 2 9 1 2 14 1 2
844 215495 30 10 3 2 0 1 3 0 1 4 0 1 6 0 1 7 0 1 8 0 1 9 0 1 11 0 1 12 0 1 13 0 1 2 8 1 3 8 1 4 8 1 6 8 1 7 8 1 8 9 1 9 8 1 11 8 1 12 8 1 13 8 1 2 14 1 3 14 1 4 14 1 6 14 1 7 14 1 8 14 1 9 14 1 11 14 1 12 14 1 13 14 1
845 215524 1 1 1 1 5 1
846 215544 1 1 1 14 6 1
847 215546 1 1 1 4 0 1
848 215550 1 1 1 1 10 1
849 215590 1 1 1 0 11 1
850 215725 7 7 1 2 1 1 3 1 1 6 1 1 9 1 1 10 1 1 14 1 1 15 1 1
851 215791 4 4 1 3 9 1 4 9 1 8 9 1 11 9 1
852 215800 1 1 1 6 2 1
853 215801 1 1 1 12 6 1
854 215817 1 1 1 12 10 1
855 215829 1 1 1 7 8 1
856 215879 2 2 1 2 5 2 4 5 2
857 221389 225 15 15 0 1 26 1 0 26 2 0 26 3 0 26 4 0 26 5 0 26 6 0 26 7 0 26 8 0 26 9 0 26 10 0 26 11 0 26 12 0 26 14 0 26 15 0 26 0 1 24 1 2 24 2 1 24 3 1 24 4 1 24 5 1 24 6 1 24 7 1 24 8 1 24 9 1 24 10 1 24 11 1 24 12 1 24 14 1 24 15 1 24 0 2 24 1 2 24 2 3 24 3 2 24 4 2 24 5 2 24 6 2 24 7 2 24 8 2 24 9 2 24 10 2 24 11 2 24 12 2 24 14 2 24 15 2 24 0 3 24 1 3 24 2 3 24 3 4 24 4 3 24 5 3 24 6 3 24 7 3 24 8 3 24 9 3 24 10 3 24 11 3 24 12 3 24 14 3 24 15 3 24 0 4 24 1 4 24 2 4 24 3 4 24 4 5 24 5 4 24 6 4 24 7 4 24 8 4 24 9 4 24 10 4 24 11 4 24 12 4 24 14 4 24 15 4 24 0 5 24 1 5 24 2 5 24 3 5 24 4 5 24 5 6 24 6 5 24 7 5 24 8 5 24 9 5 24 10 5 24 11 5 24 12 5 24 14 5 24 15 5 24 0 6 26 1 6 26 2 6 26 3 6 26 4 6 26 5 6 26 6 7 26 7 6 26 8 6 26 9 6 26 10 6 26 11 6 26 12 6 26 14 6 26 15 6 26 0 7 24 1 7 24 2 7 24 3 7 24 4 7 24 5 7 24 6 7 24 7 8 24 8 7 24 9 7 24 10 7 24 11 7 24 12 7 24 14 7 24 15 7 24 0 8 24 1 8 24 2 8 24 3 8 24 4 8 24 5 8 24 6 8 24 7 8 24 8 9 24 9 8 24 10 8 24 11 8 24 12 8 24 14 8 24 15 8 24 0 9 24 1 9 24 2 9 24 3 9 24 4 9 24 5 9 24 6 9 24 7 9 24 8 9 24 9 10 24 10 9 24 11 9 24 12 9 24 14 9 24 15 9 24 0 10 24 1 10 24 2 10 24 3 10 24 4 10 24 5 10 24 6 10 24 7 10 24 8 10 24 9 10 24 10 11 24 11 10 24 12 10 24 14 10 24 15 10 24 0 11 24 1 11 24 2 11 24 3 11 24 4 11 24 5 11 24 6 11 24 7 11 24 8 11 24 9 11 24 10 11 24 11 12 24 12 11 24 14 11 24 15 11 24 0 12 24 1 12 24 2 12 24 3 12 24 4 12 24 5 12 24 6 12 24 7 12 24 8 12 24 9 12 24 10 12 24 11 12 24 12 13 24 14 12 24 15 12 24 0 13 24 1 13 24 2 13 24 3 13 24 4 13 24 5 13 24 6 13 24 7 13 24 8 13 24 9 13 24 10 13 24 11 13 24 12 13 24 14 13 24 15 13 24 0 14 47 1 14 47 2 14 47 3 14 47 4 14 47 5 14 47 6 14 47 7 14 47 8 14 47 9 14 47 10 14 47 11 14 47 12 14 47 14 15 47 15 14 47
858 221450 3 3 1 1 6 1 8 6 1 12 6 1
859 221743 13 13 1 0 1 1 1 2 1 3 1 1 4 1 1 5 1 1 6 1 1 8 1 1 9 1 1 10 1 1 11 1 1 12 1 1 13 1 1 15 1 1
860 221954 14 14 1 0 1 1 1 0 1 2 0 1 3 0 1 4 0 1 6 0 1 7 0 1 8 0 1 9 0 1 10 0 1 11 0 1 12 0 1 13 0 1 15 0 1
861 222159 14 7 2 0 1 2 2 0 2 3 0 2 11 0 2 13 0 2 14 0 2 15 0 2 0 3 2 2 3 2 3 4 2 11 3 2 13 3 2 14 3 2 15 3 2
862 222491 14 14 1 1 2 1 2 3 1 3 2 1 4 2 1 5 2 1 7 2 1 8 2 1 9 2 1 10 2 1 11 2 1 12 2 1 13 2 1 14 2 1 15 2 1
863 222577 7 7 1 0 4 1 3 4 1 4 5 1 7 4 1 12 4 1 13 4 1 15 4 1
864 222824 7 7 1 0 5 1 2 5 1 3 5 1 8 5 1 10 5 1 11 5 1 12 5 1
865 223228 13 13 1 0 15 1 2 15 1 3 15 1 4 15 1 5 15 1 6 15 1 7 15 1 8 15 1 9 15 1 10 15 1 11 15 1 14 15 1 15 0 1
866 223460 10 5 2 3 8 1 6 8 1 12 8 1 13 8 1 15 8 1 3 13 1 6 13 1 12 13 1 13 14 1 15 13 1
867 223485 3 3 1 7 3 1 12 3 1 14 3 1
868 223776 13 13 1 0 9 1 1 9 1 2 9 1 4 9 1 5 9 1 7 9 1 8 9 1 9 10 1 10 9 1 11 9 1 12 9 1 13 9 1 14 9 1
869 223784 2 2 1 5 15 2 11 15 2
870 223804 1 1 1 5 9 1
871 228396 182 13 14 1 0 40 2 0 40 4 0 40 5 0 40 6 0 40 7 0 40 8 0 40 9 0 40 10 0 40 11 0 40 13 0 40 14 0 40 15 0 40 1 2 20 2 1 20 4 1 20 5 1 20 6 1 20 7 1 20 8 1 20 9 1 20 10 1 20 11 1 20 13 1 20 14 1 20 15 1 20 1 4 20 2 4 20 4 5 20 5 4 20 6 4 20 7 4 20 8 4 20 9 4 20 10 4 20 11 4 20 13 4 20 14 4 20 15 4 20 1 5 20 2 5 20 4 5 20 5 6 20 6 5 20 7 5 20 8 5 20 9 5 20 10 5 20 11 5 20 13 5 20 14 5 20 15 5 20 1 6 20 2 6 20 4 6 20 5 6 20 6 7 20 7 6 20 8 6 20 9 6 20 10 6 20 11 6 20 13 6 20 14 6 20 15 6 20 1 7 20 2 7 20 4 7 20 5 7 20 6 7 20 7 8 20 8 7 20 9 7 20 10 7 20 11 7 20 13 7 20 14 7 20 15 7 20 1 8 23 2 8 23 4 8 23 5 8 23 6 8 23 7 8 23 8 9 23 9 8 23 10 8 23 11 8 23 13 8 23 14 8 23 15 8 23 1 9 20 2 9 20 4 9 20 5 9 20 6 9 20 7 9 20 8 9 20 9 10 20 10 9 20 11 9 20 13 9 20 14 9 20 15 9 20 1 10 20 2 10 20 4 10 20 5 10 20 6 10 20 7 10 20 8 10 20 9 10 20 10 11 20 11 10 20 13 10 20 14 10 20 15 10 20 1 11 41 2 11 41 4 11 41 5 11 41 6 11 41 7 11 41 8 11 41 9 11 41 10 11 41 11 12 41 13 11 41 14 11 41 15 11 41 1 12 20 2 12 20 4 12 20 5 12 20 6 12 20 7 12 20 8 12 20 9 12 20 10 12 20 11 12 20 13 12 20 14 12 20 15 12 20 1 13 20 2 13 20 4 13 20 5 13 20 6 13 20 7 13 20 8 13 20 9 13 20 10 13 20 11 13 20 13 14 20 14 13 20 15 13 20 1 14 20 2 14 20 4 14 20 5 14 20 6 14 20 7 14 20 8 14 20 9 14 20 10 14 20 11 14 20 13 14 20 14 15 20 15 14 20 1 15 20 2 15 20 4 15 20 5 15 20 6 15 20 7 15 20 8 15 20 9 15 20 10 15 20 11 15 20 13 15 20 14 15 20 15 0 20
872 228419 1 1 1 9 12 1
873 228639 7 7 1 0 8 1 2 8 1 3 8 1 4 8 1 8 9 1 9 8 1 11 8 1
874 228800 7 7 1 5 8 1 6 8 1 7 8 1 8 9 1 10 8 1 11 8 1 15 8 1
875 234083 203 7 7 0 2 50 0 2 50 0 2 50 0 2 48 2 3 50 2 3 50 2 3 50 2 3 48 5 2 50 5 2 50 5 2 50 5 2 48 6 2 50 6 2 50 6 2 50 6 2 48 7 2 50 7 2 50 7 2 50 7 2 48 11 2 50 11 2 50 11 2 50 11 2 48 15 2 50 15 2 50 15 2 50 15 2 48 0 5 50 0 5 50 0 5 50 0 5 48 2 5 50 2 5 50 2 5 50 2 5 48 5 6 50 5 6 50 5 6 50 5 6 48 6 5 50 6 5 50 6 5 50 6 5 48 7 5 50 7 5 50 7 5 50 7 5 48 11 5 50 11 5 50 11 5 50 11 5 48 15 5 50 15 5 50 15 5 50 15 5 48 0 7 50 0 7 50 0 7 50 0 7 50 0 7 12 2 7 50 2 7 50 2 7 50 2 7 50 2 7 12 5 7 50 5 7 50 5 7 50 5 7 50 5 7 12 6 7 50 6 7 50 6 7 50 6 7 50 6 7 12 7 8 50 7 8 50 7 8 50 7 8 50 7 8 12 11 7 50 11 7 50 11 7 50 11 7 50 11 7 12 15 7 50 15 7 50 15 7 50 15 7 50 15 7 12 0 10 50 0 10 50 0 10 50 0 10 48 2 10 50 2 10 50 2 10 50 2 10 48 5 10 50 5 10 50 5 10 50 5 10 48 6 10 50 6 10 50 6 10 50 6 10 48 7 10 50 7 10 50 7 10 50 7 10 48 11 10 50 11 10 50 11 10 50 11 10 48 15 10 50 15 10 50 15 10 50 15 10 48 0 11 50 0 11 50 0 11 50 0 11 48 2 11 50 2 11 50 2 11 50 2 11 48 5 11 50 5 11 50 5 11 50 5 11 48 6 11 50 6 11 50 6 11 50 6 11 48 7 11 50 7 11 50 7 11 50 7 11 48 11 12 50 11 12 50 11 12 50 11 12 48 15 11 50 15 11 50 15 11 50 15 11 48 0 13 50 0 13 50 0 13 50 0 13 48 2 13 50 2 13 50 2 13 50 2 13 48 5 13 50 5 13 50 5 13 50 5 13 48 6 13 50 6 13 50 6 13 50 6 13 48 7 13 50 7 13 50 7 13 50 7 13 48 11 13 50 11 13 50 11 13 50 11 13 48 15 13 50 15 13 50 15 13 50 15 13 48 0 15 50 0 15 50 0 15 50 0 15 48 2 15 50 2 15 50 2 15 50 2 15 48 5 15 50 5 15 50 5 15 50 5 15 48 6 15 50 6 15 50 6 15 50 6 15 48 7 15 50 7 15 50 7 15 50 7 15 48 11 15 50 11 15 50 11 15 50 11 15 48 15 0 50 15 0 50 15 0 50 15 0 48
876 234298 10 5 2 0 3 1 6 3 1 9 3 1 14 3 1 15 3 1 0 12 1 6 12 1 9 12 1 14 12 1 15 12 1
877 234301 1 1 1 2 14 1
878 236142 75 15 5 0 1 4 1 2 4 2 1 4 3 1 4 4 1 4 5 1 4 6 1 4 7 1 4 8 1 4 9 1 4 10 1 4 11 1 4 12 1 4 13 1 4 15 1 4 0 3 4 1 3 4 2 3 4 3 4 4 4 3 4 5 3 4 6 3 4 7 3 4 8 3 4 9 3 4 10 3 4 11 3 4 12 3 4 13 3 4 15 3 4 0 11 4 1 11 4 2 11 4 3 11 4 4 11 4 5 11 4 6 11 4 7 11 4 8 11 4 9 11 4 10 11 4 11 12 4 12 11 4 13 11 4 15 11 4 0 12 4 1 12 4 2 12 4 3 12 4 4 12 4 5 12 4 6 12 4 7 12 4 8 12 4 9 12 4 10 12 4 11 12 4 12 13 4 13 12 4 15 12 4 0 15 4 1 15 4 2 15 4 3 15 4 4 15 4 5 15 4 6 15 4 7 15 4 8 15 4 9 15 4 10 15 4 11 15 4 12 15 4 13 15 4 15 0 4
879 236164 1 1 1 11 6 1
880 236219 2 2 1 3 11 24 14 11 24
881 236225 1 1 1 9 4 1
882 236283 1 1 1 1 5 1
883 236283 1 1 1 7 9 1
884 236425 4 4 1 0 6 1 1 6 1 5 6 1 15 6 1
885 241047 180 12 15 0 1 4 1 0 4 3 0 4 4 0 4 6 0 4 7 0 4 8 0 4 9 0 4 10 0 4 12 0 4 13 0 4 14 0 4 0 1 4 1 2 4 3 1 4 4 1 4 6 1 4 7 1 4 8 1 4 9 1 4 10 1 4 12 1 4 13 1 4 14 1 4 0 2 4 1 2 4 3 2 4 4 2 4 6 2 4 7 2 4 8 2 4 9 2 4 10 2 4 12 2 4 13 2 4 14 2 4 0 3 4 1 3 4 3 4 4 4 3 4 6 3 4 7 3 4 8 3 4 9 3 4 10 3 4 12 3 4 13 3 4 14 3 4 0 4 4 1 4 4 3 4 4 4 5 4 6 4 4 7 4 4 8 4 4 9 4 4 10 4 4 12 4 4 13 4 4 14 4 4 0 5 8 1 5 8 3 5 8 4 5 8 6 5 8 7 5 8 8 5 8 9 5 8 10 5 8 12 5 8 13 5 8 14 5 8 0 6 5 1 6 5 3 6 5 4 6 5 6 7 5 7 6 5 8 6 5 9 6 5 10 6 5 12 6 5 13 6 5 14 6 5 0 7 4 1 7 4 3 7 4 4 7 4 6 7 4 7 8 4 8 7 4 9 7 4 10 7 4 12 7 4 13 7 4 14 7 4 0 8 4 1 8 4 3 8 4 4 8 4 6 8 4 7 8 4 8 9 4 9 8 4 10 8 4 12 8 4 13 8 4 14 8 4 0 9 4 1 9 4 3 9 4 4 9 4 6 9 4 7 9 4 8 9 4 9 10 4 10 9 4 12 9 4 13 9 4 14 9 4 0 10 4 1 10 4 3 10 4 4 10 4 6 10 4 7 10 4 8 10 4 9 10 4 10 11 4 12 10 4 13 10 4 14 10 4 0 11 4 1 11 4 3 11 4 4 11 4 6 11 4 7 11 4 8 11 4 9 11 4 10 11 4 12 11 4 13 11 4 14 11 4 0 12 4 1 12 4 3 12 4 4 12 4 6 12 4 7 12 4 8 12 4 9 12 4 10 12 4 12 13 4 13 12 4 14 12 4 0 14 4 1 14 4 3 14 4 4 14 4 6 14 4 7 14 4 8 14 4 9 14 4 10 14 4 12 14 4 13 14 4 14 15 4 0 15 4 1 15 4 3 15 4 4 15 4 6 15 4 7 15 4 8 15 4 9 15 4 10 15 4 12 15 4 13 15 4 14 15 4
886 241070 3 3 1 5 7 2 6 7 2 10 7 2
887 241103 1 1 1 1 13 1
888 241108 1 1 1 6 12 1
889 241147 2 2 1 1 14 22 15 14 22
890 241162 1 1 1 6 13 1
891 241193 1 1 1 2 6 1
892 241263 2 1 1 1 3 50 1 3 9
893 241290 2 2 1 5 6 47 14 5 47
894 241314 3 3 1 2 11 1 9 11 1 15 11 1
895 241327 1 1 1 15 0 1
896 241600 14 14 1 0 4 1 1 4 1 2 4 1 3 4 1 4 5 1 5 4 1 6 4 1 7 4 1 8 4 1 9 4 1 11 4 1 12 4 1 13 4 1 15 4 1
897 241627 1 1 1 0 3 1
898 241788 7 7 1 0 12 1 1 12 1 2 12 1 5 12 1 8 12 1 10 12 1 14 12 1
899 241878 6 3 1 6 5 50 6 5 10 7 5 50 7 5 10 8 5 50 8 5 10
900 242141 14 14 1 0 4 1 1 4 1 3 4 1 4 5 1 5 4 1 6 4 1 7 4 1 8 4 1 9 4 1 10 4 1 11 4 1 12 4 1 14 4 1 15 4 1
901 242186 2 2 1 7 2 22 11 2 22
902 242189 1 1 1 9 7 1
903 242486 7 7 1 0 1 1 2 0 1 3 0 1 4 0 1 6 0 1 10 0 1 14 0 1
904 242519 2 2 1 1 13 22 3 13 22
905 242567 1 1 1 9 14 1
906 242568 1 1 1 14 6 1
907 242806 7 7 1 1 7 1 2 7 1 3 7 1 4 7 1 5 7 1 8 7 1 15 7 1
908 243102 14 14 1 0 12 1 1 12 1 2 12 1 3 12 1 4 12 1 5 12 1 6 12 1 8 12 1 9 12 1 10 12 1 11 12 1 12 13 1 13 12 1 14 12 1
909 243126 1 1 1 2 15 1
910 243192 7 7 1 0 1 1 4 1 1 6 1 1 7 1 1 11 1 1 13 1 1 15 1 1
911 243266 5 5 1 0 8 1 1 8 1 8 9 1 9 8 1 15 8 1
912 243507 13 13 1 0 5 1 1 5 1 2 5 1 4 5 1 5 6 1 6 5 1 7 5 1 10 5 1 11 5 1 12 5 1 13 5 1 14 5 1 15 5 1
913 243995 16 1 16 6 0 2 6 1 1 6 2 2 6 3 1 6 4 1 6 5 1 6 7 1 6 7 1 6 8 2 6 9 1 6 10 1 6 11 1 6 12 1 6 13 1 6 14 2 6 15 1
914 244082 1 1 1 5 12 1
915 244418 13 1 1 4 11 50 4 11 50 4 11 50 4 11 50 4 11 50 4 11 50 4 11 50 4 11 50 4 11 50 4 11 50 4 11 50 4 11 50 4 11 38
916 244701 13 13 1 0 1 1 1 0 1 2 0 1 3 0 1 5 0 1 7 0 1 8 0 1 9 0 1 10 0 1 11 0 1 13 0 1 14 0 1 15 0 1
917 244927 10 5 2 2 0 1 6 0 1 8 0 1 9 0 1 11 0 1 2 5 1 6 5 1 8 5 1 9 5 1 11 5 1
918 244953 2 2 1 7 11 2 10 11 2
919 244965 1 1 1 10 2 1
920 246116 60 15 4 0 6 5 1 6 5 2 6 5 4 6 5 5 6 5 6 7 5 7 6 5 8 6 5 9 6 5 10 6 5 11 6 5 12 6 5 13 6 5 14 6 5 15 6 5 0 7 9 1 7 9 2 7 9 4 7 9 5 7 9 6 7 9 7 8 9 8 7 9 9 7 9 10 7 9 11 7 9 12 7 9 13 7 9 14 7 9 15 7 9 0 10 5 1 10 5 2 10 5 4 10 5 5 10 5 6 10 5 7 10 5 8 10 5 9 10 5 10 11 5 11 10 5 12 10 5 13 10 5 14 10 5 15 10 5 0 11 5 1 11 5 2 11 5 4 11 5 5 11 5 6 11 5 7 11 5 8 11 5 9 11 5 10 11 5 11 12 5 12 11 5 13 11 5 14 11 5 15 11 5
921 246157 2 2 1 9 15 24 11 15 24
922 246389 14 14 1 1 9 1 2 9 1 3 9 1 4 9 1 5 9 1 6 9 1 7 9 1 8 9 1 9 10 1 10 9 1 11 9 1 12 9 1 13 9 1 14 9 1
923 250481 182 13 14 0 1 40 1 0 40 2 0 40 3 0 40 4 0 40 5 0 40 6 0 40 7 0 40 8 0 40 9 0 40 10 0 40 11 0 40 12 0 40 0 1 20 1 2 20 2 1 20 3 1 20 4 1 20 5 1 20 6 1 20 7 1 20 8 1 20 9 1 20 10 1 20 11 1 20 12 1 20 0 2 20 1 2 20 2 3 20 3 2 20 4 2 20 5 2 20 6 2 20 7 2 20 8 2 20 9 2 20 10 2 20 11 2 20 12 2 20 0 3 20 1 3 20 2 3 20 3 4 20 4 3 20 5 3 20 6 3 20 7 3 20 8 3 20 9 3 20 10 3 20 11 3 20 12 3 20 0 4 20 1 4 20 2 4 20 3 4 20 4 5 20 5 4 20 6 4 20 7 4 20 8 4 20 9 4 20 10 4 20 11 4 20 12 4 20 0 6 20 1 6 20 2 6 20 3 6 20 4 6 20 5 6 20 6 7 20 7 6 20 8 6 20 9 6 20 10 6 20 11 6 20 12 6 20 0 7 23 1 7 23 2 7 23 3 7 23 4 7 23 5 7 23 6 7 23 7 8 23 8 7 23 9 7 23 10 7 23 11 7 23 12 7 23 0 8 20 1 8 20 2 8 20 3 8 20 4 8 20 5 8 20 6 8 20 7 8 20 8 9 20 9 8 20 10 8 20 11 8 20 12 8 20 0 9 20 1 9 20 2 9 20 3 9 20 4 9 20 5 9 20 6 9 20 7 9 20 8 9 20 9 10 20 10 9 20 11 9 20 12 9 20 0 10 41 1 10 41 2 10 41 3 10 41 4 10 41 5 10 41 6 10 41 7 10 41 8 10 41 9 10 41 10 11 41 11 10 41 12 10 41 0 11 20 1 11 20 2 11 20 3 11 20 4 11 20 5 11 20 6 11 20 7 11 20 8 11 20 9 11 20 10 11 20 11 12 20 12 11 20 0 12 20 1 12 20 2 12 20 3 12 20 4 12 20 5 12 20 6 12 20 7 12 20 8 12 20 9 12 20 10 12 20 11 12 20 12 13 20 0 13 20 1 13 20 2 13 20 3 13 20 4 13 20 5 13 20 6 13 20 7 13 20 8 13 20 9 13 20 10 13 20 11 13 20 12 13 20 0 14 20 1 14 20 2 14 20 3 14 20 4 14 20 5 14 20 6 14 20 7 14 20 8 14 20 9 14 20 10 14 20 11 14 20 12 14 20
924 250634 7 7 1 0 11 1 1 11 1 2 11 1 7 11 1 12 11 1 13 11 1 15 11 1
925 250713 6 2 1 1 8 50 1 8 50 1 8 11 14 8 50 14 8 50 14 8 11
926 250727 1 1 1 10 4 1
927 250767 1 1 1 11 6 1
928 250874 3 3 1 0 1 2 6 0 2 13 0 2
929 250974 4 2 1 0 13 50 0 13 26 13 14 50 13 14 26
930 251019 3 3 1 2 13 2 7 13 2 13 14 2
931 251131 4 4 1 0 12 1 5 12 1 11 12 1 15 12 1
932 251157 1 1 1 1 14 1
933 251457 13 13 1 0 13 1 1 13 1 3 13 1 4 13 1 5 13 1 6 13 1 7 13 1 8 13 1 9 13 1 10 13 1 11 13 1 12 13 1 13 14 1
934 251504 1 1 1 4 13 1
935 251504 1 1 1 1 2 1
936 251880 15 3 5 4 7 1 9 7 1 13 7 1 4 10 1 9 10 1 13 10 1 4 11 1 9 11 1 13 11 1 4 14 1 9 14 1 13 14 1 4 15 1 9 15 1 13 15 1
937 252018 4 4 1 1 6 1 2 6 1 3 6 1 10 6 1
938 252148 4 4 1 0 10 1 7 10 1 8 10 1 10 11 1
939 252578 14 14 1 1 3 1 2 3 1 3 4 1 4 3 1 5 3 1 6 3 1 8 3 1 9 3 1 10 3 1 11 3 1 12 3 1 13 3 1 14 3 1 15 3 1
940 252588 1 1 1 9 7 2
941 252603 1 1 1 13 15 1
942 252968 10 5 2 2 3 1 4 2 1 5 2 1 6 2 1 7 2 1 2 11 1 4 11 1 5 11 1 6 11 1 7 11 1
943 252978 1 1 1 5 6 1
944 253108 6 3 1 7 9 50 7 9 12 8 9 50 8 9 12 9 10 50 9 10 12
945 253132 1 1 1 14 0 1
946 253139 2 2 1 6 0 21 14 0 21
947 253435 15 15 1 0 3 1 1 3 1 2 3 1 3 4 1 4 3 1 5 3 1 7 3 1 8 3 1 9 3 1 10 3 1 11 3 1 12 3 1 13 3 1 14 3 1 15 3 1
948 253912 15 15 1 0 12 1 1 12 1 2 12 1 3 12 1 4 12 1 5 12 1 6 12 1 7 12 1 8 12 1 9 12 1 11 12 1 12 13 1 13 12 1 14 12 1 15 12 1
949 253955 2 2 1 2 12 24 6 12 24
950 254033 5 5 1 1 6 6 10 6 6 12 6 6 13 6 6 14 6 6
951 254068 2 2 1 7 3 19 10 3 19
952 254134 7 7 1 1 2 1 4 1 1 6 1 1 7 1 1 11 1 1 14 1 1 15 1 1
953 254469 12 6 2 0 6 1 2 6 1 5 6 1 7 6 1 10 6 1 11 6 1 0 7 1 2 7 1 5 7 1 7 8 1 10 7 1 11 7 1
954 254518 2 2 1 5 11 2 14 11 2
955 254851 14 14 1 0 11 1 1 11 1 2 11 1 4 11 1 5 11 1 6 11 1 7 11 1 8 11 1 9 11 1 11 12 1 12 11 1 13 11 1 14 11 1 15 11 1
956 255140 14 14 1 0 14 1 1 14 1 2 14 1 4 14 1 5 14 1 6 14 1 7 14 1 8 14 1 9 14 1 11 14 1 12 14 1 13 14 1 14 15 1 15 14 1
957 255189 3 3 1 7 1 1 10 1 1 12 1 1
958 255215 4 2 1 8 5 50 8 5 2 15 5 50 15 5 2
959 255233 1 1 1 4 6 1
960 255531 13 13 1 0 4 1 1 4 1 3 4 1 4 5 1 5 4 1 8 4 1 9 4 1 10 4 1 11 4 1 12 4 1 13 4 1 14 4 1 15 4 1
961 255710 7 7 1 0 10 1 2 10 1 5 10 1 9 10 1 10 11 1 12 10 1 14 10 1
962 255735 1 1 1 9 4 1
963 255949 7 7 1 0 10 1 1 10 1 2 10 1 4 10 1 6 10 1 12 10 1 14 10 1
964 256422 14 14 1 0 3 1 1 3 1 2 3 1 3 4 1 5 3 1 6 3 1 7 3 1 8 3 1 9 3 1 10 3 1 11 3 1 12 3 1 14 3 1 15 3 1
965 256829 14 14 1 0 4 1 1 4 1 2 4 1 3 4 1 4 5 1 5 4 1 6 4 1 7 4 1 8 4 1 11 4 1 12 4 1 13 4 1 14 4 1 15 4 1
966 256897 1 1 1 0 10 1
967 257217 13 13 1 0 10 1 1 10 1 3 10 1 4 10 1 5 10 1 7 10 1 8 10 1 9 10 1 10 11 1 11 10 1 13 10 1 14 10 1 15 10 1
968 257607 15 15 1 0 6 1 1 6 1 2 6 1 3 6 1 4 6 1 5 6 1 6 7 1 7 6 1 8 6 1 9 6 1 10 6 1 12 6 1 13 6 1 14 6 1 15 6 1
969 257739 7 7 1 2 5 1 6 5 1 8 5 1 11 5 1 12 5 1 13 5 1 15 5 1
970 257748 1 1 1 13 5 1
971 257956 7 7 1 1 2 1 4 1 1 5 1 1 6 1 1 9 1 1 10 1 1 15 1 1
972 258050 7 7 1 4 14 1 5 14 1 7 14 1 8 14 1 13 14 1 14 15 1 15 14 1
973 258063 1 1 1 6 7 1
974 258271 13 13 1 0 10 1 1 10 1 2 10 1 4 10 1 5 10 1 6 10 1 9 10 1 10 11 1 11 10 1 12 10 1 13 10 1 14 10 1 15 10 1
975 258377 2 2 1 4 2 24 5 2 24
976 258535 4 4 1 0 6 1 4 6 1 7 6 1 13 6 1
977 259151 30 10 3 0 1 1 2 1 1 3 1 1 4 1 1 6 1 1 7 1 1 8 1 1 9 1 1 10 1 1 13 1 1 0 3 1 2 3 1 3 4 1 4 3 1 6 3 1 7 3 1 8 3 1 9 3 1 10 3 1 13 3 1 0 10 1 2 10 1 3 10 1 4 10 1 6 10 1 7 10 1 8 10 1 9 10 1 10 11 1 13 10 1
978 259179 2 2 1 3 1 5 14 1 5
979 259539 15 15 1 0 7 1 1 7 1 2 7 1 3 7 1 4 7 1 6 7 1 7 8 1 8 7 1 9 7 1 10 7 1 11 7 1 12 7 1 13 7 1 14 7 1 15 7 1
980 259687 5 5 1 0 15 6 1 15 6 3 15 6 4 15 6 7 15 6
981 260074 14 14 1 0 2 1 1 2 1 4 2 1 5 2 1 6 2 1 7 2 1 8 2 1 9 2 1 10 2 1 11 2 1 12 2 1 13 2 1 14 2 1 15 2 1
982 260085 1 1 1 0 1 1
983 260402 12 6 2 3 8 1 4 8 1 8 9 1 10 8 1 13 8 1 15 8 1 3 12 1 4 12 1 8 12 1 10 12 1 13 12 1 15 12 1
984 260470 7 7 1 1 11 1 3 11 1 4 11 1 6 11 1 8 11 1 10 11 1 11 12 1
985 260896 10 5 2 3 4 1 5 4 1 12 4 1 14 4 1 15 4 1 3 12 1 5 12 1 12 13 1 14 12 1 15 12 1
986 260948 3 3 1 2 3 1 10 2 1 11 2 1
987 261032 1 1 1 3 1 1
988 261093 2 2 1 8 9 1 10 9 1
989 261137 3 3 1 1 4 2 8 4 2 13 4 2
990 261317 7 7 1 2 8 1 9 8 1 10 8 1 11 8 1 13 8 1 14 8 1 15 8 1
991 261330 1 1 1 3 4 1
992 261642 15 15 1 0 14 1 1 14 1 2 14 1 4 14 1 5 14 1 6 14 1 7 14 1 8 14 1 9 14 1 10 14 1 11 14 1 12 14 1 13 14 1 14 15 1 15 14 1
993 261934 12 12 1 0 8 1 3 8 1 4 8 1 6 8 1 7 8 1 8 9 1 9 8 1 10 8 1 11 8 1 12 8 1 14 8 1 15 8 1
994 261952 1 1 1 8 9 1
995 261959 1 1 1 5 1 18
996 262303 14 7 2 0 4 2 1 4 2 4 5 2 9 4 2 11 4 2 12 4 2 15 4 2 0 9 2 1 9 2 4 9 2 9 10 2 11 9 2 12 9 2 15 9 2
997 262655 13 13 1 0 1 1 1 0 1 2 0 1 3 0 1 4 0 1 5 0 1 6 0 1 7 0 1 9 0 1 10 0 1 11 0 1 13 0 1 14 0 1
998 262783 6 3 1 9 11 50 9 11 12 10 11 50 10 11 12 11 12 50 11 12 12
999 262798 1 1 1 5 2 1
