16 200
0 6 7 7 1 3 8 1 4 8 1 5 8 1 6 8 1 7 8 1 10 8 1 11 8 1
1 7 1 1 1 11 6 1
2 12 10 5 2 0 1 1 6 1 1 9 1 1 11 1 1 15 1 1 0 15 1 6 15 1 9 15 1 11 15 1 15 0 1
3 14 4 4 1 1 4 1 4 5 1 8 4 1 14 4 1
4 23 15 15 1 0 5 1 2 5 1 3 5 1 4 5 1 5 6 1 6 5 1 7 5 1 8 5 1 9 5 1 10 5 1 11 5 1 12 5 1 13 5 1 14 5 1 15 5 1
5 66 75 15 5 0 1 4 2 0 4 3 0 4 4 0 4 5 0 4 6 0 4 7 0 4 8 0 4 9 0 4 10 0 4 11 0 4 12 0 4 13 0 4 14 0 4 15 0 4 0 2 4 2 3 4 3 2 4 4 2 4 5 2 4 6 2 4 7 2 4 8 2 4 9 2 4 10 2 4 11 2 4 12 2 4 13 2 4 14 2 4 15 2 4 0 8 4 2 8 4 3 8 4 4 8 4 5 8 4 6 8 4 7 8 4 8 9 4 9 8 4 10 8 4 11 8 4 12 8 4 13 8 4 14 8 4 15 8 4 0 10 4 2 10 4 3 10 4 4 10 4 5 10 4 6 10 4 7 10 4 8 10 4 9 10 4 10 11 4 11 10 4 12 10 4 13 10 4 14 10 4 15 10 4 0 14 4 2 14 4 3 14 4 4 14 4 5 14 4 6 14 4 7 14 4 8 14 4 9 14 4 10 14 4 11 14 4 12 14 4 13 14 4 14 15 4 15 14 4
6 71 7 7 1 3 5 1 5 6 1 8 5 1 9 5 1 12 5 1 14 5 1 15 5 1
7 72 1 1 1 9 6 1
8 73 7 7 1 1 14 1 4 14 1 8 14 1 9 14 1 11 14 1 12 14 1 13 14 1
9 78 13 13 1 0 4 1 2 4 1 3 4 1 4 5 1 5 4 1 6 4 1 7 4 1 9 4 1 10 4 1 11 4 1 12 4 1 14 4 1 15 4 1
10 78 1 1 1 8 0 1
11 84 7 7 1 1 2 1 4 2 1 6 2 1 7 2 1 9 2 1 11 2 1 14 2 1
12 85 2 2 1 3 7 1 13 7 1
13 85 1 1 1 4 2 1
14 86 1 1 1 9 12 1
15 87 1 1 1 3 15 1
16 87 3 3 1 0 5 1 7 5 1 9 5 1
17 88 1 1 1 7 8 1
18 88 2 2 1 6 5 1 8 5 1
19 91 5 5 1 1 15 1 2 15 1 10 15 1 13 15 1 14 15 1
20 93 1 1 1 1 11 1
21 133 75 15 5 0 1 5 1 0 5 2 0 5 3 0 5 4 0 5 5 0 5 6 0 5 7 0 5 9 0 5 10 0 5 11 0 5 12 0 5 13 0 5 14 0 5 15 0 5 0 5 5 1 5 5 2 5 5 3 5 5 4 5 5 5 6 5 6 5 5 7 5 5 9 5 5 10 5 5 11 5 5 12 5 5 13 5 5 14 5 5 15 5 5 0 6 5 1 6 5 2 6 5 3 6 5 4 6 5 5 6 5 6 7 5 7 6 5 9 6 5 10 6 5 11 6 5 12 6 5 13 6 5 14 6 5 15 6 5 0 8 5 1 8 5 2 8 5 3 8 5 4 8 5 5 8 5 6 8 5 7 8 5 9 8 5 10 8 5 11 8 5 12 8 5 13 8 5 14 8 5 15 8 5 0 11 5 1 11 5 2 11 5 3 11 5 4 11 5 5 11 5 6 11 5 7 11 5 9 11 5 10 11 5 11 12 5 12 11 5 13 11 5 14 11 5 15 11 5
22 170 75 15 5 0 1 4 1 0 4 2 0 4 3 0 4 4 0 4 6 0 4 7 0 4 8 0 4 9 0 4 10 0 4 11 0 4 12 0 4 13 0 4 14 0 4 15 0 4 0 8 4 1 8 4 2 8 4 3 8 4 4 8 4 6 8 4 7 8 4 8 9 4 9 8 4 10 8 4 11 8 4 12 8 4 13 8 4 14 8 4 15 8 4 0 10 4 1 10 4 2 10 4 3 10 4 4 10 4 6 10 4 7 10 4 8 10 4 9 10 4 10 11 4 11 10 4 12 10 4 13 10 4 14 10 4 15 10 4 0 11 4 1 11 4 2 11 4 3 11 4 4 11 4 6 11 4 7 11 4 8 11 4 9 11 4 10 11 4 11 12 4 12 11 4 13 11 4 14 11 4 15 11 4 0 13 4 1 13 4 2 13 4 3 13 4 4 13 4 6 13 4 7 13 4 8 13 4 9 13 4 10 13 4 11 13 4 12 13 4 13 14 4 14 13 4 15 13 4
23 179 16 1 16 13 0 2 13 1 1 13 2 2 13 3 1 13 4 1 13 5 1 13 6 1 13 7 1 13 8 2 13 9 1 13 10 1 13 11 1 13 12 1 13 14 1 13 14 2 13 15 1
24 180 2 2 1 4 5 5 5 4 5
25 183 7 7 1 1 3 1 3 4 1 4 3 1 8 3 1 10 3 1 11 3 1 12 3 1
26 185 4 4 1 2 14 1 3 14 1 4 14 1 15 14 1
27 185 2 2 1 0 9 31 1 9 31
28 186 2 2 1 9 5 21 10 5 21
29 190 7 7 1 2 4 1 4 5 1 5 4 1 9 4 1 10 4 1 13 4 1 14 4 1
30 192 5 5 1 2 1 1 3 1 1 10 1 1 14 1 1 15 1 1
31 196 7 7 1 1 11 1 5 11 1 6 11 1 7 11 1 8 11 1 12 11 1 14 11 1
32 196 2 2 1 7 8 24 11 7 24
33 196 1 1 1 12 14 1
34 199 4 4 1 2 9 1 3 9 1 6 9 1 10 9 1
35 252 75 15 5 0 1 4 1 2 4 2 1 4 4 1 4 5 1 4 6 1 4 7 1 4 8 1 4 9 1 4 10 1 4 11 1 4 12 1 4 13 1 4 14 1 4 15 1 4 0 2 4 1 2 4 2 3 4 4 2 4 5 2 4 6 2 4 7 2 4 8 2 4 9 2 4 10 2 4 11 2 4 12 2 4 13 2 4 14 2 4 15 2 4 0 8 4 1 8 4 2 8 4 4 8 4 5 8 4 6 8 4 7 8 4 8 9 4 9 8 4 10 8 4 11 8 4 12 8 4 13 8 4 14 8 4 15 8 4 0 10 4 1 10 4 2 10 4 4 10 4 5 10 4 6 10 4 7 10 4 8 10 4 9 10 4 10 11 4 11 10 4 12 10 4 13 10 4 14 10 4 15 10 4 0 15 4 1 15 4 2 15 4 4 15 4 5 15 4 6 15 4 7 15 4 8 15 4 9 15 4 10 15 4 11 15 4 12 15 4 13 15 4 14 15 4 15 0 4
36 261 13 13 1 0 5 1 1 5 1 3 5 1 4 5 1 5 6 1 6 5 1 7 5 1 8 5 1 9 5 1 11 5 1 12 5 1 13 5 1 15 5 1
37 271 14 14 1 0 6 58 1 6 58 2 6 58 3 6 58 4 6 58 5 6 58 6 7 58 7 6 58 8 6 58 9 6 58 12 6 58 13 6 58 14 6 58 15 6 58
38 272 1 1 1 15 5 1
39 272 1 1 1 6 7 1
40 274 1 1 1 15 12 1
41 274 1 1 1 4 8 1
42 275 1 1 1 4 0 1
43 277 5 5 1 0 11 1 3 11 1 5 11 1 8 11 1 12 11 1
44 285 14 14 1 0 8 1 1 8 1 2 8 1 3 8 1 5 8 1 6 8 1 7 8 1 8 9 1 9 8 1 11 8 1 12 8 1 13 8 1 14 8 1 15 8 1
45 303 30 10 3 3 4 71 6 3 71 7 3 71 8 3 71 9 3 71 10 3 71 11 3 71 12 3 71 13 3 71 14 3 71 3 5 71 6 5 71 7 5 71 8 5 71 9 5 71 10 5 71 11 5 71 12 5 71 13 5 71 14 5 71 3 9 58 6 9 58 7 9 58 8 9 58 9 10 58 10 9 58 11 9 58 12 9 58 13 9 58 14 9 58
46 303 1 1 1 7 0 1
47 305 2 2 1 1 8 1 15 8 1
48 308 7 7 1 0 8 1 1 8 1 2 8 1 10 8 1 11 8 1 13 8 1 15 8 1
49 311 3 3 1 1 0 64 8 0 64 9 0 64
50 311 1 1 1 3 8 1
51 312 3 3 1 3 6 2 6 7 2 7 6 2
52 314 10 5 2 0 5 1 1 5 1 4 5 1 5 6 1 7 5 1 0 10 1 1 10 1 4 10 1 5 10 1 7 10 1
53 314 2 2 1 13 0 44 14 0 44
54 317 5 5 1 8 0 1 9 0 1 10 0 1 13 0 1 15 0 1
55 317 1 1 1 11 10 1
56 318 2 2 1 1 12 111 11 12 111
57 318 1 1 1 8 9 1
58 421 182 13 14 0 1 40 1 2 40 3 1 40 4 1 40 5 1 40 6 1 40 8 1 40 9 1 40 10 1 40 11 1 40 12 1 40 13 1 40 15 1 40 0 3 20 1 3 20 3 4 20 4 3 20 5 3 20 6 3 20 8 3 20 9 3 20 10 3 20 11 3 20 12 3 20 13 3 20 15 3 20 0 4 20 1 4 20 3 4 20 4 5 20 5 4 20 6 4 20 8 4 20 9 4 20 10 4 20 11 4 20 12 4 20 13 4 20 15 4 20 0 5 20 1 5 20 3 5 20 4 5 20 5 6 20 6 5 20 8 5 20 9 5 20 10 5 20 11 5 20 12 5 20 13 5 20 15 5 20 0 6 20 1 6 20 3 6 20 4 6 20 5 6 20 6 7 20 8 6 20 9 6 20 10 6 20 11 6 20 12 6 20 13 6 20 15 6 20 0 7 20 1 7 20 3 7 20 4 7 20 5 7 20 6 7 20 8 7 20 9 7 20 10 7 20 11 7 20 12 7 20 13 7 20 15 7 20 0 8 23 1 8 23 3 8 23 4 8 23 5 8 23 6 8 23 8 9 23 9 8 23 10 8 23 11 8 23 12 8 23 13 8 23 15 8 23 0 9 20 1 9 20 3 9 20 4 9 20 5 9 20 6 9 20 8 9 20 9 10 20 10 9 20 11 9 20 12 9 20 13 9 20 15 9 20 0 10 20 1 10 20 3 10 20 4 10 20 5 10 20 6 10 20 8 10 20 9 10 20 10 11 20 11 10 20 12 10 20 13 10 20 15 10 20 0 11 41 1 11 41 3 11 41 4 11 41 5 11 41 6 11 41 8 11 41 9 11 41 10 11 41 11 12 41 12 11 41 13 11 41 15 11 41 0 12 20 1 12 20 3 12 20 4 12 20 5 12 20 6 12 20 8 12 20 9 12 20 10 12 20 11 12 20 12 13 20 13 12 20 15 12 20 0 13 20 1 13 20 3 13 20 4 13 20 5 13 20 6 13 20 8 13 20 9 13 20 10 13 20 11 13 20 12 13 20 13 14 20 15 13 20 0 14 20 1 14 20 3 14 20 4 14 20 5 14 20 6 14 20 8 14 20 9 14 20 10 14 20 11 14 20 12 14 20 13 14 20 15 14 20 0 15 20 1 15 20 3 15 20 4 15 20 5 15 20 6 15 20 8 15 20 9 15 20 10 15 20 11 15 20 12 15 20 13 15 20 15 0 20
59 428 13 13 1 1 9 1 2 9 1 3 9 1 4 9 1 5 9 1 6 9 1 7 9 1 8 9 1 9 10 1 10 9 1 11 9 1 12 9 1 14 9 1
60 433 13 13 1 0 13 1 2 13 1 3 13 1 4 13 1 5 13 1 6 13 1 7 13 1 9 13 1 10 13 1 11 13 1 12 13 1 13 14 1 15 13 1
61 433 1 1 1 12 10 1
62 436 7 7 1 7 8 1 8 9 1 10 8 1 12 8 1 13 8 1 14 8 1 15 8 1
63 437 2 2 1 2 13 1 13 14 1
64 440 3 3 1 6 10 2 11 10 2 15 10 2
65 443 4 4 1 2 3 1 7 3 1 11 3 1 13 3 1
66 443 1 1 1 14 2 638
67 443 1 1 1 7 12 1
68 447 10 5 2 3 1 1 9 1 1 12 1 1 14 1 1 15 1 1 3 10 1 9 10 1 12 10 1 14 10 1 15 10 1
69 447 1 1 1 15 0 3
70 449 3 3 1 0 9 62 3 9 62 12 9 62
71 450 1 1 1 13 14 1
72 452 3 3 1 3 4 60 9 4 60 13 4 60
73 453 1 1 1 6 0 1
74 455 1 1 1 1 3 1
75 462 12 12 1 0 8 1 1 8 1 3 8 1 4 8 1 5 8 1 8 9 1 9 8 1 10 8 1 11 8 1 13 8 1 14 8 1 15 8 1
76 463 1 1 1 13 5 1
77 468 7 7 1 5 15 1 7 15 1 8 15 1 9 15 1 11 15 1 14 15 1 15 0 1
78 471 2 2 1 0 2 19 15 2 19
79 471 1 1 1 8 9 1
80 472 2 2 1 8 10 1 14 10 1
81 479 14 14 1 0 1 58 1 0 58 4 0 58 5 0 58 6 0 58 7 0 58 8 0 58 9 0 58 10 0 58 11 0 58 12 0 58 13 0 58 14 0 58 15 0 58
82 483 7 7 1 1 15 1 3 15 1 4 15 1 5 15 1 8 15 1 9 15 1 12 15 1
83 484 1 1 1 6 3 1
84 493 14 14 1 0 2 1 1 2 1 2 3 1 3 2 1 4 2 1 6 2 1 7 2 1 8 2 1 9 2 1 11 2 1 12 2 1 13 2 1 14 2 1 15 2 1
85 497 4 4 1 0 4 1 3 4 1 4 5 1 14 4 1
86 505 12 12 1 1 2 1 2 1 1 3 1 1 4 1 1 5 1 1 6 1 1 7 1 1 9 1 1 11 1 1 12 1 1 13 1 1 14 1 1
87 505 1 1 1 15 6 1
88 505 1 1 1 0 12 1
89 507 3 3 1 8 13 2 12 13 2 15 13 2
90 507 1 1 1 6 10 1
91 507 2 2 1 4 15 1 11 15 1
92 512 13 13 1 0 2 1 1 2 1 3 2 1 5 2 1 6 2 1 7 2 1 8 2 1 9 2 1 10 2 1 11 2 1 12 2 1 13 2 1 14 2 1
93 516 10 5 2 0 5 1 4 5 1 7 5 1 9 5 1 10 5 1 0 7 1 4 7 1 7 8 1 9 7 1 10 7 1
94 516 2 2 1 9 14 1 15 14 1
95 517 1 1 1 4 11 1
96 518 2 2 1 8 6 118 11 6 118
97 520 5 5 1 1 8 1 3 8 1 9 8 1 11 8 1 13 8 1
98 522 1 1 1 14 15 1
99 522 1 1 1 3 11 1
100 543 42 6 7 5 2 246 6 2 246 8 2 246 9 2 246 11 2 246 15 2 246 5 6 246 6 5 246 8 5 246 9 5 246 11 5 246 15 5 246 5 6 246 6 7 246 8 6 246 9 6 246 11 6 246 15 6 246 5 7 246 6 7 246 8 7 246 9 7 246 11 7 246 15 7 246 5 11 246 6 11 246 8 11 246 9 11 246 11 12 246 15 11 246 5 12 247 6 12 247 8 12 247 9 12 247 11 12 247 15 12 247 5 15 247 6 15 247 8 15 247 9 15 247 11 15 247 15 0 247
101 547 2 2 1 4 5 1 8 4 1
102 557 14 14 1 0 14 1 1 14 1 2 14 1 3 14 1 4 14 1 5 14 1 6 14 1 7 14 1 8 14 1 10 14 1 11 14 1 12 14 1 13 14 1 15 14 1
103 557 1 1 1 11 9 1
104 557 1 1 1 5 8 2
105 559 7 7 1 0 9 1 6 9 1 10 9 1 12 9 1 13 9 1 14 9 1 15 9 1
106 560 1 1 1 7 3 59
107 560 1 1 1 13 11 1
108 560 1 1 1 2 1 1
109 567 14 14 1 1 11 1 2 11 1 3 11 1 4 11 1 5 11 1 6 11 1 7 11 1 8 11 1 9 11 1 10 11 1 11 12 1 12 11 1 13 11 1 15 11 1
110 574 15 15 1 0 2 1 1 2 1 2 3 1 3 2 1 4 2 1 5 2 1 6 2 1 7 2 1 8 2 1 9 2 1 10 2 1 11 2 1 12 2 1 13 2 1 15 2 1
111 576 2 2 1 9 5 31 15 5 31
112 577 3 3 1 1 10 2 12 10 2 13 10 2
113 587 14 14 1 0 13 1 1 13 1 3 13 1 4 13 1 5 13 1 6 13 1 7 13 1 8 13 1 9 13 1 10 13 1 12 13 1 13 14 1 14 13 1 15 13 1
114 587 1 1 1 15 5 1
115 587 2 2 1 3 1 24 15 1 24
116 587 1 1 1 0 11 1
117 588 1 1 1 0 14 583
118 588 1 1 1 0 6 1
119 625 75 15 5 0 1 4 1 2 4 2 1 4 3 1 4 4 1 4 5 1 4 7 1 4 8 1 4 9 1 4 10 1 4 11 1 4 12 1 4 13 1 4 14 1 4 15 1 4 0 5 4 1 5 4 2 5 4 3 5 4 4 5 4 5 6 4 7 5 4 8 5 4 9 5 4 10 5 4 11 5 4 12 5 4 13 5 4 14 5 4 15 5 4 0 7 4 1 7 4 2 7 4 3 7 4 4 7 4 5 7 4 7 8 4 8 7 4 9 7 4 10 7 4 11 7 4 12 7 4 13 7 4 14 7 4 15 7 4 0 9 4 1 9 4 2 9 4 3 9 4 4 9 4 5 9 4 7 9 4 8 9 4 9 10 4 10 9 4 11 9 4 12 9 4 13 9 4 14 9 4 15 9 4 0 14 4 1 14 4 2 14 4 3 14 4 4 14 4 5 14 4 7 14 4 8 14 4 9 14 4 10 14 4 11 14 4 12 14 4 13 14 4 14 15 4 15 14 4
120 627 2 2 1 7 14 25 10 14 25
121 627 1 1 1 3 4 1
122 633 14 14 1 0 14 1 2 14 1 3 14 1 4 14 1 5 14 1 6 14 1 7 14 1 8 14 1 10 14 1 11 14 1 12 14 1 13 14 1 14 15 1 15 14 1
123 637 7 7 1 0 7 1 1 7 1 3 7 1 6 7 1 7 8 1 9 7 1 13 7 1
124 637 1 1 1 15 0 1
125 637 1 1 1 7 5 1
126 638 1 1 1 2 4 1
127 644 13 13 1 0 15 1 1 15 1 2 15 1 3 15 1 4 15 1 5 15 1 6 15 1 7 15 1 8 15 1 9 15 1 10 15 1 12 15 1 13 15 1
128 644 1 1 1 10 4 1
129 645 1 1 1 11 5 1
130 646 1 1 1 1 6 1
131 654 10 5 2 3 7 1 5 7 1 7 8 1 11 7 1 12 7 1 3 10 1 5 10 1 7 10 1 11 10 1 12 10 1
132 655 3 3 1 6 7 63 7 6 63 9 6 63
133 656 2 2 1 5 12 22 6 12 22
134 658 3 3 1 1 4 1 5 4 1 13 4 1
135 658 1 1 1 10 11 7
136 659 3 3 1 4 2 62 11 2 62 13 2 62
137 665 13 13 1 0 11 1 1 11 1 2 11 1 3 11 1 4 11 1 5 11 1 7 11 1 8 11 1 9 11 1 10 11 1 11 12 1 14 11 1 15 11 1
138 665 2 2 1 8 11 1 10 11 1
139 669 3 3 1 8 11 2 11 12 2 15 11 2
140 679 14 14 1 0 3 1 2 3 1 3 4 1 4 3 1 5 3 1 6 3 1 8 3 1 9 3 1 10 3 1 11 3 1 12 3 1 13 3 1 14 3 1 15 3 1
141 683 7 7 1 1 3 1 5 3 1 6 3 1 7 3 1 8 3 1 9 3 1 13 3 1
142 687 10 5 2 1 14 47 3 14 47 10 14 47 11 14 47 12 14 47 1 15 47 3 15 47 10 15 47 11 15 47 12 15 47
143 687 1 1 1 15 13 1
144 713 49 7 7 0 3 198 1 3 198 2 3 198 3 4 198 6 3 198 12 3 198 13 3 198 0 5 198 1 5 198 2 5 198 3 5 198 6 5 198 12 5 198 13 5 198 0 9 212 1 9 212 2 9 212 3 9 212 6 9 212 12 9 212 13 9 212 0 10 198 1 10 198 2 10 198 3 10 198 6 10 198 12 10 198 13 10 198 0 12 198 1 12 198 2 12 198 3 12 198 6 12 198 12 13 198 13 12 198 0 13 198 1 13 198 2 13 198 3 13 198 6 13 198 12 13 198 13 14 198 0 15 198 1 15 198 2 15 198 3 15 198 6 15 198 12 15 198 13 15 198
145 719 14 14 1 0 4 1 2 4 1 3 4 1 4 5 1 5 4 1 6 4 1 7 4 1 8 4 1 9 4 1 11 4 1 12 4 1 13 4 1 14 4 1 15 4 1
146 720 1 1 1 14 5 1
147 762 75 15 5 0 3 4 1 3 4 2 3 4 3 4 4 5 3 4 6 3 4 7 3 4 8 3 4 9 3 4 10 3 4 11 3 4 12 3 4 13 3 4 14 3 4 15 3 4 0 4 4 1 4 4 2 4 4 3 4 4 5 4 4 6 4 4 7 4 4 8 4 4 9 4 4 10 4 4 11 4 4 12 4 4 13 4 4 14 4 4 15 4 4 0 5 4 1 5 4 2 5 4 3 5 4 5 6 4 6 5 4 7 5 4 8 5 4 9 5 4 10 5 4 11 5 4 12 5 4 13 5 4 14 5 4 15 5 4 0 13 4 1 13 4 2 13 4 3 13 4 5 13 4 6 13 4 7 13 4 8 13 4 9 13 4 10 13 4 11 13 4 12 13 4 13 14 4 14 13 4 15 13 4 0 15 4 1 15 4 2 15 4 3 15 4 5 15 4 6 15 4 7 15 4 8 15 4 9 15 4 10 15 4 11 15 4 12 15 4 13 15 4 14 15 4 15 0 4
148 763 1 1 1 2 3 1
149 772 14 14 1 0 15 1 1 15 1 2 15 1 3 15 1 4 15 1 5 15 1 6 15 1 7 15 1 8 15 1 10 15 1 12 15 1 13 15 1 14 15 1 15 0 1
150 773 4 4 1 5 6 1 6 7 1 9 6 1 10 6 1
151 774 3 3 1 1 7 1 9 7 1 13 7 1
152 775 2 2 1 2 11 44 12 11 44
153 784 14 14 1 0 3 1 1 3 1 2 3 1 4 3 1 5 3 1 6 3 1 7 3 1 9 3 1 10 3 1 11 3 1 12 3 1 13 3 1 14 3 1 15 3 1
154 786 7 7 1 0 12 1 5 12 1 6 12 1 8 12 1 9 12 1 11 12 1 15 12 1
155 786 1 1 1 13 5 18
156 790 2 2 1 1 7 25 12 7 25
157 792 7 7 1 0 1 1 1 2 1 6 1 1 7 1 1 9 1 1 12 1 1 13 1 1
158 793 1 1 1 8 4 1
159 793 1 1 1 8 5 1
160 799 14 14 1 1 2 1 2 1 1 3 1 1 4 1 1 5 1 1 6 1 1 7 1 1 8 1 1 9 1 1 11 1 1 12 1 1 13 1 1 14 1 1 15 1 1
161 807 14 14 1 0 6 1 1 6 1 2 6 1 3 6 1 4 6 1 5 6 1 6 7 1 8 6 1 9 6 1 10 6 1 11 6 1 12 6 1 14 6 1 15 6 1
162 811 7 7 1 1 9 1 5 9 1 6 9 1 10 9 1 11 9 1 12 9 1 15 9 1
163 817 12 12 1 0 7 1 1 7 1 3 7 1 4 7 1 5 7 1 6 7 1 9 7 1 10 7 1 12 7 1 13 7 1 14 7 1 15 7 1
164 820 1 1 1 12 11 1
165 820 1 1 1 9 8 1
166 820 1 1 1 15 0 1
167 820 1 1 1 14 6 1
168 821 1 1 1 0 2 1
169 824 2 2 1 0 6 1 2 6 1
170 829 14 14 1 0 2 58 1 2 58 2 3 58 3 2 58 4 2 58 5 2 58 6 2 58 7 2 58 8 2 58 10 2 58 12 2 58 13 2 58 14 2 58 15 2 58
171 829 1 1 1 0 2 1
172 829 1 1 1 11 8 1
173 829 1 1 1 8 2 1
174 831 4 4 1 1 9 1 6 9 1 9 10 1 10 9 1
175 833 3 3 1 4 5 60 10 5 60 14 5 60
176 834 1 1 1 11 8 1
177 834 1 1 1 3 1 1
178 835 7 7 1 1 7 1 4 7 1 5 7 1 6 7 1 7 8 1 10 7 1 14 7 1
179 839 5 5 1 0 15 6 2 15 6 4 15 6 11 15 6 15 0 6
180 845 7 7 1 2 3 1 3 4 1 4 3 1 7 3 1 8 3 1 12 3 1 14 3 1
181 846 1 1 1 4 6 1
182 847 1 1 1 2 7 1
183 853 13 13 1 0 4 1 1 4 1 2 4 1 3 4 1 4 5 1 5 4 1 6 4 1 7 4 1 8 4 1 11 4 1 12 4 1 13 4 1 14 4 1
184 854 1 1 1 15 7 1
185 855 4 4 1 2 3 1 4 2 1 6 2 1 7 2 1
186 856 2 2 1 5 14 1 7 14 1
187 858 2 2 1 5 2 5 10 2 5
188 858 1 1 1 6 8 1
189 863 7 7 1 0 6 1 2 6 1 6 7 1 10 6 1 11 6 1 12 6 1 15 6 1
190 863 1 1 1 8 15 1
191 863 2 2 1 5 13 45 7 13 45
192 869 15 3 5 0 1 1 4 0 1 15 0 1 0 2 1 4 2 1 15 2 1 0 8 1 4 8 1 15 8 1 0 9 1 4 9 1 15 9 1 0 14 1 4 14 1 15 14 1
193 869 2 2 1 3 12 1 7 12 1
194 873 7 7 1 1 3 1 4 3 1 5 3 1 6 3 1 7 3 1 11 3 1 14 3 1
195 874 1 1 1 11 5 1
196 874 1 1 1 6 9 1
197 877 7 7 1 1 8 1 2 8 1 5 8 1 7 8 1 12 8 1 13 8 1 15 8 1
198 877 1 1 1 9 15 1
199 879 2 2 1 4 10 23 10 11 23
