16 200
0 3 1 1 1 4 3 1
1 6 1 1 1 3 6 1
2 9 3 3 1 6 13 50 14 13 50 15 13 50
3 30 10 5 2 1 2 1 2 3 1 4 2 1 12 2 1 14 2 1 1 3 1 2 3 1 4 3 1 12 3 1 14 3 1
4 62 14 14 1 0 6 50 2 6 50 3 6 50 4 6 50 5 6 50 6 7 50 7 6 50 8 6 50 9 6 50 10 6 50 11 6 50 12 6 50 14 6 50 15 6 50
5 89 16 1 16 3 0 2 3 1 1 3 2 2 3 4 1 3 4 1 3 5 1 3 6 1 3 7 1 3 8 2 3 9 1 3 10 1 3 11 1 3 12 1 3 13 1 3 14 2 3 15 1
6 118 15 15 1 0 9 1 2 9 1 3 9 1 4 9 1 5 9 1 6 9 1 7 9 1 8 9 1 9 10 1 10 9 1 11 9 1 12 9 1 13 9 1 14 9 1 15 9 1
7 126 2 2 1 3 5 50 6 5 50
8 128 2 2 1 6 12 5 12 13 5
9 135 3 3 1 6 0 2 8 0 2 12 0 2
10 154 7 7 1 0 15 1 1 15 1 3 15 1 7 15 1 10 15 1 12 15 1 14 15 1
11 161 7 7 1 2 7 1 6 7 1 7 8 1 9 7 1 10 7 1 11 7 1 12 7 1
12 172 7 7 1 0 14 1 1 14 1 3 14 1 6 14 1 7 14 1 8 14 1 10 14 1
13 179 1 1 1 13 4 1
14 179 1 1 1 1 2 1
15 337 75 15 5 0 7 4 1 7 4 2 7 4 3 7 4 4 7 4 5 7 4 7 8 4 8 7 4 9 7 4 10 7 4 11 7 4 12 7 4 13 7 4 14 7 4 15 7 4 0 9 4 1 9 4 2 9 4 3 9 4 4 9 4 5 9 4 7 9 4 8 9 4 9 10 4 10 9 4 11 9 4 12 9 4 13 9 4 14 9 4 15 9 4 0 12 4 1 12 4 2 12 4 3 12 4 4 12 4 5 12 4 7 12 4 8 12 4 9 12 4 10 12 4 11 12 4 12 13 4 13 12 4 14 12 4 15 12 4 0 13 4 1 13 4 2 13 4 3 13 4 4 13 4 5 13 4 7 13 4 8 13 4 9 13 4 10 13 4 11 13 4 12 13 4 13 14 4 14 13 4 15 13 4 0 15 4 1 15 4 2 15 4 3 15 4 4 15 4 5 15 4 7 15 4 8 15 4 9 15 4 10 15 4 11 15 4 12 15 4 13 15 4 14 15 4 15 0 4
16 337 1 1 1 12 3 50
17 362 14 14 1 0 1 50 1 0 50 3 0 50 4 0 50 5 0 50 6 0 50 7 0 50 9 0 50 10 0 50 11 0 50 12 0 50 13 0 50 14 0 50 15 0 50
18 518 75 15 5 0 1 4 1 0 4 2 0 4 3 0 4 4 0 4 5 0 4 6 0 4 7 0 4 8 0 4 9 0 4 10 0 4 11 0 4 12 0 4 13 0 4 15 0 4 0 2 4 1 2 4 2 3 4 3 2 4 4 2 4 5 2 4 6 2 4 7 2 4 8 2 4 9 2 4 10 2 4 11 2 4 12 2 4 13 2 4 15 2 4 0 4 4 1 4 4 2 4 4 3 4 4 4 5 4 5 4 4 6 4 4 7 4 4 8 4 4 9 4 4 10 4 4 11 4 4 12 4 4 13 4 4 15 4 4 0 14 4 1 14 4 2 14 4 3 14 4 4 14 4 5 14 4 6 14 4 7 14 4 8 14 4 9 14 4 10 14 4 11 14 4 12 14 4 13 14 4 15 14 4 0 15 4 1 15 4 2 15 4 3 15 4 4 15 4 5 15 4 6 15 4 7 15 4 8 15 4 9 15 4 10 15 4 11 15 4 12 15 4 13 15 4 15 0 4
19 521 1 1 1 7 5 18
20 522 1 1 1 2 11 1
21 524 1 1 1 15 0 1
22 530 3 3 1 0 10 50 2 10 50 6 10 50
23 532 2 2 1 8 10 1 9 10 1
24 541 4 4 1 8 5 1 9 5 1 10 5 1 14 5 1
25 541 1 1 1 15 6 1
26 545 3 3 1 4 14 1 7 14 1 9 14 1
27 596 30 10 3 0 3 50 1 3 50 2 3 50 3 4 50 6 3 50 7 3 50 8 3 50 11 3 50 12 3 50 15 3 50 0 10 50 1 10 50 2 10 50 3 10 50 6 10 50 7 10 50 8 10 50 11 10 50 12 10 50 15 10 50 0 12 50 1 12 50 2 12 50 3 12 50 6 12 50 7 12 50 8 12 50 11 12 50 12 13 50 15 12 50
28 604 4 4 1 0 4 1 3 4 1 10 4 1 13 4 1
29 609 3 3 1 3 4 50 7 4 50 14 4 50
30 619 4 4 1 1 6 1 2 6 1 3 6 1 14 6 1
31 627 4 4 1 2 4 1 7 4 1 8 4 1 14 4 1
32 652 14 14 1 0 13 1 1 13 1 2 13 1 3 13 1 4 13 1 6 13 1 7 13 1 8 13 1 9 13 1 10 13 1 11 13 1 12 13 1 13 14 1 14 13 1
33 659 4 4 1 3 14 1 12 14 1 13 14 1 14 15 1
34 660 1 1 1 11 3 6
35 662 1 1 1 8 6 1
36 665 1 1 1 15 9 2
37 697 13 13 1 0 10 1 2 10 1 3 10 1 4 10 1 5 10 1 6 10 1 7 10 1 8 10 1 9 10 1 10 11 1 13 10 1 14 10 1 15 10 1
38 767 30 10 3 1 2 50 4 2 50 5 2 50 6 2 50 7 2 50 8 2 50 9 2 50 12 2 50 13 2 50 15 2 50 1 5 50 4 5 50 5 6 50 6 5 50 7 5 50 8 5 50 9 5 50 12 5 50 13 5 50 15 5 50 1 9 50 4 9 50 5 9 50 6 9 50 7 9 50 8 9 50 9 10 50 12 9 50 13 9 50 15 9 50
39 782 7 7 1 0 3 1 2 3 1 3 4 1 5 3 1 7 3 1 8 3 1 14 3 1
40 787 1 1 1 1 13 1
41 789 1 1 1 8 0 1
42 795 2 2 1 10 11 19 11 12 19
43 796 1 1 1 6 12 1
44 801 1 1 1 0 4 1
45 802 1 1 1 13 4 1
46 806 3 3 1 1 13 1 10 13 1 14 13 1
47 808 2 2 1 0 10 47 14 10 47
48 824 7 7 1 0 6 1 3 6 1 7 6 1 9 6 1 11 6 1 12 6 1 14 6 1
49 834 2 2 1 4 1 2 13 1 2
50 846 1 1 1 12 10 1
51 852 2 2 1 3 10 25 4 10 25
52 931 32 16 2 0 1 5 1 2 5 2 1 5 3 1 5 4 1 5 5 1 5 6 1 5 7 1 5 8 1 5 9 1 5 10 1 5 11 1 5 12 1 5 13 1 5 14 1 5 15 1 5 0 9 5 1 9 5 2 9 5 3 9 5 4 9 5 5 9 5 6 9 5 7 9 5 8 9 5 9 10 5 10 9 5 11 9 5 12 9 5 13 9 5 14 9 5 15 9 5
53 952 14 14 1 0 8 1 1 8 1 2 8 1 3 8 1 4 8 1 5 8 1 6 8 1 7 8 1 8 9 1 9 8 1 10 8 1 12 8 1 14 8 1 15 8 1
54 980 15 15 1 0 13 1 1 13 1 2 13 1 3 13 1 4 13 1 5 13 1 6 13 1 7 13 1 8 13 1 9 13 1 10 13 1 11 13 1 12 13 1 14 13 1 15 13 1
55 984 1 1 1 0 11 1
56 984 1 1 1 0 4 1
57 984 1 1 1 4 2 1
58 1004 7 7 1 3 0 1 4 0 1 6 0 1 7 0 1 11 0 1 13 0 1 14 0 1
59 1008 6 2 3 1 2 1 11 2 1 1 3 1 11 3 1 1 5 4 11 5 4
60 1012 1 1 1 7 8 1
61 1012 1 1 1 2 15 1
62 1015 2 2 1 8 13 24 11 13 24
63 1022 7 7 1 1 7 1 3 7 1 5 7 1 9 7 1 11 7 1 12 7 1 13 7 1
64 1025 1 1 1 3 4 1
65 1026 1 1 1 15 1 1
66 1092 30 10 3 0 1 1 4 0 1 5 0 1 7 0 1 8 0 1 9 0 1 10 0 1 11 0 1 13 0 1 14 0 1 0 2 1 4 2 1 5 2 1 7 2 1 8 2 1 9 2 1 10 2 1 11 2 1 13 2 1 14 2 1 0 7 1 4 7 1 5 7 1 7 8 1 8 7 1 9 7 1 10 7 1 11 7 1 13 7 1 14 7 1
67 1112 15 15 1 0 14 1 1 14 1 2 14 1 3 14 1 4 14 1 5 14 1 6 14 1 7 14 1 8 14 1 9 14 1 10 14 1 11 14 1 12 14 1 13 14 1 14 15 1
68 1117 2 2 1 2 3 50 5 3 50
69 1119 1 1 1 7 11 1
70 1121 2 2 1 7 8 1 9 7 1
71 1140 8 8 1 0 3 1 1 3 1 2 3 1 5 3 1 8 3 1 13 3 1 14 3 1 15 3 1
72 1154 1 1 1 5 1 1
73 1155 1 1 1 11 15 1
74 1160 3 3 1 8 0 1 9 0 1 11 0 1
75 1161 1 1 1 14 15 1
76 1179 7 7 1 0 13 1 2 13 1 6 13 1 7 13 1 11 13 1 12 13 1 13 14 1
77 1179 1 1 1 5 14 1
78 1183 3 3 1 6 15 50 14 15 50 15 0 50
79 1207 10 5 2 3 6 1 4 6 1 5 6 1 6 7 1 11 6 1 3 7 1 4 7 1 5 7 1 6 7 1 11 7 1
80 1208 1 1 1 1 2 1
81 1227 3 3 1 5 0 50 7 0 50 8 0 50
82 1239 7 7 1 0 15 1 3 15 1 6 15 1 7 15 1 8 15 1 9 15 1 13 15 1
83 1280 15 15 1 0 10 1 1 10 1 2 10 1 3 10 1 4 10 1 5 10 1 6 10 1 7 10 1 8 10 1 9 10 1 11 10 1 12 10 1 13 10 1 14 10 1 15 10 1
84 1292 4 4 1 4 5 1 5 6 1 11 5 1 12 5 1
85 1326 7 7 1 0 1 1 1 0 1 2 0 1 3 0 1 7 0 1 8 0 1 9 0 1
86 1326 1 1 1 12 14 1
87 1350 10 5 2 1 4 1 4 5 1 5 4 1 7 4 1 14 4 1 1 6 1 4 6 1 5 6 1 7 6 1 14 6 1
88 1360 4 4 1 11 5 1 12 5 1 13 5 1 14 5 1
89 1395 13 13 1 0 1 1 1 0 1 2 0 1 4 0 1 5 0 1 6 0 1 7 0 1 8 0 1 9 0 1 11 0 1 12 0 1 13 0 1 15 0 1
90 1410 7 7 1 0 14 1 3 14 1 4 14 1 5 14 1 6 14 1 7 14 1 12 14 1
91 1876 225 15 15 0 1 8 1 0 8 2 0 8 3 0 8 4 0 8 5 0 8 6 0 8 7 0 8 8 0 8 9 0 8 10 0 8 12 0 8 13 0 8 14 0 8 15 0 8 0 1 8 1 2 8 2 1 8 3 1 8 4 1 8 5 1 8 6 1 8 7 1 8 8 1 8 9 1 8 10 1 8 12 1 8 13 1 8 14 1 8 15 1 8 0 2 8 1 2 8 2 3 8 3 2 8 4 2 8 5 2 8 6 2 8 7 2 8 8 2 8 9 2 8 10 2 8 12 2 8 13 2 8 14 2 8 15 2 8 0 3 8 1 3 8 2 3 8 3 4 8 4 3 8 5 3 8 6 3 8 7 3 8 8 3 8 9 3 8 10 3 8 12 3 8 13 3 8 14 3 8 15 3 8 0 4 8 1 4 8 2 4 8 3 4 8 4 5 8 5 4 8 6 4 8 7 4 8 8 4 8 9 4 8 10 4 8 12 4 8 13 4 8 14 4 8 15 4 8 0 5 8 1 5 8 2 5 8 3 5 8 4 5 8 5 6 8 6 5 8 7 5 8 8 5 8 9 5 8 10 5 8 12 5 8 13 5 8 14 5 8 15 5 8 0 6 8 1 6 8 2 6 8 3 6 8 4 6 8 5 6 8 6 7 8 7 6 8 8 6 8 9 6 8 10 6 8 12 6 8 13 6 8 14 6 8 15 6 8 0 7 16 1 7 16 2 7 16 3 7 16 4 7 16 5 7 16 6 7 16 7 8 16 8 7 16 9 7 16 10 7 16 12 7 16 13 7 16 14 7 16 15 7 16 0 8 8 1 8 8 2 8 8 3 8 8 4 8 8 5 8 8 6 8 8 7 8 8 8 9 8 9 8 8 10 8 8 12 8 8 13 8 8 14 8 8 15 8 8 0 9 8 1 9 8 2 9 8 3 9 8 4 9 8 5 9 8 6 9 8 7 9 8 8 9 8 9 10 8 10 9 8 12 9 8 13 9 8 14 9 8 15 9 8 0 10 9 1 10 9 2 10 9 3 10 9 4 10 9 5 10 9 6 10 9 7 10 9 8 10 9 9 10 9 10 11 9 12 10 9 13 10 9 14 10 9 15 10 9 0 11 8 1 11 8 2 11 8 3 11 8 4 11 8 5 11 8 6 11 8 7 11 8 8 11 8 9 11 8 10 11 8 12 11 8 13 11 8 14 11 8 15 11 8 0 12 8 1 12 8 2 12 8 3 12 8 4 12 8 5 12 8 6 12 8 7 12 8 8 12 8 9 12 8 10 12 8 12 13 8 13 12 8 14 12 8 15 12 8 0 14 8 1 14 8 2 14 8 3 14 8 4 14 8 5 14 8 6 14 8 7 14 8 8 14 8 9 14 8 10 14 8 12 14 8 13 14 8 14 15 8 15 14 8 0 15 8 1 15 8 2 15 8 3 15 8 4 15 8 5 15 8 6 15 8 7 15 8 8 15 8 9 15 8 10 15 8 12 15 8 13 15 8 14 15 8 15 0 8
92 1877 1 1 1 1 11 1
93 1887 7 7 1 0 2 1 3 2 1 4 2 1 7 2 1 11 2 1 12 2 1 15 2 1
94 1895 3 3 1 8 13 50 9 13 50 11 13 50
95 1903 2 2 1 4 15 2 14 15 2
96 1920 10 5 2 6 1 1 8 1 1 9 1 1 14 1 1 15 1 1 6 8 1 8 9 1 9 8 1 14 8 1 15 8 1
97 1921 1 1 1 15 2 1
98 1924 1 1 1 8 9 1
99 1937 3 3 1 0 3 9 7 3 9 8 3 9
100 1950 7 7 1 0 10 1 2 10 1 5 10 1 6 10 1 8 10 1 9 10 1 13 10 1
101 1954 3 3 1 0 12 2 3 12 2 14 12 2
102 1955 1 1 1 3 1 1
103 1967 7 7 1 3 6 1 6 7 1 7 6 1 11 6 1 13 6 1 14 6 1 15 6 1
104 1969 1 1 1 2 11 1
105 1973 1 1 1 9 10 1
106 1975 2 2 1 4 15 2 12 15 2
107 1989 7 7 1 0 3 1 1 3 1 2 3 1 9 3 1 11 3 1 14 3 1 15 3 1
108 2012 7 7 1 1 2 1 2 1 1 6 1 1 9 1 1 10 1 1 11 1 1 14 1 1
109 2183 75 15 5 0 4 4 1 4 4 2 4 4 3 4 4 4 5 4 5 4 4 6 4 4 7 4 4 8 4 4 9 4 4 10 4 4 11 4 4 12 4 4 13 4 4 14 4 4 0 5 4 1 5 4 2 5 4 3 5 4 4 5 4 5 6 4 6 5 4 7 5 4 8 5 4 9 5 4 10 5 4 11 5 4 12 5 4 13 5 4 14 5 4 0 7 4 1 7 4 2 7 4 3 7 4 4 7 4 5 7 4 6 7 4 7 8 4 8 7 4 9 7 4 10 7 4 11 7 4 12 7 4 13 7 4 14 7 4 0 9 4 1 9 4 2 9 4 3 9 4 4 9 4 5 9 4 6 9 4 7 9 4 8 9 4 9 10 4 10 9 4 11 9 4 12 9 4 13 9 4 14 9 4 0 11 4 1 11 4 2 11 4 3 11 4 4 11 4 5 11 4 6 11 4 7 11 4 8 11 4 9 11 4 10 11 4 11 12 4 12 11 4 13 11 4 14 11 4
110 2186 2 2 1 3 7 21 6 7 21
111 2186 1 1 1 7 12 1
112 2205 13 13 1 1 0 1 2 0 1 3 0 1 4 0 1 5 0 1 6 0 1 7 0 1 8 0 1 9 0 1 10 0 1 12 0 1 14 0 1 15 0 1
113 2211 3 3 1 2 11 1 3 11 1 12 11 1
114 2213 1 1 1 11 12 1
115 2214 1 1 1 6 8 1
116 2218 1 1 1 1 12 1
117 2219 1 1 1 11 3 1
118 2233 4 4 1 7 8 8 9 7 8 10 7 8 14 7 8
119 2249 10 5 2 0 3 1 6 3 1 8 3 1 9 3 1 12 3 1 0 5 1 6 5 1 8 5 1 9 5 1 12 5 1
120 2251 2 2 1 6 2 1 9 2 1
121 2252 2 2 1 6 8 50 13 8 50
122 2259 1 1 1 8 2 1
123 2262 2 2 1 8 12 2 11 12 2
124 2287 13 13 1 0 5 1 1 5 1 2 5 1 3 5 1 5 6 1 6 5 1 7 5 1 8 5 1 10 5 1 12 5 1 13 5 1 14 5 1 15 5 1
125 2310 14 14 1 0 2 1 1 2 1 2 3 1 3 2 1 4 2 1 5 2 1 6 2 1 7 2 1 8 2 1 9 2 1 11 2 1 12 2 1 13 2 1 14 2 1
126 2329 10 5 2 5 1 1 6 1 1 8 1 1 12 1 1 13 1 1 5 11 1 6 11 1 8 11 1 12 11 1 13 11 1
127 2344 1 1 1 4 3 6
128 2345 1 1 1 12 13 1
129 2345 1 1 1 14 13 1
130 2356 7 7 1 0 8 1 1 8 1 4 8 1 6 8 1 8 9 1 9 8 1 11 8 1
131 2394 14 7 2 0 9 2 5 9 2 6 9 2 8 9 2 9 10 2 11 9 2 13 9 2 0 11 2 5 11 2 6 11 2 8 11 2 9 11 2 11 12 2 13 11 2
132 2395 1 1 1 2 7 1
133 2397 1 1 1 13 11 1
134 2397 1 1 1 2 6 1
135 2398 1 1 1 8 10 1
136 2416 7 7 1 3 13 1 4 13 1 6 13 1 8 13 1 9 13 1 12 13 1 13 14 1
137 2418 2 2 1 14 11 50 15 11 50
138 2440 13 13 1 0 6 1 1 6 1 2 6 1 4 6 1 5 6 1 6 7 1 8 6 1 9 6 1 10 6 1 11 6 1 12 6 1 13 6 1 14 6 1
139 2444 3 3 1 1 7 1 2 7 1 3 7 1
140 2445 1 1 1 6 14 1
141 2452 3 3 1 3 9 9 10 9 9 14 9 9
142 2481 7 7 1 3 4 1 5 3 1 7 3 1 10 3 1 11 3 1 12 3 1 15 3 1
143 2492 3 3 1 3 7 1 6 7 1 14 7 1
144 2518 7 7 1 2 5 1 4 5 1 5 6 1 6 5 1 12 5 1 13 5 1 15 5 1
145 2564 16 1 16 4 0 2 4 1 1 4 2 2 4 3 1 4 5 1 4 5 1 4 6 1 4 7 1 4 8 2 4 9 1 4 10 1 4 11 1 4 12 1 4 13 1 4 14 2 4 15 1
146 2573 2 2 1 6 8 22 15 8 22
147 2574 2 2 1 10 5 22 12 5 22
148 2575 1 1 1 3 6 1
149 2575 1 1 1 1 8 1
150 2575 1 1 1 6 15 1
151 2577 1 1 1 6 12 1
152 2582 3 3 1 3 13 1 5 13 1 6 13 1
153 2584 2 2 1 9 15 21 10 15 21
154 2609 7 7 1 6 7 1 7 6 1 9 6 1 10 6 1 11 6 1 13 6 1 15 6 1
155 2614 3 3 1 9 0 50 14 0 50 15 0 50
156 2632 7 7 1 1 5 1 4 5 1 6 5 1 10 5 1 11 5 1 13 5 1 14 5 1
157 2654 15 15 1 0 15 1 1 15 1 2 15 1 3 15 1 4 15 1 6 15 1 7 15 1 8 15 1 9 15 1 10 15 1 11 15 1 12 15 1 13 15 1 14 15 1 15 0 1
158 2656 1 1 1 10 15 1
159 2698 24 8 3 1 5 29 4 5 29 5 6 29 6 5 29 7 5 29 9 5 29 14 5 29 15 5 29 1 9 26 4 9 26 5 9 26 6 9 26 7 9 26 9 10 26 14 9 26 15 9 26 1 13 26 4 13 26 5 13 26 6 13 26 7 13 26 9 13 26 14 13 26 15 13 26
160 2702 1 1 1 10 2 2
161 2703 1 1 1 8 6 50
162 2717 7 7 1 0 14 1 4 14 1 8 14 1 9 14 1 10 14 1 11 14 1 14 15 1
163 2718 1 1 1 15 14 50
164 2730 2 2 1 6 15 1 10 15 1
165 2734 1 1 1 15 3 1
166 2734 1 1 1 4 5 50
167 2736 1 1 1 12 1 50
168 2741 1 1 1 0 2 1
169 2746 1 1 1 9 2 1
170 2746 1 1 1 2 7 1
171 2750 1 1 1 10 13 1
172 2760 7 7 1 1 2 1 4 2 1 5 2 1 6 2 1 10 2 1 11 2 1 14 2 1
173 2781 7 7 1 1 13 1 2 13 1 5 13 1 8 13 1 9 13 1 10 13 1 13 14 1
174 2783 1 1 1 0 12 1
175 2786 2 2 1 6 15 21 13 15 21
176 2792 1 1 1 15 2 1
177 2798 1 1 1 12 0 1
178 2809 2 2 1 13 15 31 15 0 31
179 2835 14 14 1 1 15 50 2 15 50 3 15 50 4 15 50 5 15 50 6 15 50 7 15 50 8 15 50 9 15 50 10 15 50 11 15 50 12 15 50 13 15 50 15 0 50
180 2838 2 2 1 0 4 5 7 4 5
181 2868 13 13 1 0 13 1 1 13 1 2 13 1 3 13 1 5 13 1 6 13 1 7 13 1 8 13 1 9 13 1 10 13 1 11 13 1 13 14 1 15 13 1
182 2915 13 13 1 0 12 1 1 12 1 2 12 1 3 12 1 5 12 1 6 12 1 7 12 1 8 12 1 9 12 1 11 12 1 12 13 1 14 12 1 15 12 1
183 2941 14 14 1 0 9 1 1 9 1 2 9 1 3 9 1 5 9 1 6 9 1 7 9 1 8 9 1 9 10 1 10 9 1 12 9 1 13 9 1 14 9 1 15 9 1
184 3346 180 12 15 0 1 4 1 0 4 2 0 4 3 0 4 4 0 4 5 0 4 7 0 4 9 0 4 12 0 4 13 0 4 14 0 4 15 0 4 0 1 4 1 2 4 2 1 4 3 1 4 4 1 4 5 1 4 7 1 4 9 1 4 12 1 4 13 1 4 14 1 4 15 1 4 0 2 4 1 2 4 2 3 4 3 2 4 4 2 4 5 2 4 7 2 4 9 2 4 12 2 4 13 2 4 14 2 4 15 2 4 0 3 4 1 3 4 2 3 4 3 4 4 4 3 4 5 3 4 7 3 4 9 3 4 12 3 4 13 3 4 14 3 4 15 3 4 0 4 4 1 4 4 2 4 4 3 4 4 4 5 4 5 4 4 7 4 4 9 4 4 12 4 4 13 4 4 14 4 4 15 4 4 0 5 8 1 5 8 2 5 8 3 5 8 4 5 8 5 6 8 7 5 8 9 5 8 12 5 8 13 5 8 14 5 8 15 5 8 0 6 5 1 6 5 2 6 5 3 6 5 4 6 5 5 6 5 7 6 5 9 6 5 12 6 5 13 6 5 14 6 5 15 6 5 0 7 4 1 7 4 2 7 4 3 7 4 4 7 4 5 7 4 7 8 4 9 7 4 12 7 4 13 7 4 14 7 4 15 7 4 0 8 4 1 8 4 2 8 4 3 8 4 4 8 4 5 8 4 7 8 4 9 8 4 12 8 4 13 8 4 14 8 4 15 8 4 0 9 4 1 9 4 2 9 4 3 9 4 4 9 4 5 9 4 7 9 4 9 10 4 12 9 4 13 9 4 14 9 4 15 9 4 0 10 4 1 10 4 2 10 4 3 10 4 4 10 4 5 10 4 7 10 4 9 10 4 12 10 4 13 10 4 14 10 4 15 10 4 0 11 4 1 11 4 2 11 4 3 11 4 4 11 4 5 11 4 7 11 4 9 11 4 12 11 4 13 11 4 14 11 4 15 11 4 0 13 4 1 13 4 2 13 4 3 13 4 4 13 4 5 13 4 7 13 4 9 13 4 12 13 4 13 14 4 14 13 4 15 13 4 0 14 4 1 14 4 2 14 4 3 14 4 4 14 4 5 14 4 7 14 4 9 14 4 12 14 4 13 14 4 14 15 4 15 14 4 0 15 4 1 15 4 2 15 4 3 15 4 4 15 4 5 15 4 7 15 4 9 15 4 12 15 4 13 15 4 14 15 4 15 0 4
185 3512 75 15 5 0 2 5 1 2 5 2 3 5 3 2 5 4 2 5 5 2 5 6 2 5 7 2 5 8 2 5 9 2 5 10 2 5 11 2 5 12 2 5 13 2 5 14 2 5 0 5 5 1 5 5 2 5 5 3 5 5 4 5 5 5 6 5 6 5 5 7 5 5 8 5 5 9 5 5 10 5 5 11 5 5 12 5 5 13 5 5 14 5 5 0 7 5 1 7 5 2 7 5 3 7 5 4 7 5 5 7 5 6 7 5 7 8 5 8 7 5 9 7 5 10 7 5 11 7 5 12 7 5 13 7 5 14 7 5 0 9 5 1 9 5 2 9 5 3 9 5 4 9 5 5 9 5 6 9 5 7 9 5 8 9 5 9 10 5 10 9 5 11 9 5 12 9 5 13 9 5 14 9 5 0 15 5 1 15 5 2 15 5 3 15 5 4 15 5 5 15 5 6 15 5 7 15 5 8 15 5 9 15 5 10 15 5 11 15 5 12 15 5 13 15 5 14 15 5
186 3513 1 1 1 6 3 1
187 3516 1 1 1 2 14 1
188 3518 2 2 1 3 11 41 12 11 41
189 3519 2 2 1 0 12 5 4 12 5
190 3529 7 7 1 1 4 1 3 4 1 5 4 1 12 4 1 13 4 1 14 4 1 15 4 1
191 3529 1 1 1 9 0 1
192 3530 1 1 1 13 0 1
193 3531 1 1 1 6 9 6
194 3533 1 1 1 5 4 1
195 3558 10 5 2 1 2 1 9 2 1 11 2 1 13 2 1 15 2 1 1 14 1 9 14 1 11 14 1 13 14 1 15 14 1
196 3603 24 8 3 1 2 29 3 1 29 5 1 29 6 1 29 7 1 29 9 1 29 11 1 29 12 1 29 1 11 26 3 11 26 5 11 26 6 11 26 7 11 26 9 11 26 11 12 26 12 11 26 1 14 26 3 14 26 5 14 26 6 14 26 7 14 26 9 14 26 11 14 26 12 14 26
197 3614 3 3 1 2 10 2 5 10 2 8 10 2
198 3616 1 1 1 14 10 1
199 3636 13 13 1 0 13 1 2 13 1 3 13 1 4 13 1 5 13 1 6 13 1 7 13 1 9 13 1 10 13 1 12 13 1 13 14 1 14 13 1 15 13 1
