16 200
0 11 13 13 1 0 6 1 1 6 1 2 6 1 4 6 1 6 7 1 7 6 1 8 6 1 10 6 1 11 6 1 12 6 1 13 6 1 14 6 1 15 6 1
1 16 3 3 1 3 9 1 4 9 1 15 9 1
2 41 14 14 1 0 6 1 1 6 1 2 6 1 3 6 1 4 6 1 5 6 1 6 7 1 7 6 1 8 6 1 9 6 1 11 6 1 12 6 1 13 6 1 14 6 1
3 49 5 5 1 0 14 6 5 14 6 6 14 6 13 14 6 15 14 6
4 53 2 2 1 0 11 1 10 11 1
5 69 14 14 1 0 5 1 1 5 1 2 5 1 3 5 1 4 5 1 5 6 1 6 5 1 7 5 1 9 5 1 10 5 1 12 5 1 13 5 1 14 5 1 15 5 1
6 70 2 2 1 4 8 19 12 8 19
7 90 15 15 1 0 14 1 1 14 1 2 14 1 3 14 1 5 14 1 6 14 1 7 14 1 8 14 1 9 14 1 10 14 1 11 14 1 12 14 1 13 14 1 14 15 1 15 14 1
8 93 1 1 1 2 8 1
9 113 7 7 1 2 3 1 5 2 1 6 2 1 7 2 1 8 2 1 9 2 1 11 2 1
10 144 15 3 5 2 0 1 6 0 1 15 0 1 2 3 1 6 2 1 15 2 1 2 5 1 6 5 1 15 5 1 2 9 1 6 9 1 15 9 1 2 12 1 6 12 1 15 12 1
11 155 7 7 1 1 7 1 3 7 1 4 7 1 11 7 1 13 7 1 14 7 1 15 7 1
12 158 1 1 1 2 11 1
13 172 7 7 1 1 6 1 2 6 1 4 6 1 5 6 1 7 6 1 9 6 1 10 6 1
14 232 28 14 1 0 14 50 0 14 8 1 14 50 1 14 8 2 14 50 2 14 8 3 14 50 3 14 8 5 14 50 5 14 8 6 14 50 6 14 8 8 14 50 8 14 8 9 14 50 9 14 8 10 14 50 10 14 8 11 14 50 11 14 8 12 14 50 12 14 8 13 14 50 13 14 8 14 15 50 14 15 8 15 14 50 15 14 8
15 261 14 14 1 0 1 1 2 1 1 4 1 1 5 1 1 6 1 1 7 1 1 8 1 1 9 1 1 10 1 1 11 1 1 12 1 1 13 1 1 14 1 1 15 1 1
16 263 2 2 1 0 13 22 14 13 22
17 263 1 1 1 1 11 1
18 266 2 2 1 5 10 24 10 11 24
19 268 1 1 1 10 14 1
20 268 1 1 1 4 3 1
21 274 3 3 1 4 5 2 5 6 2 11 5 2
22 284 2 2 1 7 8 41 8 9 41
23 289 4 4 1 0 2 32 1 2 32 3 2 32 10 2 32
24 297 6 2 1 4 6 50 4 6 50 4 6 23 11 6 50 11 6 50 11 6 23
25 297 1 1 1 1 9 1
26 298 1 1 1 14 5 1
27 313 7 7 1 0 10 1 2 10 1 3 10 1 8 10 1 9 10 1 10 11 1 11 10 1
28 317 4 4 1 8 15 1 9 15 1 13 15 1 14 15 1
29 319 1 1 1 13 14 1
30 320 2 2 1 5 13 22 15 13 22
31 320 1 1 1 3 7 7
32 322 1 1 1 2 9 1
33 323 1 1 1 8 10 1
34 489 75 15 5 0 2 4 1 2 4 2 3 4 3 2 4 4 2 4 5 2 4 6 2 4 7 2 4 8 2 4 9 2 4 11 2 4 12 2 4 13 2 4 14 2 4 15 2 4 0 5 4 1 5 4 2 5 4 3 5 4 4 5 4 5 6 4 6 5 4 7 5 4 8 5 4 9 5 4 11 5 4 12 5 4 13 5 4 14 5 4 15 5 4 0 9 4 1 9 4 2 9 4 3 9 4 4 9 4 5 9 4 6 9 4 7 9 4 8 9 4 9 10 4 11 9 4 12 9 4 13 9 4 14 9 4 15 9 4 0 12 4 1 12 4 2 12 4 3 12 4 4 12 4 5 12 4 6 12 4 7 12 4 8 12 4 9 12 4 11 12 4 12 13 4 13 12 4 14 12 4 15 12 4 0 13 4 1 13 4 2 13 4 3 13 4 4 13 4 5 13 4 6 13 4 7 13 4 8 13 4 9 13 4 11 13 4 12 13 4 13 14 4 14 13 4 15 13 4
35 492 2 2 1 8 9 1 14 8 1
36 492 1 1 1 7 12 1
37 493 1 1 1 0 10 1
38 495 2 2 1 5 1 1 12 1 1
39 524 15 15 1 0 2 1 1 2 1 2 3 1 3 2 1 4 2 1 5 2 1 6 2 1 7 2 1 9 2 1 10 2 1 11 2 1 12 2 1 13 2 1 14 2 1 15 2 1
40 525 3 3 1 4 0 1 8 0 1 14 0 1
41 542 13 13 1 0 2 1 1 2 1 3 2 1 4 2 1 5 2 1 6 2 1 7 2 1 8 2 1 10 2 1 11 2 1 12 2 1 13 2 1 14 2 1
42 546 2 2 1 4 3 25 12 3 25
43 559 7 7 1 0 3 1 2 3 1 6 3 1 7 3 1 8 3 1 11 3 1 14 3 1
44 560 1 1 1 4 5 1
45 567 3 3 1 2 3 1 9 2 1 11 2 1
46 659 75 15 5 0 1 4 1 2 4 2 1 4 3 1 4 4 1 4 5 1 4 7 1 4 8 1 4 9 1 4 10 1 4 11 1 4 12 1 4 13 1 4 14 1 4 15 1 4 0 3 4 1 3 4 2 3 4 3 4 4 4 3 4 5 3 4 7 3 4 8 3 4 9 3 4 10 3 4 11 3 4 12 3 4 13 3 4 14 3 4 15 3 4 0 4 4 1 4 4 2 4 4 3 4 4 4 5 4 5 4 4 7 4 4 8 4 4 9 4 4 10 4 4 11 4 4 12 4 4 13 4 4 14 4 4 15 4 4 0 8 4 1 8 4 2 8 4 3 8 4 4 8 4 5 8 4 7 8 4 8 9 4 9 8 4 10 8 4 11 8 4 12 8 4 13 8 4 14 8 4 15 8 4 0 14 4 1 14 4 2 14 4 3 14 4 4 14 4 5 14 4 7 14 4 8 14 4 9 14 4 10 14 4 11 14 4 12 14 4 13 14 4 14 15 4 15 14 4
47 660 1 1 1 6 0 1
48 679 14 14 1 0 1 1 1 0 1 2 0 1 3 0 1 4 0 1 5 0 1 7 0 1 8 0 1 9 0 1 10 0 1 12 0 1 13 0 1 14 0 1 15 0 1
49 697 14 14 1 0 9 1 1 9 1 2 9 1 3 9 1 4 9 1 6 9 1 7 9 1 8 9 1 9 10 1 11 9 1 12 9 1 13 9 1 14 9 1 15 9 1
50 720 14 14 1 0 10 1 1 10 1 3 10 1 4 10 1 6 10 1 7 10 1 8 10 1 9 10 1 10 11 1 11 10 1 12 10 1 13 10 1 14 10 1 15 10 1
51 738 14 14 1 1 8 1 2 8 1 3 8 1 4 8 1 5 8 1 6 8 1 7 8 1 8 9 1 9 8 1 10 8 1 11 8 1 12 8 1 13 8 1 14 8 1
52 738 1 1 1 5 4 1
53 758 7 7 1 1 2 1 2 3 1 3 2 1 7 2 1 11 2 1 12 2 1 15 2 1
54 766 6 2 1 2 8 50 2 8 50 2 8 23 3 8 50 3 8 50 3 8 23
55 767 1 1 1 9 2 1
56 769 2 2 1 1 14 5 8 14 5
57 769 1 1 1 5 3 1
58 770 1 1 1 14 15 1
59 787 8 8 1 0 12 1 3 12 1 4 12 1 11 12 1 12 13 1 13 12 1 14 12 1 15 12 1
60 787 1 1 1 6 4 1
61 835 24 8 3 0 7 29 2 7 29 4 7 29 7 8 29 9 7 29 11 7 29 12 7 29 13 7 29 0 14 26 2 14 26 4 14 26 7 14 26 9 14 26 11 14 26 12 14 26 13 14 26 0 15 26 2 15 26 4 15 26 7 15 26 9 15 26 11 15 26 12 15 26 13 15 26
62 838 1 1 1 11 1 1
63 841 1 1 1 1 3 1
64 856 12 1 1 7 10 50 7 10 50 7 10 50 7 10 50 7 10 50 7 10 50 7 10 50 7 10 50 7 10 50 7 10 50 7 10 50 7 10 33
65 866 7 7 1 1 11 1 3 11 1 5 11 1 10 11 1 11 12 1 12 11 1 15 11 1
66 866 1 1 1 2 6 1
67 867 1 1 1 15 5 1
68 869 1 1 1 15 2 1
69 914 24 8 3 0 5 29 6 5 29 8 5 29 10 5 29 12 5 29 13 5 29 14 5 29 15 5 29 0 10 26 6 10 26 8 10 26 10 11 26 12 10 26 13 10 26 14 10 26 15 10 26 0 13 26 6 13 26 8 13 26 10 13 26 12 13 26 13 14 26 14 13 26 15 13 26
70 925 4 2 1 4 2 50 4 2 5 15 2 50 15 2 5
71 943 14 14 1 1 2 1 2 3 1 3 2 1 4 2 1 6 2 1 7 2 1 8 2 1 9 2 1 10 2 1 11 2 1 12 2 1 13 2 1 14 2 1 15 2 1
72 944 3 3 1 5 3 2 10 3 2 13 3 2
73 947 2 2 1 0 10 31 2 10 31
74 948 1 1 1 10 15 1
75 955 3 3 1 0 11 1 5 11 1 15 11 1
76 983 13 13 1 0 11 1 1 11 1 2 11 1 4 11 1 7 11 1 8 11 1 9 11 1 10 11 1 11 12 1 12 11 1 13 11 1 14 11 1 15 11 1
77 988 1 1 1 8 9 1
78 989 2 2 1 4 8 1 11 8 1
79 1002 7 7 1 1 12 1 3 12 1 4 12 1 7 12 1 10 12 1 13 12 1 15 12 1
80 1004 1 1 1 6 7 1
81 1017 7 7 1 3 15 1 5 15 1 7 15 1 8 15 1 9 15 1 13 15 1 15 0 1
82 1020 2 2 1 1 3 21 15 3 21
83 1021 1 1 1 0 5 1
84 1027 1 1 1 7 0 1
85 1029 1 1 1 4 13 1
86 1030 1 1 1 3 14 1
87 1049 15 15 1 0 4 1 1 4 1 2 4 1 3 4 1 4 5 1 5 4 1 6 4 1 7 4 1 8 4 1 9 4 1 10 4 1 11 4 1 12 4 1 13 4 1 15 4 1
88 1050 2 2 1 12 5 45 13 5 45
89 1050 3 3 1 4 14 1 13 14 1 15 14 1
90 1052 1 1 1 7 3 1
91 1056 3 3 1 2 0 2 7 0 2 13 0 2
92 1063 10 5 2 2 10 1 8 10 1 9 10 1 13 10 1 14 10 1 2 14 1 8 14 1 9 14 1 13 14 1 14 15 1
93 1063 1 1 1 11 13 1
94 1078 7 7 1 0 1 1 2 0 1 4 0 1 5 0 1 8 0 1 10 0 1 13 0 1
95 1078 1 1 1 4 11 1
96 1086 2 1 1 6 3 50 6 3 9
97 1087 3 3 1 8 1 1 10 1 1 11 1 1
98 1089 2 2 1 5 7 1 10 7 1
99 1095 6 2 1 8 14 50 8 14 50 8 14 18 10 14 50 10 14 50 10 14 18
100 1096 1 1 1 9 1 1
101 1187 60 4 15 0 1 2 1 0 2 4 0 2 10 0 2 0 1 2 1 2 2 4 1 2 10 1 2 0 2 2 1 2 2 4 2 2 10 2 2 0 3 2 1 3 2 4 3 2 10 3 2 0 4 2 1 4 2 4 5 2 10 4 2 0 5 5 1 5 5 4 5 5 10 5 5 0 6 3 1 6 3 4 6 3 10 6 3 0 7 2 1 7 2 4 7 2 10 7 2 0 9 2 1 9 2 4 9 2 10 9 2 0 10 2 1 10 2 4 10 2 10 11 2 0 11 2 1 11 2 4 11 2 10 11 2 0 12 2 1 12 2 4 12 2 10 12 2 0 13 2 1 13 2 4 13 2 10 13 2 0 14 2 1 14 2 4 14 2 10 14 2 0 15 2 1 15 2 4 15 2 10 15 2
102 1199 7 7 1 1 14 1 2 14 1 5 14 1 7 14 1 8 14 1 9 14 1 10 14 1
103 1215 7 7 1 2 10 1 3 10 1 7 10 1 9 10 1 10 11 1 11 10 1 13 10 1
104 1216 3 3 1 0 3 1 12 3 1 15 3 1
105 1217 1 1 1 4 5 1
106 1223 3 3 1 1 11 1 7 11 1 8 11 1
107 1225 4 4 1 0 5 1 4 5 1 5 6 1 9 5 1
108 1229 2 2 1 8 11 1 13 11 1
109 1250 13 13 1 0 12 1 2 12 1 3 12 1 4 12 1 5 12 1 7 12 1 9 12 1 10 12 1 11 12 1 12 13 1 13 12 1 14 12 1 15 12 1
110 1292 15 15 1 0 15 1 1 15 1 2 15 1 3 15 1 4 15 1 5 15 1 6 15 1 7 15 1 8 15 1 9 15 1 10 15 1 11 15 1 13 15 1 14 15 1 15 0 1
111 1297 7 7 1 2 13 1 3 13 1 6 13 1 8 13 1 11 13 1 13 14 1 14 13 1
112 1298 1 1 1 8 4 1
113 1301 3 3 1 6 7 1 10 6 1 14 6 1
114 1305 2 2 1 4 7 21 6 7 21
115 1321 7 7 1 1 5 1 4 5 1 7 5 1 9 5 1 10 5 1 12 5 1 15 5 1
116 1321 1 1 1 7 9 1
117 1321 1 1 1 12 2 1
118 1616 182 13 14 0 1 40 1 0 40 2 0 40 3 0 40 4 0 40 5 0 40 8 0 40 9 0 40 10 0 40 12 0 40 13 0 40 14 0 40 15 0 40 0 1 20 1 2 20 2 1 20 3 1 20 4 1 20 5 1 20 8 1 20 9 1 20 10 1 20 12 1 20 13 1 20 14 1 20 15 1 20 0 2 20 1 2 20 2 3 20 3 2 20 4 2 20 5 2 20 8 2 20 9 2 20 10 2 20 12 2 20 13 2 20 14 2 20 15 2 20 0 3 20 1 3 20 2 3 20 3 4 20 4 3 20 5 3 20 8 3 20 9 3 20 10 3 20 12 3 20 13 3 20 14 3 20 15 3 20 0 5 20 1 5 20 2 5 20 3 5 20 4 5 20 5 6 20 8 5 20 9 5 20 10 5 20 12 5 20 13 5 20 14 5 20 15 5 20 0 6 20 1 6 20 2 6 20 3 6 20 4 6 20 5 6 20 8 6 20 9 6 20 10 6 20 12 6 20 13 6 20 14 6 20 15 6 20 0 7 23 1 7 23 2 7 23 3 7 23 4 7 23 5 7 23 8 7 23 9 7 23 10 7 23 12 7 23 13 7 23 14 7 23 15 7 23 0 9 20 1 9 20 2 9 20 3 9 20 4 9 20 5 9 20 8 9 20 9 10 20 10 9 20 12 9 20 13 9 20 14 9 20 15 9 20 0 10 20 1 10 20 2 10 20 3 10 20 4 10 20 5 10 20 8 10 20 9 10 20 10 11 20 12 10 20 13 10 20 14 10 20 15 10 20 0 11 41 1 11 41 2 11 41 3 11 41 4 11 41 5 11 41 8 11 41 9 11 41 10 11 41 12 11 41 13 11 41 14 11 41 15 11 41 0 12 20 1 12 20 2 12 20 3 12 20 4 12 20 5 12 20 8 12 20 9 12 20 10 12 20 12 13 20 13 12 20 14 12 20 15 12 20 0 13 20 1 13 20 2 13 20 3 13 20 4 13 20 5 13 20 8 13 20 9 13 20 10 13 20 12 13 20 13 14 20 14 13 20 15 13 20 0 14 20 1 14 20 2 14 20 3 14 20 4 14 20 5 14 20 8 14 20 9 14 20 10 14 20 12 14 20 13 14 20 14 15 20 15 14 20 0 15 20 1 15 20 2 15 20 3 15 20 4 15 20 5 15 20 8 15 20 9 15 20 10 15 20 12 15 20 13 15 20 14 15 20 15 0 20
119 1616 1 1 1 10 12 1
120 1617 1 1 1 5 13 1
121 1623 5 5 1 0 4 1 1 4 1 4 5 1 13 4 1 14 4 1
122 1624 1 1 1 1 0 1
123 1626 1 1 1 1 9 1
124 1630 3 3 1 6 13 1 7 13 1 8 13 1
125 1631 1 1 1 1 8 1
126 1641 10 5 2 0 1 1 9 1 1 11 1 1 12 1 1 13 1 1 0 4 1 9 4 1 11 4 1 12 4 1 13 4 1
127 1646 7 7 1 2 5 1 5 6 1 6 5 1 7 5 1 9 5 1 11 5 1 14 5 1
128 1662 7 7 1 0 7 1 1 7 1 5 7 1 6 7 1 12 7 1 14 7 1 15 7 1
129 1667 3 3 1 7 13 1 9 13 1 15 13 1
130 1671 2 2 1 12 15 1 14 15 1
131 1672 1 1 1 8 6 1
132 1673 2 2 1 3 10 2 8 10 2
133 1679 3 3 1 0 11 1 6 11 1 14 11 1
134 1680 2 2 1 3 8 1 15 8 1
135 1695 13 13 1 1 3 1 2 3 1 3 4 1 4 3 1 5 3 1 6 3 1 7 3 1 8 3 1 9 3 1 10 3 1 11 3 1 12 3 1 13 3 1
136 1803 75 15 5 1 2 4 2 3 4 3 2 4 4 2 4 5 2 4 6 2 4 7 2 4 8 2 4 9 2 4 10 2 4 11 2 4 12 2 4 13 2 4 14 2 4 15 2 4 1 3 4 2 3 4 3 4 4 4 3 4 5 3 4 6 3 4 7 3 4 8 3 4 9 3 4 10 3 4 11 3 4 12 3 4 13 3 4 14 3 4 15 3 4 1 8 4 2 8 4 3 8 4 4 8 4 5 8 4 6 8 4 7 8 4 8 9 4 9 8 4 10 8 4 11 8 4 12 8 4 13 8 4 14 8 4 15 8 4 1 13 4 2 13 4 3 13 4 4 13 4 5 13 4 6 13 4 7 13 4 8 13 4 9 13 4 10 13 4 11 13 4 12 13 4 13 14 4 14 13 4 15 13 4 1 14 4 2 14 4 3 14 4 4 14 4 5 14 4 6 14 4 7 14 4 8 14 4 9 14 4 10 14 4 11 14 4 12 14 4 13 14 4 14 15 4 15 14 4
137 1835 14 7 2 0 2 2 5 2 2 10 2 2 11 2 2 12 2 2 14 2 2 15 2 2 0 11 2 5 11 2 10 11 2 11 12 2 12 11 2 14 11 2 15 11 2
138 1851 7 7 1 0 15 1 1 15 1 3 15 1 5 15 1 9 15 1 12 15 1 13 15 1
139 1855 1 1 1 3 5 1
140 2229 203 7 7 1 0 50 1 0 50 1 0 50 1 0 48 4 0 50 4 0 50 4 0 50 4 0 48 7 0 50 7 0 50 7 0 50 7 0 48 10 0 50 10 0 50 10 0 50 10 0 48 11 0 50 11 0 50 11 0 50 11 0 48 12 0 50 12 0 50 12 0 50 12 0 48 14 0 50 14 0 50 14 0 50 14 0 48 1 2 50 1 2 50 1 2 50 1 2 48 4 1 50 4 1 50 4 1 50 4 1 48 7 1 50 7 1 50 7 1 50 7 1 48 10 1 50 10 1 50 10 1 50 10 1 48 11 1 50 11 1 50 11 1 50 11 1 48 12 1 50 12 1 50 12 1 50 12 1 48 14 1 50 14 1 50 14 1 50 14 1 48 1 2 50 1 2 50 1 2 50 1 2 50 1 2 12 4 2 50 4 2 50 4 2 50 4 2 50 4 2 12 7 2 50 7 2 50 7 2 50 7 2 50 7 2 12 10 2 50 10 2 50 10 2 50 10 2 50 10 2 12 11 2 50 11 2 50 11 2 50 11 2 50 11 2 12 12 2 50 12 2 50 12 2 50 12 2 50 12 2 12 14 2 50 14 2 50 14 2 50 14 2 50 14 2 12 1 7 50 1 7 50 1 7 50 1 7 48 4 7 50 4 7 50 4 7 50 4 7 48 7 8 50 7 8 50 7 8 50 7 8 48 10 7 50 10 7 50 10 7 50 10 7 48 11 7 50 11 7 50 11 7 50 11 7 48 12 7 50 12 7 50 12 7 50 12 7 48 14 7 50 14 7 50 14 7 50 14 7 48 1 11 50 1 11 50 1 11 50 1 11 48 4 11 50 4 11 50 4 11 50 4 11 48 7 11 50 7 11 50 7 11 50 7 11 48 10 11 50 10 11 50 10 11 50 10 11 48 11 12 50 11 12 50 11 12 50 11 12 48 12 11 50 12 11 50 12 11 50 12 11 48 14 11 50 14 11 50 14 11 50 14 11 48 1 12 50 1 12 50 1 12 50 1 12 48 4 12 50 4 12 50 4 12 50 4 12 48 7 12 50 7 12 50 7 12 50 7 12 48 10 12 50 10 12 50 10 12 50 10 12 48 11 12 50 11 12 50 11 12 50 11 12 48 12 13 50 12 13 50 12 13 50 12 13 48 14 12 50 14 12 50 14 12 50 14 12 48 1 14 50 1 14 50 1 14 50 1 14 48 4 14 50 4 14 50 4 14 50 4 14 48 7 14 50 7 14 50 7 14 50 7 14 48 10 14 50 10 14 50 10 14 50 10 14 48 11 14 50 11 14 50 11 14 50 11 14 48 12 14 50 12 14 50 12 14 50 12 14 48 14 15 50 14 15 50 14 15 50 14 15 48
141 2255 13 13 1 0 11 1 1 11 1 2 11 1 3 11 1 4 11 1 5 11 1 7 11 1 9 11 1 10 11 1 11 12 1 12 11 1 14 11 1 15 11 1
142 2257 2 2 1 0 1 23 4 0 23
143 2260 3 3 1 8 15 1 9 15 1 14 15 1
144 2267 6 3 1 10 5 50 10 5 12 11 5 50 11 5 12 14 5 50 14 5 12
145 2268 1 1 1 7 3 1
146 2269 1 1 1 12 9 7
147 2269 1 1 1 4 0 1
148 2299 13 13 1 0 14 1 1 14 1 2 14 1 5 14 1 7 14 1 8 14 1 9 14 1 10 14 1 11 14 1 12 14 1 13 14 1 14 15 1 15 14 1
149 2301 1 1 1 11 10 1
150 2301 2 2 1 7 15 25 10 15 25
151 2326 15 15 1 0 10 1 1 10 1 2 10 1 3 10 1 4 10 1 5 10 1 6 10 1 7 10 1 8 10 1 9 10 1 10 11 1 11 10 1 12 10 1 13 10 1 14 10 1
152 2326 1 1 1 12 8 3
153 2335 4 2 1 6 9 50 6 9 26 12 9 50 12 9 26
154 2341 4 2 1 6 14 50 6 14 1 14 15 50 14 15 1
155 2343 1 1 1 9 10 1
156 2361 13 1 1 6 9 50 6 9 50 6 9 50 6 9 50 6 9 50 6 9 50 6 9 50 6 9 50 6 9 50 6 9 50 6 9 50 6 9 50 6 9 38
157 2362 1 1 1 10 15 1
158 2368 1 1 1 5 6 1
159 2468 60 10 3 0 1 50 0 1 21 1 2 50 1 2 21 4 1 50 4 1 21 5 1 50 5 1 21 6 1 50 6 1 21 7 1 50 7 1 21 8 1 50 8 1 21 10 1 50 10 1 21 11 1 50 11 1 21 13 1 50 13 1 21 0 5 50 0 5 21 1 5 50 1 5 21 4 5 50 4 5 21 5 6 50 5 6 21 6 5 50 6 5 21 7 5 50 7 5 21 8 5 50 8 5 21 10 5 50 10 5 21 11 5 50 11 5 21 13 5 50 13 5 21 0 13 50 0 13 8 1 13 50 1 13 8 4 13 50 4 13 8 5 13 50 5 13 8 6 13 50 6 13 8 7 13 50 7 13 8 8 13 50 8 13 8 10 13 50 10 13 8 11 13 50 11 13 8 13 14 50 13 14 8
160 2469 2 2 1 1 3 25 12 3 25
161 2472 2 2 1 7 11 24 14 11 24
162 2472 1 1 1 15 10 1
163 2474 1 1 1 1 15 1
164 2476 1 1 1 0 12 1
165 2476 1 1 1 15 4 1
166 2487 5 5 1 0 9 1 2 9 1 6 9 1 10 9 1 12 9 1
167 2500 11 11 1 1 11 1 2 11 1 3 11 1 4 11 1 5 11 1 7 11 1 8 11 1 10 11 1 12 11 1 13 11 1 15 11 1
168 2807 182 13 14 0 1 40 1 0 40 2 0 40 4 0 40 5 0 40 6 0 40 7 0 40 9 0 40 11 0 40 12 0 40 13 0 40 14 0 40 15 0 40 0 2 20 1 2 20 2 3 20 4 2 20 5 2 20 6 2 20 7 2 20 9 2 20 11 2 20 12 2 20 13 2 20 14 2 20 15 2 20 0 3 20 1 3 20 2 3 20 4 3 20 5 3 20 6 3 20 7 3 20 9 3 20 11 3 20 12 3 20 13 3 20 14 3 20 15 3 20 0 4 20 1 4 20 2 4 20 4 5 20 5 4 20 6 4 20 7 4 20 9 4 20 11 4 20 12 4 20 13 4 20 14 4 20 15 4 20 0 5 20 1 5 20 2 5 20 4 5 20 5 6 20 6 5 20 7 5 20 9 5 20 11 5 20 12 5 20 13 5 20 14 5 20 15 5 20 0 6 20 1 6 20 2 6 20 4 6 20 5 6 20 6 7 20 7 6 20 9 6 20 11 6 20 12 6 20 13 6 20 14 6 20 15 6 20 0 7 23 1 7 23 2 7 23 4 7 23 5 7 23 6 7 23 7 8 23 9 7 23 11 7 23 12 7 23 13 7 23 14 7 23 15 7 23 0 8 20 1 8 20 2 8 20 4 8 20 5 8 20 6 8 20 7 8 20 9 8 20 11 8 20 12 8 20 13 8 20 14 8 20 15 8 20 0 9 20 1 9 20 2 9 20 4 9 20 5 9 20 6 9 20 7 9 20 9 10 20 11 9 20 12 9 20 13 9 20 14 9 20 15 9 20 0 10 41 1 10 41 2 10 41 4 10 41 5 10 41 6 10 41 7 10 41 9 10 41 11 10 41 12 10 41 13 10 41 14 10 41 15 10 41 0 11 20 1 11 20 2 11 20 4 11 20 5 11 20 6 11 20 7 11 20 9 11 20 11 12 20 12 11 20 13 11 20 14 11 20 15 11 20 0 12 20 1 12 20 2 12 20 4 12 20 5 12 20 6 12 20 7 12 20 9 12 20 11 12 20 12 13 20 13 12 20 14 12 20 15 12 20 0 14 20 1 14 20 2 14 20 4 14 20 5 14 20 6 14 20 7 14 20 9 14 20 11 14 20 12 14 20 13 14 20 14 15 20 15 14 20 0 15 20 1 15 20 2 15 20 4 15 20 5 15 20 6 15 20 7 15 20 9 15 20 11 15 20 12 15 20 13 15 20 14 15 20 15 0 20
169 2810 5 5 1 0 8 1 1 8 1 7 8 1 8 9 1 12 8 1
170 2853 14 14 1 1 8 1 2 8 1 3 8 1 4 8 1 5 8 1 6 8 1 7 8 1 8 9 1 10 8 1 11 8 1 12 8 1 13 8 1 14 8 1 15 8 1
171 2855 1 1 1 4 1 7
172 2856 1 1 1 5 0 3
173 2856 1 1 1 11 8 1
174 2857 1 1 1 1 2 1
175 2883 14 14 1 0 1 1 2 1 1 3 1 1 4 1 1 5 1 1 6 1 1 7 1 1 8 1 1 10 1 1 11 1 1 12 1 1 13 1 1 14 1 1 15 1 1
176 2887 2 2 1 10 6 41 13 6 41
177 2894 1 1 1 10 9 1
178 2894 1 1 1 6 3 1
179 2902 4 2 1 14 10 50 14 10 2 15 10 50 15 10 2
180 2903 1 1 1 0 15 1
181 2914 7 7 1 3 2 1 5 2 1 9 2 1 10 2 1 12 2 1 14 2 1 15 2 1
182 2918 2 2 1 2 11 25 14 11 25
183 2941 13 13 1 0 8 1 1 8 1 2 8 1 6 8 1 7 8 1 8 9 1 9 8 1 10 8 1 11 8 1 12 8 1 13 8 1 14 8 1 15 8 1
184 2958 10 5 2 0 1 47 1 0 47 4 0 47 5 0 47 14 0 47 0 7 47 1 7 47 4 7 47 5 7 47 14 7 47
185 3221 180 12 15 1 0 4 2 0 4 4 0 4 5 0 4 6 0 4 7 0 4 8 0 4 9 0 4 11 0 4 12 0 4 13 0 4 15 0 4 1 2 4 2 1 4 4 1 4 5 1 4 6 1 4 7 1 4 8 1 4 9 1 4 11 1 4 12 1 4 13 1 4 15 1 4 1 2 4 2 3 4 4 2 4 5 2 4 6 2 4 7 2 4 8 2 4 9 2 4 11 2 4 12 2 4 13 2 4 15 2 4 1 3 4 2 3 4 4 3 4 5 3 4 6 3 4 7 3 4 8 3 4 9 3 4 11 3 4 12 3 4 13 3 4 15 3 4 1 4 4 2 4 4 4 5 4 5 4 4 6 4 4 7 4 4 8 4 4 9 4 4 11 4 4 12 4 4 13 4 4 15 4 4 1 5 8 2 5 8 4 5 8 5 6 8 6 5 8 7 5 8 8 5 8 9 5 8 11 5 8 12 5 8 13 5 8 15 5 8 1 6 5 2 6 5 4 6 5 5 6 5 6 7 5 7 6 5 8 6 5 9 6 5 11 6 5 12 6 5 13 6 5 15 6 5 1 7 4 2 7 4 4 7 4 5 7 4 6 7 4 7 8 4 8 7 4 9 7 4 11 7 4 12 7 4 13 7 4 15 7 4 1 8 4 2 8 4 4 8 4 5 8 4 6 8 4 7 8 4 8 9 4 9 8 4 11 8 4 12 8 4 13 8 4 15 8 4 1 9 4 2 9 4 4 9 4 5 9 4 6 9 4 7 9 4 8 9 4 9 10 4 11 9 4 12 9 4 13 9 4 15 9 4 1 10 4 2 10 4 4 10 4 5 10 4 6 10 4 7 10 4 8 10 4 9 10 4 11 10 4 12 10 4 13 10 4 15 10 4 1 11 4 2 11 4 4 11 4 5 11 4 6 11 4 7 11 4 8 11 4 9 11 4 11 12 4 12 11 4 13 11 4 15 11 4 1 12 4 2 12 4 4 12 4 5 12 4 6 12 4 7 12 4 8 12 4 9 12 4 11 12 4 12 13 4 13 12 4 15 12 4 1 14 4 2 14 4 4 14 4 5 14 4 6 14 4 7 14 4 8 14 4 9 14 4 11 14 4 12 14 4 13 14 4 15 14 4 1 15 4 2 15 4 4 15 4 5 15 4 6 15 4 7 15 4 8 15 4 9 15 4 11 15 4 12 15 4 13 15 4 15 0 4
186 3241 7 7 1 5 6 1 6 7 1 7 6 1 9 6 1 10 6 1 13 6 1 14 6 1
187 3245 2 2 1 0 7 1 15 7 1
188 3262 13 13 1 0 2 1 2 3 1 3 2 1 4 2 1 6 2 1 7 2 1 8 2 1 9 2 1 10 2 1 11 2 1 13 2 1 14 2 1 15 2 1
189 3264 2 2 1 7 12 1 12 13 1
190 3274 7 7 1 0 13 1 5 13 1 8 13 1 10 13 1 11 13 1 12 13 1 14 13 1
191 3284 7 7 1 3 1 1 6 1 1 10 1 1 11 1 1 12 1 1 13 1 1 15 1 1
192 3284 1 1 1 0 11 1
193 3299 3 3 1 5 0 9 8 0 9 14 0 9
194 3300 2 2 1 9 14 25 10 14 25
195 3302 1 1 1 14 0 11
196 3303 1 1 1 11 14 1
197 3303 1 1 1 12 0 1
198 3305 2 2 1 0 15 45 2 15 45
199 3332 14 14 1 0 9 1 2 9 1 3 9 1 4 9 1 5 9 1 6 9 1 7 9 1 8 9 1 9 10 1 10 9 1 11 9 1 12 9 1 13 9 1 14 9 1
