16 400
0 28 5 5 1 0 3 1 2 3 1 7 3 1 10 3 1 12 3 1
1 47 10 5 2 0 9 47 1 9 47 13 9 47 14 9 47 15 9 47 0 14 47 1 14 47 13 14 47 14 15 47 15 14 47
2 50 2 2 1 4 7 41 5 7 41
3 51 2 2 1 9 7 21 10 7 21
4 72 7 7 1 3 5 1 4 5 1 5 6 1 6 5 1 8 5 1 11 5 1 13 5 1
5 88 7 7 1 3 14 1 4 14 1 5 14 1 7 14 1 8 14 1 10 14 1 12 14 1
6 90 3 3 1 2 14 1 8 14 1 9 14 1
7 92 1 1 1 9 5 1
8 102 12 12 1 1 4 1 4 5 1 5 4 1 6 4 1 7 4 1 8 4 1 9 4 1 10 4 1 11 4 1 12 4 1 13 4 1 14 4 1
9 104 1 1 1 12 13 3
10 107 1 1 1 10 11 1
11 108 1 1 1 4 12 1
12 136 13 13 1 0 9 1 1 9 1 2 9 1 4 9 1 6 9 1 7 9 1 8 9 1 9 10 1 10 9 1 11 9 1 13 9 1 14 9 1 15 9 1
13 138 1 1 1 0 5 2
14 143 2 2 1 9 4 24 14 4 24
15 182 12 6 2 1 10 1 3 10 1 4 10 1 7 10 1 14 10 1 15 10 1 1 11 1 3 11 1 4 11 1 7 11 1 14 11 1 15 11 1
16 184 2 2 1 1 14 1 8 14 1
17 194 8 8 1 1 10 1 2 10 1 3 10 1 4 10 1 6 10 1 8 10 1 12 10 1 14 10 1
18 208 3 3 1 2 10 50 8 10 50 15 10 50
19 230 12 12 1 0 15 1 1 15 1 2 15 1 3 15 1 4 15 1 5 15 1 6 15 1 8 15 1 9 15 1 10 15 1 11 15 1 12 15 1
20 231 1 1 1 13 15 1
21 231 1 1 1 2 15 1
22 235 2 2 1 1 8 46 3 8 46
23 263 13 13 1 0 12 1 1 12 1 2 12 1 3 12 1 4 12 1 5 12 1 6 12 1 8 12 1 9 12 1 10 12 1 13 12 1 14 12 1 15 12 1
24 409 70 14 5 0 1 5 1 2 5 2 1 5 3 1 5 4 1 5 5 1 5 6 1 5 7 1 5 8 1 5 10 1 5 11 1 5 12 1 5 13 1 5 15 1 5 0 8 5 1 8 5 2 8 5 3 8 5 4 8 5 5 8 5 6 8 5 7 8 5 8 9 5 10 8 5 11 8 5 12 8 5 13 8 5 15 8 5 0 9 5 1 9 5 2 9 5 3 9 5 4 9 5 5 9 5 6 9 5 7 9 5 8 9 5 10 9 5 11 9 5 12 9 5 13 9 5 15 9 5 0 13 5 1 13 5 2 13 5 3 13 5 4 13 5 5 13 5 6 13 5 7 13 5 8 13 5 10 13 5 11 13 5 12 13 5 13 14 5 15 13 5 0 15 5 1 15 5 2 15 5 3 15 5 4 15 5 5 15 5 6 15 5 7 15 5 8 15 5 10 15 5 11 15 5 12 15 5 13 15 5 15 0 5
25 431 12 12 1 0 13 1 3 13 1 4 13 1 5 13 1 6 13 1 7 13 1 10 13 1 11 13 1 12 13 1 13 14 1 14 13 1 15 13 1
26 450 10 5 2 0 1 1 1 2 1 2 1 1 10 1 1 12 1 1 0 14 1 1 14 1 2 14 1 10 14 1 12 14 1
27 482 13 13 1 0 1 1 1 0 1 2 0 1 3 0 1 4 0 1 5 0 1 7 0 1 8 0 1 9 0 1 10 0 1 11 0 1 13 0 1 14 0 1
28 482 1 1 1 5 2 6
29 483 1 1 1 11 2 1
30 485 1 1 1 5 10 1
31 526 16 1 16 15 0 2 15 1 1 15 2 2 15 3 1 15 4 1 15 5 1 15 6 1 15 7 1 15 8 2 15 9 1 15 10 1 15 11 1 15 12 1 15 13 1 15 14 2 15 0 1
32 529 2 2 1 4 1 1 5 1 1
33 540 7 7 1 1 14 1 4 14 1 11 14 1 12 14 1 13 14 1 14 15 1 15 14 1
34 554 4 4 1 9 6 1 10 6 1 12 6 1 13 6 1
35 556 1 1 1 4 15 1
36 559 1 1 1 0 3 1
37 560 1 1 1 8 4 1
38 561 1 1 1 12 14 1
39 566 3 3 1 1 11 1 4 11 1 13 11 1
40 574 5 5 1 1 3 1 3 4 1 10 3 1 12 3 1 15 3 1
41 585 5 5 1 2 8 1 5 8 1 6 8 1 9 8 1 11 8 1
42 604 10 5 2 7 3 1 8 3 1 9 3 1 10 3 1 14 3 1 7 4 1 8 4 1 9 4 1 10 4 1 14 4 1
43 605 1 1 1 1 15 1
44 609 1 1 1 9 10 1
45 609 1 1 1 1 8 2
46 611 1 1 1 9 8 1
47 621 7 7 1 0 1 1 2 0 1 4 0 1 7 0 1 9 0 1 10 0 1 15 0 1
48 647 13 13 1 0 11 1 1 11 1 2 11 1 3 11 1 4 11 1 5 11 1 6 11 1 7 11 1 8 11 1 9 11 1 12 11 1 13 11 1 15 11 1
49 660 12 12 1 0 3 1 2 3 1 3 4 1 4 3 1 6 3 1 7 3 1 8 3 1 10 3 1 11 3 1 12 3 1 14 3 1 15 3 1
50 671 7 7 1 0 9 1 2 9 1 3 9 1 8 9 1 12 9 1 13 9 1 14 9 1
51 673 1 1 1 6 11 1
52 679 3 3 1 9 1 50 10 1 50 12 1 50
53 848 75 15 5 0 1 5 1 2 5 2 1 5 3 1 5 4 1 5 5 1 5 6 1 5 7 1 5 8 1 5 10 1 5 11 1 5 12 1 5 13 1 5 14 1 5 15 1 5 0 6 5 1 6 5 2 6 5 3 6 5 4 6 5 5 6 5 6 7 5 7 6 5 8 6 5 10 6 5 11 6 5 12 6 5 13 6 5 14 6 5 15 6 5 0 7 5 1 7 5 2 7 5 3 7 5 4 7 5 5 7 5 6 7 5 7 8 5 8 7 5 10 7 5 11 7 5 12 7 5 13 7 5 14 7 5 15 7 5 0 8 5 1 8 5 2 8 5 3 8 5 4 8 5 5 8 5 6 8 5 7 8 5 8 9 5 10 8 5 11 8 5 12 8 5 13 8 5 14 8 5 15 8 5 0 12 5 1 12 5 2 12 5 3 12 5 4 12 5 5 12 5 6 12 5 7 12 5 8 12 5 10 12 5 11 12 5 12 13 5 13 12 5 14 12 5 15 12 5
54 855 2 2 1 3 1 5 14 1 5
55 873 7 7 1 0 4 1 4 5 1 6 4 1 9 4 1 10 4 1 11 4 1 13 4 1
56 875 1 1 1 3 14 1
57 875 1 1 1 3 4 1
58 993 75 15 5 0 6 4 2 6 4 3 6 4 4 6 4 5 6 4 6 7 4 7 6 4 8 6 4 9 6 4 10 6 4 11 6 4 12 6 4 13 6 4 14 6 4 15 6 4 0 9 4 2 9 4 3 9 4 4 9 4 5 9 4 6 9 4 7 9 4 8 9 4 9 10 4 10 9 4 11 9 4 12 9 4 13 9 4 14 9 4 15 9 4 0 10 4 2 10 4 3 10 4 4 10 4 5 10 4 6 10 4 7 10 4 8 10 4 9 10 4 10 11 4 11 10 4 12 10 4 13 10 4 14 10 4 15 10 4 0 11 4 2 11 4 3 11 4 4 11 4 5 11 4 6 11 4 7 11 4 8 11 4 9 11 4 10 11 4 11 12 4 12 11 4 13 11 4 14 11 4 15 11 4 0 15 4 2 15 4 3 15 4 4 15 4 5 15 4 6 15 4 7 15 4 8 15 4 9 15 4 10 15 4 11 15 4 12 15 4 13 15 4 14 15 4 15 0 4
59 994 2 2 1 0 14 20 10 14 20
60 995 3 3 1 2 15 1 6 15 1 8 15 1
61 998 1 1 1 11 2 1
62 1005 1 1 1 14 12 1
63 1010 3 3 1 7 10 50 8 10 50 13 10 50
64 1013 1 1 1 12 15 1
65 1020 7 7 1 3 4 1 5 3 1 7 3 1 8 3 1 9 3 1 10 3 1 12 3 1
66 1022 1 1 1 4 9 3
67 1026 1 1 1 7 14 1
68 1026 1 1 1 9 11 1
69 1027 1 1 1 4 13 1
70 1030 1 1 1 5 0 1
71 1030 2 2 1 0 3 1 14 3 1
72 1035 3 3 1 2 12 50 9 12 50 13 12 50
73 1043 1 1 1 11 15 1
74 1096 32 16 2 0 1 5 1 0 5 2 0 5 3 0 5 4 0 5 5 0 5 6 0 5 7 0 5 8 0 5 9 0 5 10 0 5 11 0 5 12 0 5 13 0 5 14 0 5 15 0 5 0 7 5 1 7 5 2 7 5 3 7 5 4 7 5 5 7 5 6 7 5 7 8 5 8 7 5 9 7 5 10 7 5 11 7 5 12 7 5 13 7 5 14 7 5 15 7 5
75 1101 1 1 1 12 13 1
76 1111 3 3 1 0 1 2 4 0 2 10 0 2
77 1127 7 7 1 0 14 1 1 14 1 2 14 1 3 14 1 4 14 1 7 14 1 9 14 1
78 1130 1 1 1 15 5 1
79 1131 2 2 1 3 6 22 6 7 22
80 1132 1 1 1 7 9 2
81 1159 14 14 1 0 6 1 1 6 1 2 6 1 3 6 1 4 6 1 5 6 1 6 7 1 7 6 1 8 6 1 9 6 1 10 6 1 11 6 1 12 6 1 14 6 1
82 1265 60 15 4 0 1 5 1 2 5 3 1 5 4 1 5 5 1 5 6 1 5 7 1 5 8 1 5 9 1 5 10 1 5 11 1 5 12 1 5 13 1 5 14 1 5 15 1 5 0 3 9 1 3 9 3 4 9 4 3 9 5 3 9 6 3 9 7 3 9 8 3 9 9 3 9 10 3 9 11 3 9 12 3 9 13 3 9 14 3 9 15 3 9 0 7 5 1 7 5 3 7 5 4 7 5 5 7 5 6 7 5 7 8 5 8 7 5 9 7 5 10 7 5 11 7 5 12 7 5 13 7 5 14 7 5 15 7 5 0 12 5 1 12 5 3 12 5 4 12 5 5 12 5 6 12 5 7 12 5 8 12 5 9 12 5 10 12 5 11 12 5 12 13 5 13 12 5 14 12 5 15 12 5
83 1700 225 15 15 0 1 26 1 0 26 2 0 26 3 0 26 4 0 26 5 0 26 6 0 26 7 0 26 8 0 26 9 0 26 10 0 26 11 0 26 12 0 26 13 0 26 15 0 26 0 2 24 1 2 24 2 3 24 3 2 24 4 2 24 5 2 24 6 2 24 7 2 24 8 2 24 9 2 24 10 2 24 11 2 24 12 2 24 13 2 24 15 2 24 0 3 24 1 3 24 2 3 24 3 4 24 4 3 24 5 3 24 6 3 24 7 3 24 8 3 24 9 3 24 10 3 24 11 3 24 12 3 24 13 3 24 15 3 24 0 4 24 1 4 24 2 4 24 3 4 24 4 5 24 5 4 24 6 4 24 7 4 24 8 4 24 9 4 24 10 4 24 11 4 24 12 4 24 13 4 24 15 4 24 0 5 24 1 5 24 2 5 24 3 5 24 4 5 24 5 6 24 6 5 24 7 5 24 8 5 24 9 5 24 10 5 24 11 5 24 12 5 24 13 5 24 15 5 24 0 6 24 1 6 24 2 6 24 3 6 24 4 6 24 5 6 24 6 7 24 7 6 24 8 6 24 9 6 24 10 6 24 11 6 24 12 6 24 13 6 24 15 6 24 0 7 26 1 7 26 2 7 26 3 7 26 4 7 26 5 7 26 6 7 26 7 8 26 8 7 26 9 7 26 10 7 26 11 7 26 12 7 26 13 7 26 15 7 26 0 8 24 1 8 24 2 8 24 3 8 24 4 8 24 5 8 24 6 8 24 7 8 24 8 9 24 9 8 24 10 8 24 11 8 24 12 8 24 13 8 24 15 8 24 0 9 24 1 9 24 2 9 24 3 9 24 4 9 24 5 9 24 6 9 24 7 9 24 8 9 24 9 10 24 10 9 24 11 9 24 12 9 24 13 9 24 15 9 24 0 10 24 1 10 24 2 10 24 3 10 24 4 10 24 5 10 24 6 10 24 7 10 24 8 10 24 9 10 24 10 11 24 11 10 24 12 10 24 13 10 24 15 10 24 0 11 24 1 11 24 2 11 24 3 11 24 4 11 24 5 11 24 6 11 24 7 11 24 8 11 24 9 11 24 10 11 24 11 12 24 12 11 24 13 11 24 15 11 24 0 12 24 1 12 24 2 12 24 3 12 24 4 12 24 5 12 24 6 12 24 7 12 24 8 12 24 9 12 24 10 12 24 11 12 24 12 13 24 13 12 24 15 12 24 0 13 24 1 13 24 2 13 24 3 13 24 4 13 24 5 13 24 6 13 24 7 13 24 8 13 24 9 13 24 10 13 24 11 13 24 12 13 24 13 14 24 15 13 24 0 14 24 1 14 24 2 14 24 3 14 24 4 14 24 5 14 24 6 14 24 7 14 24 8 14 24 9 14 24 10 14 24 11 14 24 12 14 24 13 14 24 15 14 24 0 15 47 1 15 47 2 15 47 3 15 47 4 15 47 5 15 47 6 15 47 7 15 47 8 15 47 9 15 47 10 15 47 11 15 47 12 15 47 13 15 47 15 0 47
84 1711 4 4 1 2 15 1 3 15 1 6 15 1 14 15 1
85 1715 1 1 1 2 3 1
86 1715 1 1 1 11 2 1
87 1719 2 2 1 2 0 1 9 0 1
88 1721 1 1 1 2 10 3
89 1733 7 7 1 4 8 1 6 8 1 8 9 1 9 8 1 10 8 1 13 8 1 14 8 1
90 1757 13 13 1 2 5 1 3 5 1 4 5 1 5 6 1 6 5 1 7 5 1 9 5 1 10 5 1 11 5 1 12 5 1 13 5 1 14 5 1 15 5 1
91 1769 10 5 2 0 10 1 1 10 1 4 10 1 6 10 1 9 10 1 0 14 1 1 14 1 4 14 1 6 14 1 9 14 1
92 1770 2 2 1 11 6 50 13 6 50
93 1771 2 2 1 3 14 24 7 14 24
94 1793 11 1 11 14 2 3 14 3 3 14 5 3 14 7 6 14 8 3 14 9 2 14 10 6 14 11 3 14 12 3 14 13 3 14 15 3
95 1793 1 1 1 8 2 1
96 2309 225 15 15 0 1 8 1 0 8 2 0 8 3 0 8 4 0 8 5 0 8 6 0 8 7 0 8 8 0 8 10 0 8 11 0 8 12 0 8 13 0 8 14 0 8 15 0 8 0 1 8 1 2 8 2 1 8 3 1 8 4 1 8 5 1 8 6 1 8 7 1 8 8 1 8 10 1 8 11 1 8 12 1 8 13 1 8 14 1 8 15 1 8 0 3 8 1 3 8 2 3 8 3 4 8 4 3 8 5 3 8 6 3 8 7 3 8 8 3 8 10 3 8 11 3 8 12 3 8 13 3 8 14 3 8 15 3 8 0 4 8 1 4 8 2 4 8 3 4 8 4 5 8 5 4 8 6 4 8 7 4 8 8 4 8 10 4 8 11 4 8 12 4 8 13 4 8 14 4 8 15 4 8 0 5 8 1 5 8 2 5 8 3 5 8 4 5 8 5 6 8 6 5 8 7 5 8 8 5 8 10 5 8 11 5 8 12 5 8 13 5 8 14 5 8 15 5 8 0 6 8 1 6 8 2 6 8 3 6 8 4 6 8 5 6 8 6 7 8 7 6 8 8 6 8 10 6 8 11 6 8 12 6 8 13 6 8 14 6 8 15 6 8 0 7 8 1 7 8 2 7 8 3 7 8 4 7 8 5 7 8 6 7 8 7 8 8 8 7 8 10 7 8 11 7 8 12 7 8 13 7 8 14 7 8 15 7 8 0 8 16 1 8 16 2 8 16 3 8 16 4 8 16 5 8 16 6 8 16 7 8 16 8 9 16 10 8 16 11 8 16 12 8 16 13 8 16 14 8 16 15 8 16 0 9 8 1 9 8 2 9 8 3 9 8 4 9 8 5 9 8 6 9 8 7 9 8 8 9 8 10 9 8 11 9 8 12 9 8 13 9 8 14 9 8 15 9 8 0 10 8 1 10 8 2 10 8 3 10 8 4 10 8 5 10 8 6 10 8 7 10 8 8 10 8 10 11 8 11 10 8 12 10 8 13 10 8 14 10 8 15 10 8 0 11 9 1 11 9 2 11 9 3 11 9 4 11 9 5 11 9 6 11 9 7 11 9 8 11 9 10 11 9 11 12 9 12 11 9 13 11 9 14 11 9 15 11 9 0 12 8 1 12 8 2 12 8 3 12 8 4 12 8 5 12 8 6 12 8 7 12 8 8 12 8 10 12 8 11 12 8 12 13 8 13 12 8 14 12 8 15 12 8 0 13 8 1 13 8 2 13 8 3 13 8 4 13 8 5 13 8 6 13 8 7 13 8 8 13 8 10 13 8 11 13 8 12 13 8 13 14 8 14 13 8 15 13 8 0 14 8 1 14 8 2 14 8 3 14 8 4 14 8 5 14 8 6 14 8 7 14 8 8 14 8 10 14 8 11 14 8 12 14 8 13 14 8 14 15 8 15 14 8 0 15 8 1 15 8 2 15 8 3 15 8 4 15 8 5 15 8 6 15 8 7 15 8 8 15 8 10 15 8 11 15 8 12 15 8 13 15 8 14 15 8 15 0 8
97 2311 1 1 1 9 2 1
98 2320 7 7 1 0 12 1 3 12 1 6 12 1 8 12 1 10 12 1 11 12 1 14 12 1
99 2339 10 5 2 4 1 1 6 1 1 7 1 1 12 1 1 13 1 1 4 5 1 6 5 1 7 5 1 12 5 1 13 5 1
100 2342 3 3 1 5 0 1 7 0 1 12 0 1
101 2345 2 2 1 9 13 25 15 13 25
102 2368 15 15 1 1 7 1 2 7 1 3 7 1 4 7 1 5 7 1 6 7 1 7 8 1 8 7 1 9 7 1 10 7 1 11 7 1 12 7 1 13 7 1 14 7 1 15 7 1
103 2370 1 1 1 14 7 1
104 2371 1 1 1 4 7 1
105 2396 14 14 1 0 15 1 1 15 1 2 15 1 4 15 1 5 15 1 6 15 1 7 15 1 8 15 1 9 15 1 11 15 1 12 15 1 13 15 1 14 15 1 15 0 1
106 2399 1 1 1 1 10 1
107 2399 1 1 1 3 0 1
108 2400 1 1 1 7 8 1
109 2405 5 5 1 0 10 1 4 10 1 7 10 1 11 10 1 14 10 1
110 2433 13 13 1 0 9 1 2 9 1 4 9 1 5 9 1 6 9 1 7 9 1 9 10 1 10 9 1 11 9 1 12 9 1 13 9 1 14 9 1 15 9 1
111 2434 1 1 1 0 12 1
112 2435 1 1 1 2 3 1
113 2436 1 1 1 15 1 1
114 2443 7 7 1 0 5 1 1 5 1 3 5 1 4 5 1 6 5 1 8 5 1 15 5 1
115 2453 4 4 1 5 14 50 9 14 50 10 14 50 15 14 50
116 2457 2 2 1 0 15 25 15 0 25
117 2466 5 5 1 1 8 1 3 8 1 4 8 1 7 8 1 13 8 1
118 2497 15 15 1 0 13 1 1 13 1 2 13 1 3 13 1 4 13 1 5 13 1 6 13 1 7 13 1 8 13 1 10 13 1 11 13 1 12 13 1 13 14 1 14 13 1 15 13 1
119 2499 1 1 1 11 7 1
120 2551 15 15 1 0 12 1 1 12 1 2 12 1 3 12 1 4 12 1 5 12 1 6 12 1 7 12 1 8 12 1 9 12 1 11 12 1 12 13 1 13 12 1 14 12 1 15 12 1
121 2553 1 1 1 3 7 1
122 2558 2 2 1 12 1 44 14 1 44
123 2564 5 5 1 4 3 1 8 3 1 10 3 1 12 3 1 15 3 1
124 2580 7 7 1 0 14 1 5 14 1 7 14 1 8 14 1 10 14 1 13 14 1 15 14 1
125 2583 2 2 1 3 4 50 7 4 50
126 2586 1 1 1 12 4 1
127 2589 2 2 1 0 15 24 3 15 24
128 2594 3 3 1 5 3 1 11 3 1 15 3 1
129 2618 10 5 2 6 7 1 7 8 1 10 7 1 12 7 1 14 7 1 6 8 1 7 8 1 10 8 1 12 8 1 14 8 1
130 2618 1 1 1 8 12 1
131 2626 2 2 1 10 5 1 11 5 1
132 2632 1 1 1 2 7 1
133 2642 3 3 1 4 6 2 7 6 2 15 6 2
134 2646 2 2 1 5 10 1 6 10 1
135 2648 1 1 1 15 8 2
136 2659 2 2 1 5 13 1 15 13 1
137 2660 1 1 1 15 2 1
138 2661 1 1 1 13 11 1
139 2663 2 2 1 0 1 24 12 0 24
140 2664 1 1 1 7 12 1
141 2671 2 2 1 8 2 50 10 2 50
142 2671 1 1 1 12 13 1
143 2695 13 13 1 1 6 1 3 6 1 4 6 1 5 6 1 6 7 1 7 6 1 8 6 1 9 6 1 10 6 1 11 6 1 12 6 1 13 6 1 14 6 1
144 2698 3 3 1 1 11 1 7 11 1 15 11 1
145 2712 7 7 1 1 8 1 2 8 1 5 8 1 9 8 1 10 8 1 12 8 1 14 8 1
146 2712 1 1 1 3 10 50
147 2720 2 2 1 2 7 21 3 7 21
148 2725 2 2 1 7 11 1 11 12 1
149 2762 24 8 3 0 5 29 2 5 29 5 6 29 6 5 29 7 5 29 10 5 29 12 5 29 13 5 29 0 12 26 2 12 26 5 12 26 6 12 26 7 12 26 10 12 26 12 13 26 13 12 26 0 15 26 2 15 26 5 15 26 6 15 26 7 15 26 10 15 26 12 15 26 13 15 26
150 2764 1 1 1 5 10 1
151 2777 10 5 2 2 3 1 7 3 1 8 3 1 10 3 1 15 3 1 2 12 1 7 12 1 8 12 1 10 12 1 15 12 1
152 2780 2 2 1 11 4 24 14 4 24
153 2780 1 1 1 7 9 2
154 2799 7 7 1 0 11 1 1 11 1 4 11 1 6 11 1 10 11 1 13 11 1 15 11 1
155 2802 2 2 1 11 12 24 13 12 24
156 2814 7 7 1 0 12 1 2 12 1 3 12 1 4 12 1 7 12 1 8 12 1 15 12 1
157 2826 10 5 2 2 3 1 8 3 1 9 3 1 10 3 1 13 3 1 2 8 1 8 9 1 9 8 1 10 8 1 13 8 1
158 2832 1 1 1 5 8 1
159 2843 7 7 1 3 7 1 4 7 1 6 7 1 8 7 1 9 7 1 10 7 1 12 7 1
160 2848 3 3 1 3 8 2 12 8 2 14 8 2
161 2850 2 2 1 2 0 50 8 0 50
162 2862 10 5 2 3 2 1 4 2 1 6 2 1 14 2 1 15 2 1 3 13 1 4 13 1 6 13 1 14 13 1 15 13 1
163 2869 2 2 1 10 14 21 14 15 21
164 3292 225 15 15 0 1 8 2 0 8 3 0 8 4 0 8 5 0 8 6 0 8 7 0 8 8 0 8 9 0 8 10 0 8 11 0 8 12 0 8 13 0 8 14 0 8 15 0 8 0 1 8 2 1 8 3 1 8 4 1 8 5 1 8 6 1 8 7 1 8 8 1 8 9 1 8 10 1 8 11 1 8 12 1 8 13 1 8 14 1 8 15 1 8 0 2 8 2 3 8 3 2 8 4 2 8 5 2 8 6 2 8 7 2 8 8 2 8 9 2 8 10 2 8 11 2 8 12 2 8 13 2 8 14 2 8 15 2 8 0 3 8 2 3 8 3 4 8 4 3 8 5 3 8 6 3 8 7 3 8 8 3 8 9 3 8 10 3 8 11 3 8 12 3 8 13 3 8 14 3 8 15 3 8 0 4 8 2 4 8 3 4 8 4 5 8 5 4 8 6 4 8 7 4 8 8 4 8 9 4 8 10 4 8 11 4 8 12 4 8 13 4 8 14 4 8 15 4 8 0 5 8 2 5 8 3 5 8 4 5 8 5 6 8 6 5 8 7 5 8 8 5 8 9 5 8 10 5 8 11 5 8 12 5 8 13 5 8 14 5 8 15 5 8 0 6 8 2 6 8 3 6 8 4 6 8 5 6 8 6 7 8 7 6 8 8 6 8 9 6 8 10 6 8 11 6 8 12 6 8 13 6 8 14 6 8 15 6 8 0 8 16 2 8 16 3 8 16 4 8 16 5 8 16 6 8 16 7 8 16 8 9 16 9 8 16 10 8 16 11 8 16 12 8 16 13 8 16 14 8 16 15 8 16 0 9 8 2 9 8 3 9 8 4 9 8 5 9 8 6 9 8 7 9 8 8 9 8 9 10 8 10 9 8 11 9 8 12 9 8 13 9 8 14 9 8 15 9 8 0 10 8 2 10 8 3 10 8 4 10 8 5 10 8 6 10 8 7 10 8 8 10 8 9 10 8 10 11 8 11 10 8 12 10 8 13 10 8 14 10 8 15 10 8 0 11 9 2 11 9 3 11 9 4 11 9 5 11 9 6 11 9 7 11 9 8 11 9 9 11 9 10 11 9 11 12 9 12 11 9 13 11 9 14 11 9 15 11 9 0 12 8 2 12 8 3 12 8 4 12 8 5 12 8 6 12 8 7 12 8 8 12 8 9 12 8 10 12 8 11 12 8 12 13 8 13 12 8 14 12 8 15 12 8 0 13 8 2 13 8 3 13 8 4 13 8 5 13 8 6 13 8 7 13 8 8 13 8 9 13 8 10 13 8 11 13 8 12 13 8 13 14 8 14 13 8 15 13 8 0 14 8 2 14 8 3 14 8 4 14 8 5 14 8 6 14 8 7 14 8 8 14 8 9 14 8 10 14 8 11 14 8 12 14 8 13 14 8 14 15 8 15 14 8 0 15 8 2 15 8 3 15 8 4 15 8 5 15 8 6 15 8 7 15 8 8 15 8 9 15 8 10 15 8 11 15 8 12 15 8 13 15 8 14 15 8 15 0 8
165 3292 1 1 1 2 7 1
166 3293 1 1 1 11 14 1
167 3295 2 2 1 0 4 41 5 4 41
168 3308 2 2 1 1 5 22 12 5 22
169 3308 1 1 1 10 0 1
170 3324 7 7 1 1 15 1 3 15 1 5 15 1 7 15 1 10 15 1 12 15 1 14 15 1
171 3326 1 1 1 8 1 1
172 3334 1 1 1 14 15 1
173 3339 1 1 1 12 5 50
174 3376 14 14 1 0 1 1 1 0 1 2 0 1 3 0 1 5 0 1 6 0 1 7 0 1 8 0 1 9 0 1 10 0 1 11 0 1 12 0 1 14 0 1 15 0 1
175 3401 10 5 2 0 1 1 1 0 1 2 0 1 3 0 1 12 0 1 0 7 1 1 7 1 2 7 1 3 7 1 12 7 1
176 3433 24 8 3 2 5 29 3 5 29 5 6 29 6 5 29 7 5 29 8 5 29 9 5 29 11 5 29 2 6 26 3 6 26 5 6 26 6 7 26 7 6 26 8 6 26 9 6 26 11 6 26 2 15 26 3 15 26 5 15 26 6 15 26 7 15 26 8 15 26 9 15 26 11 15 26
177 3435 1 1 1 0 9 1
178 3440 4 4 1 5 9 32 9 10 32 10 9 32 15 9 32
179 3450 7 7 1 0 13 1 1 13 1 3 13 1 8 13 1 9 13 1 10 13 1 11 13 1
180 3460 3 3 1 8 12 1 12 13 1 14 12 1
181 3487 14 14 1 0 11 1 1 11 1 2 11 1 3 11 1 4 11 1 5 11 1 7 11 1 8 11 1 9 11 1 10 11 1 11 12 1 12 11 1 14 11 1 15 11 1
182 3508 14 14 1 1 12 1 2 12 1 3 12 1 4 12 1 5 12 1 6 12 1 8 12 1 9 12 1 10 12 1 11 12 1 12 13 1 13 12 1 14 12 1 15 12 1
183 3526 13 13 1 0 7 1 1 7 1 2 7 1 3 7 1 4 7 1 5 7 1 8 7 1 9 7 1 10 7 1 11 7 1 13 7 1 14 7 1 15 7 1
184 3527 1 1 1 0 7 1
185 3533 2 2 1 10 8 25 13 8 25
186 3558 14 14 1 0 14 1 1 14 1 2 14 1 3 14 1 4 14 1 5 14 1 6 14 1 7 14 1 9 14 1 10 14 1 12 14 1 13 14 1 14 15 1 15 14 1
187 3588 15 15 1 0 7 1 1 7 1 2 7 1 4 7 1 5 7 1 6 7 1 7 8 1 8 7 1 9 7 1 10 7 1 11 7 1 12 7 1 13 7 1 14 7 1 15 7 1
188 3603 7 7 1 0 10 1 2 10 1 3 10 1 11 10 1 12 10 1 13 10 1 14 10 1
189 3610 1 1 1 1 14 18
190 3612 2 2 1 0 7 1 11 7 1
191 3628 14 14 1 0 4 1 1 4 1 3 4 1 4 5 1 5 4 1 6 4 1 7 4 1 8 4 1 10 4 1 11 4 1 12 4 1 13 4 1 14 4 1 15 4 1
192 3658 14 14 1 0 4 1 1 4 1 2 4 1 3 4 1 4 5 1 5 4 1 6 4 1 7 4 1 8 4 1 11 4 1 12 4 1 13 4 1 14 4 1 15 4 1
193 3661 2 2 1 6 7 24 8 7 24
194 3667 2 2 1 5 11 5 14 11 5
195 3689 13 13 1 0 4 1 2 4 1 3 4 1 5 4 1 6 4 1 7 4 1 8 4 1 9 4 1 10 4 1 12 4 1 13 4 1 14 4 1 15 4 1
196 3691 1 1 1 1 13 1
197 3692 1 1 1 0 7 1
198 3697 1 1 1 15 12 1
199 3702 1 1 1 6 2 1
200 3722 15 15 1 0 10 1 1 10 1 2 10 1 3 10 1 4 10 1 5 10 1 6 10 1 8 10 1 9 10 1 10 11 1 11 10 1 12 10 1 13 10 1 14 10 1 15 10 1
201 3728 2 2 1 7 8 50 12 8 50
202 3859 75 15 5 0 1 4 1 2 4 2 1 4 3 1 4 4 1 4 5 1 4 6 1 4 8 1 4 9 1 4 10 1 4 11 1 4 12 1 4 13 1 4 14 1 4 15 1 4 0 8 4 1 8 4 2 8 4 3 8 4 4 8 4 5 8 4 6 8 4 8 9 4 9 8 4 10 8 4 11 8 4 12 8 4 13 8 4 14 8 4 15 8 4 0 10 4 1 10 4 2 10 4 3 10 4 4 10 4 5 10 4 6 10 4 8 10 4 9 10 4 10 11 4 11 10 4 12 10 4 13 10 4 14 10 4 15 10 4 0 12 4 1 12 4 2 12 4 3 12 4 4 12 4 5 12 4 6 12 4 8 12 4 9 12 4 10 12 4 11 12 4 12 13 4 13 12 4 14 12 4 15 12 4 0 14 4 1 14 4 2 14 4 3 14 4 4 14 4 5 14 4 6 14 4 8 14 4 9 14 4 10 14 4 11 14 4 12 14 4 13 14 4 14 15 4 15 14 4
203 3861 3 3 1 1 2 1 10 1 1 14 1 1
204 3864 2 2 1 4 3 1 10 3 1
205 3874 6 2 3 3 1 1 9 1 1 3 4 1 9 3 1 3 11 4 9 11 4
206 3886 7 7 1 5 1 1 9 1 1 10 1 1 11 1 1 12 1 1 14 1 1 15 1 1
207 3887 1 1 1 9 1 1
208 3892 3 3 1 4 7 50 5 7 50 6 7 50
209 3897 3 3 1 10 3 50 11 3 50 14 3 50
210 3911 10 5 2 1 2 1 2 1 1 4 1 1 10 1 1 14 1 1 1 5 1 2 5 1 4 5 1 10 5 1 14 5 1
211 3911 1 1 1 3 6 1
212 3933 10 5 2 0 5 1 1 5 1 3 5 1 7 5 1 14 5 1 0 7 1 1 7 1 3 7 1 7 8 1 14 7 1
213 3943 10 5 2 2 0 1 3 0 1 8 0 1 11 0 1 15 0 1 2 4 1 3 4 1 8 4 1 11 4 1 15 4 1
214 3972 15 15 1 0 2 1 1 2 1 2 3 1 3 2 1 4 2 1 5 2 1 6 2 1 7 2 1 8 2 1 9 2 1 10 2 1 11 2 1 12 2 1 14 2 1 15 2 1
215 3981 3 3 1 0 7 1 13 7 1 15 7 1
216 4007 10 5 2 3 4 1 6 3 1 9 3 1 11 3 1 13 3 1 3 4 1 6 4 1 9 4 1 11 4 1 13 4 1
217 4010 1 1 1 0 4 1
218 4011 1 1 1 13 3 1
219 4011 1 1 1 5 1 1
220 4014 3 3 1 4 10 1 9 10 1 15 10 1
221 4019 2 2 1 2 3 24 11 2 24
222 4023 2 2 1 2 7 24 9 7 24
223 4023 2 2 1 4 6 25 7 6 25
224 4027 2 2 1 9 14 22 10 14 22
225 4033 2 2 1 1 2 5 11 2 5
226 4037 1 1 1 15 10 1
227 4038 3 3 1 2 1 9 4 1 9 13 1 9
228 4066 11 11 1 0 1 1 2 0 1 3 0 1 4 0 1 6 0 1 7 0 1 8 0 1 10 0 1 12 0 1 13 0 1 14 0 1
229 4094 13 13 1 0 7 1 1 7 1 2 7 1 4 7 1 6 7 1 8 7 1 9 7 1 10 7 1 11 7 1 12 7 1 13 7 1 14 7 1 15 7 1
230 4101 4 4 1 0 8 32 5 8 32 11 8 32 15 8 32
231 4114 2 2 1 6 11 22 12 11 22
232 4123 1 1 1 9 8 2
233 4125 1 1 1 5 9 1
234 4127 2 2 1 10 11 25 12 10 25
235 4128 1 1 1 15 13 1
236 4134 4 4 1 0 1 50 2 1 50 7 1 50 8 1 50
237 4139 2 2 1 7 8 21 13 8 21
238 4140 1 1 1 13 3 1
239 4144 3 3 1 6 11 50 9 11 50 10 11 50
240 4145 2 2 1 0 5 1 1 5 1
241 4160 7 7 1 0 13 1 2 13 1 4 13 1 5 13 1 6 13 1 8 13 1 11 13 1
242 4171 7 7 1 0 6 1 2 6 1 6 7 1 7 6 1 9 6 1 10 6 1 13 6 1
243 4188 12 12 1 0 7 1 1 7 1 2 7 1 3 7 1 6 7 1 7 8 1 8 7 1 9 7 1 10 7 1 11 7 1 13 7 1 14 7 1
244 4206 6 2 3 7 2 49 13 2 49 7 3 49 13 3 49 7 12 49 13 12 49
245 4227 12 12 1 0 1 1 1 0 1 4 0 1 5 0 1 7 0 1 8 0 1 9 0 1 10 0 1 12 0 1 13 0 1 14 0 1 15 0 1
246 4234 2 2 1 11 1 23 14 1 23
247 4245 4 4 1 0 15 1 10 15 1 11 15 1 15 0 1
248 4256 7 7 1 0 6 1 4 6 1 5 6 1 8 6 1 9 6 1 10 6 1 12 6 1
249 4256 1 1 1 3 14 1
250 4266 7 7 1 0 1 1 1 2 1 4 1 1 6 1 1 9 1 1 14 1 1 15 1 1
251 4312 24 8 3 0 1 29 1 0 29 2 0 29 3 0 29 8 0 29 11 0 29 12 0 29 13 0 29 0 7 26 1 7 26 2 7 26 3 7 26 8 7 26 11 7 26 12 7 26 13 7 26 0 13 26 1 13 26 2 13 26 3 13 26 8 13 26 11 13 26 12 13 26 13 14 26
252 4313 1 1 1 4 13 1
253 4313 1 1 1 4 3 1
254 4320 1 1 1 12 3 1
255 4330 7 7 1 0 2 1 1 2 1 3 2 1 6 2 1 11 2 1 12 2 1 14 2 1
256 4335 3 3 1 10 5 1 14 5 1 15 5 1
257 4359 14 14 1 0 15 1 1 15 1 2 15 1 3 15 1 4 15 1 5 15 1 6 15 1 7 15 1 8 15 1 10 15 1 11 15 1 12 15 1 13 15 1 15 0 1
258 4362 3 3 1 1 6 50 5 6 50 7 6 50
259 4364 1 1 1 14 3 1
260 4373 3 3 1 7 5 9 8 5 9 13 5 9
261 4411 14 14 1 1 6 1 2 6 1 3 6 1 4 6 1 5 6 1 6 7 1 7 6 1 8 6 1 9 6 1 11 6 1 12 6 1 13 6 1 14 6 1 15 6 1
262 4411 1 1 1 13 11 1
263 4436 7 7 1 0 9 1 3 9 1 4 9 1 7 9 1 8 9 1 9 10 1 13 9 1
264 4445 6 6 1 2 0 1 6 0 1 9 0 1 10 0 1 11 0 1 15 0 1
265 4765 180 12 15 0 1 4 1 0 4 2 0 4 3 0 4 5 0 4 6 0 4 7 0 4 9 0 4 10 0 4 12 0 4 13 0 4 15 0 4 0 1 4 1 2 4 2 1 4 3 1 4 5 1 4 6 1 4 7 1 4 9 1 4 10 1 4 12 1 4 13 1 4 15 1 4 0 2 4 1 2 4 2 3 4 3 2 4 5 2 4 6 2 4 7 2 4 9 2 4 10 2 4 12 2 4 13 2 4 15 2 4 0 3 4 1 3 4 2 3 4 3 4 4 5 3 4 6 3 4 7 3 4 9 3 4 10 3 4 12 3 4 13 3 4 15 3 4 0 4 4 1 4 4 2 4 4 3 4 4 5 4 4 6 4 4 7 4 4 9 4 4 10 4 4 12 4 4 13 4 4 15 4 4 0 5 8 1 5 8 2 5 8 3 5 8 5 6 8 6 5 8 7 5 8 9 5 8 10 5 8 12 5 8 13 5 8 15 5 8 0 6 5 1 6 5 2 6 5 3 6 5 5 6 5 6 7 5 7 6 5 9 6 5 10 6 5 12 6 5 13 6 5 15 6 5 0 7 4 1 7 4 2 7 4 3 7 4 5 7 4 6 7 4 7 8 4 9 7 4 10 7 4 12 7 4 13 7 4 15 7 4 0 8 4 1 8 4 2 8 4 3 8 4 5 8 4 6 8 4 7 8 4 9 8 4 10 8 4 12 8 4 13 8 4 15 8 4 0 9 4 1 9 4 2 9 4 3 9 4 5 9 4 6 9 4 7 9 4 9 10 4 10 9 4 12 9 4 13 9 4 15 9 4 0 10 4 1 10 4 2 10 4 3 10 4 5 10 4 6 10 4 7 10 4 9 10 4 10 11 4 12 10 4 13 10 4 15 10 4 0 12 4 1 12 4 2 12 4 3 12 4 5 12 4 6 12 4 7 12 4 9 12 4 10 12 4 12 13 4 13 12 4 15 12 4 0 13 4 1 13 4 2 13 4 3 13 4 5 13 4 6 13 4 7 13 4 9 13 4 10 13 4 12 13 4 13 14 4 15 13 4 0 14 4 1 14 4 2 14 4 3 14 4 5 14 4 6 14 4 7 14 4 9 14 4 10 14 4 12 14 4 13 14 4 15 14 4 0 15 4 1 15 4 2 15 4 3 15 4 5 15 4 6 15 4 7 15 4 9 15 4 10 15 4 12 15 4 13 15 4 15 0 4
266 4767 2 2 1 7 11 1 12 11 1
267 4777 7 7 1 1 2 1 5 2 1 7 2 1 10 2 1 12 2 1 13 2 1 14 2 1
268 4778 5 5 1 0 11 1 2 11 1 4 11 1 6 11 1 15 11 1
269 4785 7 7 1 1 4 1 2 4 1 5 4 1 6 4 1 8 4 1 14 4 1 15 4 1
270 4788 2 2 1 6 5 19 14 5 19
271 4789 1 1 1 15 14 1
272 4841 30 10 3 0 3 50 2 3 50 4 3 50 6 3 50 7 3 50 9 3 50 10 3 50 11 3 50 12 3 50 14 3 50 0 7 50 2 7 50 4 7 50 6 7 50 7 8 50 9 7 50 10 7 50 11 7 50 12 7 50 14 7 50 0 14 50 2 14 50 4 14 50 6 14 50 7 14 50 9 14 50 10 14 50 11 14 50 12 14 50 14 15 50
273 4856 7 7 1 2 3 1 4 3 1 5 3 1 6 3 1 8 3 1 11 3 1 12 3 1
274 4861 3 3 1 2 7 1 7 8 1 15 7 1
275 4866 1 1 1 0 9 1
276 4867 1 1 1 15 10 1
277 4868 1 1 1 11 8 1
278 4894 14 14 1 0 1 1 1 0 1 3 0 1 4 0 1 5 0 1 6 0 1 7 0 1 9 0 1 10 0 1 11 0 1 12 0 1 13 0 1 14 0 1 15 0 1
279 4894 1 1 1 5 9 1
280 4899 1 1 1 7 6 50
281 4899 1 1 1 12 3 1
282 4903 3 3 1 3 14 1 4 14 1 12 14 1
283 4906 1 1 1 4 0 1
284 4906 1 1 1 3 1 1
285 4906 1 1 1 9 5 1
286 4910 1 1 1 7 13 1
287 4912 1 1 1 4 1 1
288 4915 3 3 1 7 13 1 10 13 1 13 14 1
289 4915 1 1 1 12 15 1
290 4922 3 3 1 7 12 50 11 12 50 13 12 50
291 4924 1 1 1 13 14 1
292 4927 2 2 1 8 3 23 9 3 23
293 4930 2 2 1 4 15 21 8 15 21
294 4930 1 1 1 0 5 1
295 4932 1 1 1 2 3 1
296 4944 13 13 1 0 9 1 1 9 1 2 9 1 3 9 1 4 9 1 6 9 1 7 9 1 8 9 1 9 10 1 12 9 1 13 9 1 14 9 1 15 9 1
297 4972 13 13 1 1 2 1 3 1 1 4 1 1 5 1 1 6 1 1 7 1 1 8 1 1 9 1 1 10 1 1 11 1 1 12 1 1 14 1 1 15 1 1
298 4974 1 1 1 10 5 50
299 4976 1 1 1 6 3 1
300 4977 2 2 1 0 7 50 12 7 50
301 4993 13 13 1 0 1 1 1 2 1 3 1 1 4 1 1 5 1 1 6 1 1 7 1 1 8 1 1 9 1 1 10 1 1 11 1 1 12 1 1 14 1 1
302 5023 14 14 1 1 6 1 3 6 1 4 6 1 5 6 1 6 7 1 7 6 1 8 6 1 9 6 1 10 6 1 11 6 1 12 6 1 13 6 1 14 6 1 15 6 1
303 5037 7 7 1 0 5 1 1 5 1 2 5 1 3 5 1 6 5 1 14 5 1 15 5 1
304 5052 7 7 1 1 3 1 4 3 1 6 3 1 8 3 1 10 3 1 12 3 1 14 3 1
305 5053 1 1 1 6 14 1
306 5060 7 7 1 0 11 1 5 11 1 8 11 1 9 11 1 10 11 1 12 11 1 13 11 1
307 5080 10 5 2 4 7 1 7 8 1 9 7 1 11 7 1 15 7 1 4 12 1 7 12 1 9 12 1 11 12 1 15 12 1
308 5099 12 12 1 0 8 1 2 8 1 3 8 1 4 8 1 5 8 1 7 8 1 8 9 1 9 8 1 10 8 1 12 8 1 13 8 1 15 8 1
309 5099 1 1 1 10 5 1
310 5109 3 3 1 2 15 2 3 15 2 4 15 2
311 5110 1 1 1 1 15 1
312 5135 11 11 1 0 11 1 1 11 1 3 11 1 4 11 1 7 11 1 9 11 1 10 11 1 12 11 1 13 11 1 14 11 1 15 11 1
313 5152 7 7 1 0 15 1 1 15 1 2 15 1 3 15 1 5 15 1 7 15 1 8 15 1
314 5152 1 1 1 1 3 1
315 5166 7 7 1 0 9 1 1 9 1 2 9 1 3 9 1 6 9 1 9 10 1 11 9 1
316 5168 2 2 1 3 2 24 14 2 24
317 5169 1 1 1 6 4 1
318 5169 1 1 1 0 10 1
319 5202 13 13 1 0 3 1 2 3 1 3 4 1 4 3 1 5 3 1 6 3 1 8 3 1 9 3 1 10 3 1 11 3 1 12 3 1 13 3 1 15 3 1
320 5211 8 8 1 1 14 1 4 14 1 7 14 1 8 14 1 9 14 1 11 14 1 13 14 1 15 14 1
321 5211 1 1 1 7 3 1
322 5219 3 3 1 1 14 50 11 14 50 13 14 50
323 5235 3 3 1 1 13 2 7 13 2 13 14 2
324 5253 14 14 1 0 9 1 2 9 1 3 9 1 4 9 1 5 9 1 6 9 1 7 9 1 8 9 1 10 9 1 11 9 1 12 9 1 13 9 1 14 9 1 15 9 1
325 5285 15 15 1 0 13 1 1 13 1 2 13 1 3 13 1 4 13 1 5 13 1 6 13 1 7 13 1 8 13 1 9 13 1 10 13 1 11 13 1 12 13 1 13 14 1 14 13 1
326 5286 1 1 1 10 13 1
327 5287 2 2 1 7 6 50 13 6 50
328 5289 1 1 1 0 11 1
329 5318 13 13 1 0 13 1 2 13 1 3 13 1 4 13 1 5 13 1 7 13 1 8 13 1 9 13 1 11 13 1 12 13 1 13 14 1 14 13 1 15 13 1
330 5335 13 13 1 0 8 1 1 8 1 2 8 1 3 8 1 4 8 1 6 8 1 7 8 1 8 9 1 9 8 1 11 8 1 12 8 1 14 8 1 15 8 1
331 5335 1 1 1 11 14 1
332 5342 2 2 1 4 0 50 15 0 50
333 5342 1 1 1 10 15 1
334 5378 13 13 1 0 14 1 1 14 1 3 14 1 4 14 1 5 14 1 6 14 1 7 14 1 9 14 1 10 14 1 11 14 1 13 14 1 14 15 1 15 14 1
335 5382 2 2 1 10 9 1 15 9 1
336 5398 7 7 1 1 11 1 4 11 1 8 11 1 9 11 1 10 11 1 11 12 1 12 11 1
337 5405 1 1 1 7 1 1
338 5408 1 1 1 8 9 1
339 5413 8 8 1 0 9 1 1 9 1 4 9 1 5 9 1 7 9 1 8 9 1 9 10 1 11 9 1
340 5414 1 1 1 6 4 1
341 5418 3 3 1 2 13 1 12 13 1 15 13 1
342 5418 1 1 1 3 6 7
343 5421 4 4 1 0 1 8 3 0 8 4 0 8 11 0 8
344 5425 2 2 1 0 7 2 7 8 2
345 5440 7 7 1 4 7 1 5 7 1 6 7 1 8 7 1 9 7 1 14 7 1 15 7 1
346 5445 2 2 1 14 13 50 15 13 50
347 5446 1 1 1 4 13 7
348 5446 1 1 1 14 0 1
349 5449 1 1 1 13 5 1
350 5451 2 2 1 5 9 22 14 9 22
351 5451 1 1 1 1 7 1
352 5452 1 1 1 2 3 1
353 5454 3 3 1 1 14 50 3 14 50 10 14 50
354 5456 1 1 1 10 8 1
355 5459 1 1 1 15 2 1
356 5462 2 2 1 4 5 44 9 5 44
357 5477 7 7 1 2 11 1 3 11 1 4 11 1 6 11 1 8 11 1 9 11 1 15 11 1
358 5490 7 7 1 1 3 1 4 3 1 5 3 1 7 3 1 8 3 1 9 3 1 11 3 1
359 5491 2 2 1 1 9 5 3 9 5
360 5516 13 13 1 0 3 1 1 3 1 3 4 1 4 3 1 5 3 1 6 3 1 7 3 1 9 3 1 10 3 1 12 3 1 13 3 1 14 3 1 15 3 1
361 5519 1 1 1 8 13 1
362 5522 1 1 1 15 0 1
363 5530 5 5 1 1 5 1 6 5 1 9 5 1 10 5 1 12 5 1
364 5532 2 2 1 0 1 25 6 0 25
365 5535 2 2 1 3 9 50 6 9 50
366 5554 12 12 1 0 6 1 2 6 1 3 6 1 4 6 1 5 6 1 7 6 1 10 6 1 11 6 1 12 6 1 13 6 1 14 6 1 15 6 1
367 5562 3 3 1 5 3 50 6 3 50 10 3 50
368 5563 1 1 1 8 3 6
369 5589 7 7 1 0 1 1 1 0 1 3 0 1 5 0 1 10 0 1 11 0 1 13 0 1
370 5596 7 7 1 0 10 1 2 10 1 7 10 1 9 10 1 10 11 1 11 10 1 13 10 1
371 5601 3 3 1 0 8 2 5 8 2 6 8 2
372 5606 3 3 1 6 7 9 7 6 9 9 6 9
373 5607 1 1 1 7 8 1
374 5610 1 1 1 13 11 1
375 6070 225 15 15 0 1 8 1 0 8 2 0 8 3 0 8 5 0 8 6 0 8 7 0 8 8 0 8 9 0 8 10 0 8 11 0 8 12 0 8 13 0 8 14 0 8 15 0 8 0 1 8 1 2 8 2 1 8 3 1 8 5 1 8 6 1 8 7 1 8 8 1 8 9 1 8 10 1 8 11 1 8 12 1 8 13 1 8 14 1 8 15 1 8 0 2 8 1 2 8 2 3 8 3 2 8 5 2 8 6 2 8 7 2 8 8 2 8 9 2 8 10 2 8 11 2 8 12 2 8 13 2 8 14 2 8 15 2 8 0 3 8 1 3 8 2 3 8 3 4 8 5 3 8 6 3 8 7 3 8 8 3 8 9 3 8 10 3 8 11 3 8 12 3 8 13 3 8 14 3 8 15 3 8 0 4 8 1 4 8 2 4 8 3 4 8 5 4 8 6 4 8 7 4 8 8 4 8 9 4 8 10 4 8 11 4 8 12 4 8 13 4 8 14 4 8 15 4 8 0 5 8 1 5 8 2 5 8 3 5 8 5 6 8 6 5 8 7 5 8 8 5 8 9 5 8 10 5 8 11 5 8 12 5 8 13 5 8 14 5 8 15 5 8 0 6 8 1 6 8 2 6 8 3 6 8 5 6 8 6 7 8 7 6 8 8 6 8 9 6 8 10 6 8 11 6 8 12 6 8 13 6 8 14 6 8 15 6 8 0 7 16 1 7 16 2 7 16 3 7 16 5 7 16 6 7 16 7 8 16 8 7 16 9 7 16 10 7 16 11 7 16 12 7 16 13 7 16 14 7 16 15 7 16 0 8 8 1 8 8 2 8 8 3 8 8 5 8 8 6 8 8 7 8 8 8 9 8 9 8 8 10 8 8 11 8 8 12 8 8 13 8 8 14 8 8 15 8 8 0 10 8 1 10 8 2 10 8 3 10 8 5 10 8 6 10 8 7 10 8 8 10 8 9 10 8 10 11 8 11 10 8 12 10 8 13 10 8 14 10 8 15 10 8 0 11 9 1 11 9 2 11 9 3 11 9 5 11 9 6 11 9 7 11 9 8 11 9 9 11 9 10 11 9 11 12 9 12 11 9 13 11 9 14 11 9 15 11 9 0 12 8 1 12 8 2 12 8 3 12 8 5 12 8 6 12 8 7 12 8 8 12 8 9 12 8 10 12 8 11 12 8 12 13 8 13 12 8 14 12 8 15 12 8 0 13 8 1 13 8 2 13 8 3 13 8 5 13 8 6 13 8 7 13 8 8 13 8 9 13 8 10 13 8 11 13 8 12 13 8 13 14 8 14 13 8 15 13 8 0 14 8 1 14 8 2 14 8 3 14 8 5 14 8 6 14 8 7 14 8 8 14 8 9 14 8 10 14 8 11 14 8 12 14 8 13 14 8 14 15 8 15 14 8 0 15 8 1 15 8 2 15 8 3 15 8 5 15 8 6 15 8 7 15 8 8 15 8 9 15 8 10 15 8 11 15 8 12 15 8 13 15 8 14 15 8 15 0 8
376 6071 1 1 1 0 13 1
377 6072 1 1 1 7 8 3
378 6091 14 14 1 1 15 1 2 15 1 3 15 1 4 15 1 6 15 1 7 15 1 8 15 1 9 15 1 10 15 1 11 15 1 12 15 1 13 15 1 14 15 1 15 0 1
379 6096 1 1 1 1 10 1
380 6097 1 1 1 2 6 1
381 6099 1 1 1 0 1 1
382 6105 2 2 1 3 14 24 10 14 24
383 6105 1 1 1 5 6 1
384 6256 70 14 5 0 1 5 1 0 5 2 0 5 5 0 5 6 0 5 7 0 5 8 0 5 9 0 5 10 0 5 11 0 5 12 0 5 13 0 5 14 0 5 15 0 5 0 1 5 1 2 5 2 1 5 5 1 5 6 1 5 7 1 5 8 1 5 9 1 5 10 1 5 11 1 5 12 1 5 13 1 5 14 1 5 15 1 5 0 2 5 1 2 5 2 3 5 5 2 5 6 2 5 7 2 5 8 2 5 9 2 5 10 2 5 11 2 5 12 2 5 13 2 5 14 2 5 15 2 5 0 9 5 1 9 5 2 9 5 5 9 5 6 9 5 7 9 5 8 9 5 9 10 5 10 9 5 11 9 5 12 9 5 13 9 5 14 9 5 15 9 5 0 13 5 1 13 5 2 13 5 5 13 5 6 13 5 7 13 5 8 13 5 9 13 5 10 13 5 11 13 5 12 13 5 13 14 5 14 13 5 15 13 5
385 6259 1 1 1 0 10 18
386 6263 1 1 1 10 4 1
387 6265 1 1 1 1 3 1
388 6267 1 1 1 5 13 1
389 6287 10 5 2 0 8 47 6 8 47 8 9 47 10 8 47 12 8 47 0 12 47 6 12 47 8 12 47 10 12 47 12 13 47
390 6402 70 14 5 0 1 5 1 0 5 2 0 5 3 0 5 5 0 5 6 0 5 7 0 5 8 0 5 9 0 5 10 0 5 11 0 5 12 0 5 14 0 5 15 0 5 0 5 5 1 5 5 2 5 5 3 5 5 5 6 5 6 5 5 7 5 5 8 5 5 9 5 5 10 5 5 11 5 5 12 5 5 14 5 5 15 5 5 0 6 5 1 6 5 2 6 5 3 6 5 5 6 5 6 7 5 7 6 5 8 6 5 9 6 5 10 6 5 11 6 5 12 6 5 14 6 5 15 6 5 0 10 5 1 10 5 2 10 5 3 10 5 5 10 5 6 10 5 7 10 5 8 10 5 9 10 5 10 11 5 11 10 5 12 10 5 14 10 5 15 10 5 0 13 5 1 13 5 2 13 5 3 13 5 5 13 5 6 13 5 7 13 5 8 13 5 9 13 5 10 13 5 11 13 5 12 13 5 14 13 5 15 13 5
391 6403 1 1 1 12 11 1
392 6411 7 7 1 1 12 1 2 12 1 5 12 1 7 12 1 11 12 1 12 13 1 15 12 1
393 6535 75 15 5 0 2 4 1 2 4 2 3 4 3 2 4 4 2 4 5 2 4 6 2 4 7 2 4 8 2 4 9 2 4 10 2 4 11 2 4 12 2 4 13 2 4 14 2 4 0 7 4 1 7 4 2 7 4 3 7 4 4 7 4 5 7 4 6 7 4 7 8 4 8 7 4 9 7 4 10 7 4 11 7 4 12 7 4 13 7 4 14 7 4 0 9 4 1 9 4 2 9 4 3 9 4 4 9 4 5 9 4 6 9 4 7 9 4 8 9 4 9 10 4 10 9 4 11 9 4 12 9 4 13 9 4 14 9 4 0 10 4 1 10 4 2 10 4 3 10 4 4 10 4 5 10 4 6 10 4 7 10 4 8 10 4 9 10 4 10 11 4 11 10 4 12 10 4 13 10 4 14 10 4 0 15 4 1 15 4 2 15 4 3 15 4 4 15 4 5 15 4 6 15 4 7 15 4 8 15 4 9 15 4 10 15 4 11 15 4 12 15 4 13 15 4 14 15 4
394 6694 70 14 5 0 1 5 1 2 5 2 1 5 3 1 5 4 1 5 5 1 5 6 1 5 7 1 5 8 1 5 9 1 5 11 1 5 12 1 5 14 1 5 15 1 5 0 2 5 1 2 5 2 3 5 3 2 5 4 2 5 5 2 5 6 2 5 7 2 5 8 2 5 9 2 5 11 2 5 12 2 5 14 2 5 15 2 5 0 3 5 1 3 5 2 3 5 3 4 5 4 3 5 5 3 5 6 3 5 7 3 5 8 3 5 9 3 5 11 3 5 12 3 5 14 3 5 15 3 5 0 5 5 1 5 5 2 5 5 3 5 5 4 5 5 5 6 5 6 5 5 7 5 5 8 5 5 9 5 5 11 5 5 12 5 5 14 5 5 15 5 5 0 15 5 1 15 5 2 15 5 3 15 5 4 15 5 5 15 5 6 15 5 7 15 5 8 15 5 9 15 5 11 15 5 12 15 5 14 15 5 15 0 5
395 6695 1 1 1 13 0 1
396 6711 7 7 1 5 6 1 6 5 1 7 5 1 9 5 1 12 5 1 13 5 1 15 5 1
397 6717 1 1 1 9 14 1
398 6718 1 1 1 15 6 1
399 6729 7 7 1 0 1 1 1 2 1 3 1 1 4 1 1 5 1 1 9 1 1 10 1 1
