5 50
0 4 1 1 1 0 3 1
1 11 2 2 1 1 4 1 4 0 1
2 13 1 1 1 3 1 1
3 17 1 1 1 0 1 1
4 28 3 3 1 0 4 1 1 4 1 2 4 1
5 50 5 5 1 0 1 1 1 0 1 2 0 1 3 0 1 4 0 1
6 50 1 1 1 3 1 1
7 60 1 1 1 3 2 1
8 64 1 1 1 3 4 1
9 75 1 1 1 3 4 1
10 93 2 2 1 1 2 1 2 1 1
11 97 1 1 1 4 3 1
12 104 2 2 1 1 2 1 2 1 1
13 110 2 2 1 1 2 21 4 1 21
14 111 1 1 1 4 2 1
15 124 1 1 1 4 1 1
16 147 2 2 1 3 2 1 4 2 1
17 171 1 1 1 0 4 1
18 192 3 3 1 0 1 2 2 0 2 3 0 2
19 200 1 1 1 2 0 1
20 220 3 3 1 0 1 50 1 0 50 4 0 50
21 229 2 2 1 0 1 21 1 0 21
22 239 1 1 1 1 0 1
23 244 1 1 1 1 2 1
24 261 1 1 1 0 1 1
25 267 2 2 1 2 3 1 3 4 1
26 280 2 2 1 0 4 50 1 4 50
27 309 2 2 1 0 4 50 3 4 50
28 311 1 1 1 3 4 1
29 317 1 1 1 0 2 1
30 323 1 1 1 3 4 3
31 331 3 3 1 0 3 1 1 3 1 4 3 1
32 344 1 1 1 2 4 1
33 344 1 1 1 1 3 7
34 350 1 1 1 4 0 1
35 400 4 4 1 1 2 1 2 3 1 3 2 1 4 2 1
36 401 1 1 1 2 0 7
37 426 4 4 1 0 1 1 1 0 1 2 0 1 3 0 1
38 443 2 2 1 0 2 31 4 2 31
39 446 1 1 1 0 4 1
40 447 1 1 1 4 2 1
41 454 4 4 1 0 2 32 2 3 32 3 2 32 4 2 32
42 462 2 2 1 1 2 5 2 3 5
43 464 3 3 1 0 3 1 2 3 1 3 4 1
44 464 1 1 1 0 1 1
45 480 1 1 1 2 1 1
46 488 1 1 1 2 0 1
47 505 1 1 1 2 0 1
48 509 1 1 1 2 0 1
49 522 1 1 1 1 2 1
