16 50
0 0 2 2 1 0 11 1 3 11 1
1 0 1 1 1 11 12 1
2 2 6 2 1 5 14 50 5 14 50 5 14 11 12 14 50 12 14 50 12 14 11
3 4 7 7 1 1 2 1 2 1 1 3 1 1 5 1 1 9 1 1 10 1 1 15 1 1
4 7 13 13 1 0 10 1 1 10 1 3 10 1 4 10 1 5 10 1 6 10 1 7 10 1 8 10 1 9 10 1 10 11 1 11 10 1 12 10 1 15 10 1
5 11 16 1 16 2 0 2 2 1 1 2 3 2 2 3 1 2 4 1 2 5 1 2 6 1 2 7 1 2 8 2 2 9 1 2 10 1 2 11 1 2 12 1 2 13 1 2 14 2 2 15 1
6 12 7 7 1 2 7 1 5 7 1 6 7 1 7 8 1 8 7 1 12 7 1 13 7 1
7 13 2 2 1 7 2 1 14 2 1
8 14 2 2 1 6 4 1 9 4 1
9 15 1 1 1 5 2 1
10 15 1 1 1 2 7 1
11 19 13 13 1 1 4 1 2 4 1 3 4 1 5 4 1 6 4 1 7 4 1 9 4 1 10 4 1 11 4 1 12 4 1 13 4 1 14 4 1 15 4 1
12 21 7 7 1 0 1 1 2 1 1 3 1 1 5 1 1 7 1 1 11 1 1 13 1 1
13 22 4 2 1 8 7 50 8 7 5 12 7 50 12 7 5
14 27 14 14 1 1 12 1 2 12 1 3 12 1 4 12 1 5 12 1 6 12 1 7 12 1 8 12 1 10 12 1 11 12 1 12 13 1 13 12 1 14 12 1 15 12 1
15 28 5 5 1 1 10 1 5 10 1 9 10 1 11 10 1 12 10 1
16 28 1 1 1 11 5 1
17 29 2 2 1 9 0 19 12 0 19
18 31 11 1 11 14 0 3 14 1 3 14 2 3 14 3 6 14 4 3 14 5 2 14 8 6 14 11 3 14 12 3 14 13 3 14 15 3
19 32 3 3 1 4 15 2 8 15 2 11 15 2
20 32 2 2 1 2 4 21 13 4 21
21 34 6 2 1 6 12 50 6 12 50 6 12 11 12 13 50 12 13 50 12 13 11
22 37 7 7 1 2 15 1 4 15 1 7 15 1 10 15 1 11 15 1 13 15 1 14 15 1
23 37 1 1 1 13 5 1
24 41 13 13 1 0 1 1 2 1 1 3 1 1 5 1 1 6 1 1 8 1 1 9 1 1 10 1 1 11 1 1 12 1 1 13 1 1 14 1 1 15 1 1
25 41 1 1 1 10 1 1
26 45 13 13 1 1 2 1 2 3 1 3 2 1 4 2 1 6 2 1 7 2 1 8 2 1 9 2 1 10 2 1 11 2 1 12 2 1 14 2 1 15 2 1
27 46 2 2 1 7 14 1 14 15 1
28 47 2 2 1 8 15 1 11 15 1
29 49 10 5 2 0 11 1 2 11 1 4 11 1 8 11 1 11 12 1 0 13 1 2 13 1 4 13 1 8 13 1 11 13 1
30 49 3 3 1 0 8 1 2 8 1 13 8 1
31 53 7 7 1 4 1 1 5 1 1 6 1 1 9 1 1 10 1 1 12 1 1 15 1 1
32 55 14 14 1 1 3 1 2 3 1 3 4 1 4 3 1 5 3 1 6 3 1 7 3 1 9 3 1 10 3 1 11 3 1 12 3 1 13 3 1 14 3 1 15 3 1
33 57 7 7 1 2 12 1 3 12 1 4 12 1 6 12 1 9 12 1 11 12 1 13 12 1
34 58 1 1 1 3 7 1
35 60 13 13 1 0 10 1 2 10 1 3 10 1 4 10 1 7 10 1 8 10 1 9 10 1 10 11 1 11 10 1 12 10 1 13 10 1 14 10 1 15 10 1
36 64 14 14 1 0 12 1 1 12 1 2 12 1 3 12 1 4 12 1 5 12 1 6 12 1 7 12 1 8 12 1 9 12 1 10 12 1 12 13 1 13 12 1 15 12 1
37 64 1 1 1 12 10 1
38 85 75 15 5 0 2 4 1 2 4 2 3 4 3 2 4 4 2 4 5 2 4 6 2 4 7 2 4 8 2 4 9 2 4 10 2 4 11 2 4 12 2 4 14 2 4 15 2 4 0 3 4 1 3 4 2 3 4 3 4 4 4 3 4 5 3 4 6 3 4 7 3 4 8 3 4 9 3 4 10 3 4 11 3 4 12 3 4 14 3 4 15 3 4 0 4 4 1 4 4 2 4 4 3 4 4 4 5 4 5 4 4 6 4 4 7 4 4 8 4 4 9 4 4 10 4 4 11 4 4 12 4 4 14 4 4 15 4 4 0 14 4 1 14 4 2 14 4 3 14 4 4 14 4 5 14 4 6 14 4 7 14 4 8 14 4 9 14 4 10 14 4 11 14 4 12 14 4 14 15 4 15 14 4 0 15 4 1 15 4 2 15 4 3 15 4 4 15 4 5 15 4 6 15 4 7 15 4 8 15 4 9 15 4 10 15 4 11 15 4 12 15 4 14 15 4 15 0 4
39 85 2 2 1 6 9 31 15 9 31
40 86 1 1 1 11 9 1
41 86 1 1 1 9 8 1
42 89 14 14 1 0 4 1 1 4 1 3 4 1 4 5 1 5 4 1 6 4 1 7 4 1 9 4 1 10 4 1 11 4 1 12 4 1 13 4 1 14 4 1 15 4 1
43 89 1 1 1 13 5 1
44 89 1 1 1 2 9 1
45 89 1 1 1 11 15 1
46 113 75 15 5 0 1 4 1 0 4 2 0 4 3 0 4 4 0 4 5 0 4 6 0 4 7 0 4 9 0 4 10 0 4 11 0 4 12 0 4 13 0 4 14 0 4 15 0 4 0 2 4 1 2 4 2 3 4 3 2 4 4 2 4 5 2 4 6 2 4 7 2 4 9 2 4 10 2 4 11 2 4 12 2 4 13 2 4 14 2 4 15 2 4 0 9 4 1 9 4 2 9 4 3 9 4 4 9 4 5 9 4 6 9 4 7 9 4 9 10 4 10 9 4 11 9 4 12 9 4 13 9 4 14 9 4 15 9 4 0 10 4 1 10 4 2 10 4 3 10 4 4 10 4 5 10 4 6 10 4 7 10 4 9 10 4 10 11 4 11 10 4 12 10 4 13 10 4 14 10 4 15 10 4 0 15 4 1 15 4 2 15 4 3 15 4 4 15 4 5 15 4 6 15 4 7 15 4 9 15 4 10 15 4 11 15 4 12 15 4 13 15 4 14 15 4 15 0 4
47 114 1 1 1 10 1 1
48 115 6 2 1 9 8 50 9 8 50 9 8 38 15 8 50 15 8 50 15 8 38
49 116 2 2 1 2 3 23 3 2 23
