16 526
0 101 60 4 15 0 1 2 1 0 2 9 0 2 11 0 2 0 1 2 1 2 2 9 1 2 11 1 2 0 2 2 1 2 2 9 2 2 11 2 2 0 3 2 1 3 2 9 3 2 11 3 2 0 4 2 1 4 2 9 4 2 11 4 2 0 5 5 1 5 5 9 5 5 11 5 5 0 6 3 1 6 3 9 6 3 11 6 3 0 7 2 1 7 2 9 7 2 11 7 2 0 8 2 1 8 2 9 8 2 11 8 2 0 10 2 1 10 2 9 10 2 11 10 2 0 11 2 1 11 2 9 11 2 11 12 2 0 12 2 1 12 2 9 12 2 11 12 2 0 13 2 1 13 2 9 13 2 11 13 2 0 14 2 1 14 2 9 14 2 11 14 2 0 15 2 1 15 2 9 15 2 11 15 2
1 102 1 1 1 7 2 1
2 113 6 2 3 14 13 49 15 13 49 14 15 49 15 14 49 14 15 49 15 0 49
3 116 1 1 1 1 15 1
4 127 8 8 1 1 4 1 2 4 1 3 4 1 6 4 1 10 4 1 11 4 1 13 4 1 14 4 1
5 234 75 15 5 0 1 4 1 2 4 2 1 4 3 1 4 4 1 4 5 1 4 6 1 4 7 1 4 8 1 4 9 1 4 11 1 4 12 1 4 13 1 4 14 1 4 15 1 4 0 3 4 1 3 4 2 3 4 3 4 4 4 3 4 5 3 4 6 3 4 7 3 4 8 3 4 9 3 4 11 3 4 12 3 4 13 3 4 14 3 4 15 3 4 0 6 4 1 6 4 2 6 4 3 6 4 4 6 4 5 6 4 6 7 4 7 6 4 8 6 4 9 6 4 11 6 4 12 6 4 13 6 4 14 6 4 15 6 4 0 9 4 1 9 4 2 9 4 3 9 4 4 9 4 5 9 4 6 9 4 7 9 4 8 9 4 9 10 4 11 9 4 12 9 4 13 9 4 14 9 4 15 9 4 0 11 4 1 11 4 2 11 4 3 11 4 4 11 4 5 11 4 6 11 4 7 11 4 8 11 4 9 11 4 11 12 4 12 11 4 13 11 4 14 11 4 15 11 4
6 238 1 1 1 1 7 1
7 240 2 2 1 2 11 1 10 11 1
8 255 10 5 2 2 3 1 3 2 1 5 2 1 8 2 1 13 2 1 2 10 1 3 10 1 5 10 1 8 10 1 13 10 1
9 268 10 5 2 1 3 1 6 3 1 11 3 1 13 3 1 15 3 1 1 4 1 6 4 1 11 4 1 13 4 1 15 4 1
10 490 182 13 14 0 1 40 2 0 40 3 0 40 4 0 40 6 0 40 7 0 40 9 0 40 10 0 40 11 0 40 12 0 40 13 0 40 14 0 40 15 0 40 0 1 20 2 1 20 3 1 20 4 1 20 6 1 20 7 1 20 9 1 20 10 1 20 11 1 20 12 1 20 13 1 20 14 1 20 15 1 20 0 2 20 2 3 20 3 2 20 4 2 20 6 2 20 7 2 20 9 2 20 10 2 20 11 2 20 12 2 20 13 2 20 14 2 20 15 2 20 0 3 20 2 3 20 3 4 20 4 3 20 6 3 20 7 3 20 9 3 20 10 3 20 11 3 20 12 3 20 13 3 20 14 3 20 15 3 20 0 4 20 2 4 20 3 4 20 4 5 20 6 4 20 7 4 20 9 4 20 10 4 20 11 4 20 12 4 20 13 4 20 14 4 20 15 4 20 0 5 20 2 5 20 3 5 20 4 5 20 6 5 20 7 5 20 9 5 20 10 5 20 11 5 20 12 5 20 13 5 20 14 5 20 15 5 20 0 6 23 2 6 23 3 6 23 4 6 23 6 7 23 7 6 23 9 6 23 10 6 23 11 6 23 12 6 23 13 6 23 14 6 23 15 6 23 0 8 20 2 8 20 3 8 20 4 8 20 6 8 20 7 8 20 9 8 20 10 8 20 11 8 20 12 8 20 13 8 20 14 8 20 15 8 20 0 9 20 2 9 20 3 9 20 4 9 20 6 9 20 7 9 20 9 10 20 10 9 20 11 9 20 12 9 20 13 9 20 14 9 20 15 9 20 0 10 41 2 10 41 3 10 41 4 10 41 6 10 41 7 10 41 9 10 41 10 11 41 11 10 41 12 10 41 13 10 41 14 10 41 15 10 41 0 12 20 2 12 20 3 12 20 4 12 20 6 12 20 7 12 20 9 12 20 10 12 20 11 12 20 12 13 20 13 12 20 14 12 20 15 12 20 0 13 20 2 13 20 3 13 20 4 13 20 6 13 20 7 13 20 9 13 20 10 13 20 11 13 20 12 13 20 13 14 20 14 13 20 15 13 20 0 14 20 2 14 20 3 14 20 4 14 20 6 14 20 7 14 20 9 14 20 10 14 20 11 14 20 12 14 20 13 14 20 14 15 20 15 14 20 0 15 20 2 15 20 3 15 20 4 15 20 6 15 20 7 15 20 9 15 20 10 15 20 11 15 20 12 15 20 13 15 20 14 15 20 15 0 20
11 490 1 1 1 6 1 1
12 492 1 1 1 1 6 1
13 499 2 2 1 1 5 22 14 5 22
14 502 1 1 1 12 11 1
15 502 1 1 1 14 3 1
16 503 1 1 1 12 3 1
17 506 1 1 1 2 13 1
18 511 2 2 1 7 4 2 13 4 2
19 513 1 1 1 0 13 1
20 515 1 1 1 5 7 6
21 544 13 13 1 1 0 1 2 0 1 3 0 1 4 0 1 6 0 1 7 0 1 8 0 1 9 0 1 10 0 1 11 0 1 13 0 1 14 0 1 15 0 1
22 545 1 1 1 15 9 1
23 547 1 1 1 15 14 1
24 548 1 1 1 9 10 1
25 559 6 3 1 0 10 50 0 10 13 11 10 50 11 10 13 15 10 50 15 10 13
26 564 2 2 1 10 5 25 11 5 25
27 571 6 3 1 0 11 50 0 11 14 1 11 50 1 11 14 3 11 50 3 11 14
28 573 4 4 1 2 3 1 4 3 1 10 3 1 14 3 1
29 578 6 3 1 6 3 50 6 3 14 12 3 50 12 3 14 13 3 50 13 3 14
30 579 1 1 1 8 12 1
31 579 1 1 1 12 3 1
32 586 7 7 1 0 11 1 1 11 1 2 11 1 3 11 1 4 11 1 7 11 1 15 11 1
33 588 1 1 1 1 15 1
34 596 7 7 1 0 10 1 1 10 1 6 10 1 8 10 1 10 11 1 11 10 1 13 10 1
35 597 1 1 1 7 15 1
36 621 18 3 1 2 1 50 2 1 50 2 1 50 2 1 50 2 1 50 2 1 29 9 1 50 9 1 50 9 1 50 9 1 50 9 1 50 9 1 29 12 1 50 12 1 50 12 1 50 12 1 50 12 1 50 12 1 29
37 631 7 7 1 0 10 1 1 10 1 3 10 1 8 10 1 9 10 1 10 11 1 12 10 1
38 633 2 2 1 0 1 21 3 1 21
39 655 14 14 1 2 13 1 3 13 1 4 13 1 5 13 1 6 13 1 7 13 1 8 13 1 9 13 1 10 13 1 11 13 1 12 13 1 13 14 1 14 13 1 15 13 1
40 672 15 15 1 0 1 1 1 0 1 2 0 1 3 0 1 4 0 1 5 0 1 6 0 1 7 0 1 8 0 1 9 0 1 11 0 1 12 0 1 13 0 1 14 0 1 15 0 1
41 674 2 2 1 5 7 21 12 7 21
42 675 1 1 1 13 0 1
43 676 1 1 1 11 13 1
44 696 13 13 1 0 1 1 1 0 1 4 0 1 6 0 1 7 0 1 8 0 1 9 0 1 10 0 1 11 0 1 12 0 1 13 0 1 14 0 1 15 0 1
45 708 13 13 1 1 4 1 2 4 1 3 4 1 5 4 1 6 4 1 7 4 1 9 4 1 10 4 1 11 4 1 12 4 1 13 4 1 14 4 1 15 4 1
46 708 1 1 1 2 12 1
47 714 1 1 1 4 2 1
48 715 2 2 1 7 10 24 12 10 24
49 716 1 1 1 7 6 1
50 719 1 1 1 6 2 1
51 721 1 1 1 13 14 1
52 727 7 7 1 0 8 1 1 8 1 5 8 1 10 8 1 11 8 1 14 8 1 15 8 1
53 734 3 3 1 7 8 2 9 7 2 15 7 2
54 1049 225 15 15 0 1 8 2 0 8 3 0 8 4 0 8 5 0 8 6 0 8 7 0 8 8 0 8 9 0 8 10 0 8 11 0 8 12 0 8 13 0 8 14 0 8 15 0 8 0 1 8 2 1 8 3 1 8 4 1 8 5 1 8 6 1 8 7 1 8 8 1 8 9 1 8 10 1 8 11 1 8 12 1 8 13 1 8 14 1 8 15 1 8 0 2 8 2 3 8 3 2 8 4 2 8 5 2 8 6 2 8 7 2 8 8 2 8 9 2 8 10 2 8 11 2 8 12 2 8 13 2 8 14 2 8 15 2 8 0 3 8 2 3 8 3 4 8 4 3 8 5 3 8 6 3 8 7 3 8 8 3 8 9 3 8 10 3 8 11 3 8 12 3 8 13 3 8 14 3 8 15 3 8 0 4 8 2 4 8 3 4 8 4 5 8 5 4 8 6 4 8 7 4 8 8 4 8 9 4 8 10 4 8 11 4 8 12 4 8 13 4 8 14 4 8 15 4 8 0 5 8 2 5 8 3 5 8 4 5 8 5 6 8 6 5 8 7 5 8 8 5 8 9 5 8 10 5 8 11 5 8 12 5 8 13 5 8 14 5 8 15 5 8 0 6 8 2 6 8 3 6 8 4 6 8 5 6 8 6 7 8 7 6 8 8 6 8 9 6 8 10 6 8 11 6 8 12 6 8 13 6 8 14 6 8 15 6 8 0 7 16 2 7 16 3 7 16 4 7 16 5 7 16 6 7 16 7 8 16 8 7 16 9 7 16 10 7 16 11 7 16 12 7 16 13 7 16 14 7 16 15 7 16 0 8 8 2 8 8 3 8 8 4 8 8 5 8 8 6 8 8 7 8 8 8 9 8 9 8 8 10 8 8 11 8 8 12 8 8 13 8 8 14 8 8 15 8 8 0 10 8 2 10 8 3 10 8 4 10 8 5 10 8 6 10 8 7 10 8 8 10 8 9 10 8 10 11 8 11 10 8 12 10 8 13 10 8 14 10 8 15 10 8 0 11 9 2 11 9 3 11 9 4 11 9 5 11 9 6 11 9 7 11 9 8 11 9 9 11 9 10 11 9 11 12 9 12 11 9 13 11 9 14 11 9 15 11 9 0 12 8 2 12 8 3 12 8 4 12 8 5 12 8 6 12 8 7 12 8 8 12 8 9 12 8 10 12 8 11 12 8 12 13 8 13 12 8 14 12 8 15 12 8 0 13 8 2 13 8 3 13 8 4 13 8 5 13 8 6 13 8 7 13 8 8 13 8 9 13 8 10 13 8 11 13 8 12 13 8 13 14 8 14 13 8 15 13 8 0 14 8 2 14 8 3 14 8 4 14 8 5 14 8 6 14 8 7 14 8 8 14 8 9 14 8 10 14 8 11 14 8 12 14 8 13 14 8 14 15 8 15 14 8 0 15 8 2 15 8 3 15 8 4 15 8 5 15 8 6 15 8 7 15 8 8 15 8 9 15 8 10 15 8 11 15 8 12 15 8 13 15 8 14 15 8 15 0 8
55 1060 4 2 1 5 8 50 5 8 26 14 8 50 14 8 26
56 1073 10 5 2 0 3 1 2 3 1 5 3 1 10 3 1 15 3 1 0 15 1 2 15 1 5 15 1 10 15 1 15 0 1
57 1073 1 1 1 5 11 1
58 1075 1 1 1 0 1 6
59 1076 1 1 1 14 11 1
60 1076 1 1 1 0 5 1
61 1091 13 13 1 0 1 1 1 0 1 2 0 1 3 0 1 5 0 1 6 0 1 7 0 1 8 0 1 9 0 1 10 0 1 12 0 1 14 0 1 15 0 1
62 1106 7 7 1 0 6 1 5 6 1 6 7 1 7 6 1 8 6 1 10 6 1 13 6 1
63 1109 2 2 1 1 5 21 11 5 21
64 1109 1 1 1 6 5 1
65 1113 2 2 1 2 14 41 7 14 41
66 1191 60 4 15 3 0 2 4 0 2 8 0 2 10 0 2 3 1 2 4 1 2 8 1 2 10 1 2 3 2 2 4 2 2 8 2 2 10 2 2 3 4 2 4 3 2 8 3 2 10 3 2 3 4 2 4 5 2 8 4 2 10 4 2 3 5 5 4 5 5 8 5 5 10 5 5 3 6 3 4 6 3 8 6 3 10 6 3 3 7 2 4 7 2 8 7 2 10 7 2 3 8 2 4 8 2 8 9 2 10 8 2 3 10 2 4 10 2 8 10 2 10 11 2 3 11 2 4 11 2 8 11 2 10 11 2 3 12 2 4 12 2 8 12 2 10 12 2 3 13 2 4 13 2 8 13 2 10 13 2 3 14 2 4 14 2 8 14 2 10 14 2 3 15 2 4 15 2 8 15 2 10 15 2
67 1194 2 2 1 5 6 19 10 5 19
68 1194 1 1 1 0 9 1
69 1202 7 7 1 0 12 1 3 12 1 4 12 1 5 12 1 6 12 1 9 12 1 13 12 1
70 1202 1 1 1 2 3 1
71 1204 2 2 1 13 15 1 14 15 1
72 1227 13 13 1 0 9 1 1 9 1 2 9 1 3 9 1 7 9 1 8 9 1 9 10 1 10 9 1 11 9 1 12 9 1 13 9 1 14 9 1 15 9 1
73 1232 1 1 1 5 15 1
74 1234 1 1 1 5 6 1
75 1235 2 1 1 8 14 50 8 14 9
76 1236 1 1 1 6 3 1
77 1239 1 1 1 2 15 1
78 1239 1 1 1 0 10 1
79 1246 7 7 1 0 8 1 5 8 1 7 8 1 8 9 1 9 8 1 11 8 1 14 8 1
80 1262 13 13 1 0 1 1 1 0 1 2 0 1 4 0 1 5 0 1 6 0 1 7 0 1 8 0 1 11 0 1 12 0 1 13 0 1 14 0 1 15 0 1
81 1266 6 3 1 8 0 50 8 0 5 9 0 50 9 0 5 14 0 50 14 0 5
82 1269 1 1 1 15 3 1
83 1276 7 7 1 0 9 1 1 9 1 2 9 1 4 9 1 8 9 1 13 9 1 14 9 1
84 1277 1 1 1 4 6 1
85 1301 12 6 2 0 3 1 6 3 1 10 3 1 11 3 1 14 3 1 15 3 1 0 15 1 6 15 1 10 15 1 11 15 1 14 15 1 15 0 1
86 1603 225 15 15 0 1 8 1 0 8 2 0 8 3 0 8 4 0 8 6 0 8 7 0 8 8 0 8 9 0 8 10 0 8 11 0 8 12 0 8 13 0 8 14 0 8 15 0 8 0 1 8 1 2 8 2 1 8 3 1 8 4 1 8 6 1 8 7 1 8 8 1 8 9 1 8 10 1 8 11 1 8 12 1 8 13 1 8 14 1 8 15 1 8 0 3 8 1 3 8 2 3 8 3 4 8 4 3 8 6 3 8 7 3 8 8 3 8 9 3 8 10 3 8 11 3 8 12 3 8 13 3 8 14 3 8 15 3 8 0 4 8 1 4 8 2 4 8 3 4 8 4 5 8 6 4 8 7 4 8 8 4 8 9 4 8 10 4 8 11 4 8 12 4 8 13 4 8 14 4 8 15 4 8 0 5 8 1 5 8 2 5 8 3 5 8 4 5 8 6 5 8 7 5 8 8 5 8 9 5 8 10 5 8 11 5 8 12 5 8 13 5 8 14 5 8 15 5 8 0 6 8 1 6 8 2 6 8 3 6 8 4 6 8 6 7 8 7 6 8 8 6 8 9 6 8 10 6 8 11 6 8 12 6 8 13 6 8 14 6 8 15 6 8 0 7 8 1 7 8 2 7 8 3 7 8 4 7 8 6 7 8 7 8 8 8 7 8 9 7 8 10 7 8 11 7 8 12 7 8 13 7 8 14 7 8 15 7 8 0 8 16 1 8 16 2 8 16 3 8 16 4 8 16 6 8 16 7 8 16 8 9 16 9 8 16 10 8 16 11 8 16 12 8 16 13 8 16 14 8 16 15 8 16 0 9 8 1 9 8 2 9 8 3 9 8 4 9 8 6 9 8 7 9 8 8 9 8 9 10 8 10 9 8 11 9 8 12 9 8 13 9 8 14 9 8 15 9 8 0 10 8 1 10 8 2 10 8 3 10 8 4 10 8 6 10 8 7 10 8 8 10 8 9 10 8 10 11 8 11 10 8 12 10 8 13 10 8 14 10 8 15 10 8 0 11 9 1 11 9 2 11 9 3 11 9 4 11 9 6 11 9 7 11 9 8 11 9 9 11 9 10 11 9 11 12 9 12 11 9 13 11 9 14 11 9 15 11 9 0 12 8 1 12 8 2 12 8 3 12 8 4 12 8 6 12 8 7 12 8 8 12 8 9 12 8 10 12 8 11 12 8 12 13 8 13 12 8 14 12 8 15 12 8 0 13 8 1 13 8 2 13 8 3 13 8 4 13 8 6 13 8 7 13 8 8 13 8 9 13 8 10 13 8 11 13 8 12 13 8 13 14 8 14 13 8 15 13 8 0 14 8 1 14 8 2 14 8 3 14 8 4 14 8 6 14 8 7 14 8 8 14 8 9 14 8 10 14 8 11 14 8 12 14 8 13 14 8 14 15 8 15 14 8 0 15 8 1 15 8 2 15 8 3 15 8 4 15 8 6 15 8 7 15 8 8 15 8 9 15 8 10 15 8 11 15 8 12 15 8 13 15 8 14 15 8 15 0 8
87 1606 1 1 1 9 3 1
88 1607 2 2 1 6 4 21 13 4 21
89 1633 14 14 1 0 12 1 1 12 1 2 12 1 3 12 1 4 12 1 5 12 1 7 12 1 9 12 1 10 12 1 11 12 1 12 13 1 13 12 1 14 12 1 15 12 1
90 1652 15 15 1 0 7 1 1 7 1 2 7 1 3 7 1 4 7 1 5 7 1 6 7 1 7 8 1 8 7 1 9 7 1 10 7 1 11 7 1 12 7 1 13 7 1 14 7 1
91 1655 2 2 1 7 0 1 10 0 1
92 1666 7 7 1 2 7 1 3 7 1 8 7 1 10 7 1 11 7 1 12 7 1 15 7 1
93 1681 7 7 1 1 10 1 3 10 1 5 10 1 7 10 1 8 10 1 12 10 1 13 10 1
94 1681 1 1 1 8 13 1
95 1687 4 4 1 2 3 1 4 3 1 9 3 1 13 3 1
96 1688 1 1 1 8 12 1
97 1690 2 2 1 5 2 22 10 2 22
98 1763 60 15 4 0 2 5 1 2 5 2 3 5 3 2 5 4 2 5 5 2 5 6 2 5 8 2 5 9 2 5 10 2 5 11 2 5 12 2 5 13 2 5 14 2 5 15 2 5 0 12 9 1 12 9 2 12 9 3 12 9 4 12 9 5 12 9 6 12 9 8 12 9 9 12 9 10 12 9 11 12 9 12 13 9 13 12 9 14 12 9 15 12 9 0 14 5 1 14 5 2 14 5 3 14 5 4 14 5 5 14 5 6 14 5 8 14 5 9 14 5 10 14 5 11 14 5 12 14 5 13 14 5 14 15 5 15 14 5 0 15 5 1 15 5 2 15 5 3 15 5 4 15 5 5 15 5 6 15 5 8 15 5 9 15 5 10 15 5 11 15 5 12 15 5 13 15 5 14 15 5 15 0 5
99 1765 1 1 1 4 8 1
100 2015 180 12 15 1 0 4 2 0 4 3 0 4 4 0 4 6 0 4 7 0 4 8 0 4 11 0 4 12 0 4 13 0 4 14 0 4 15 0 4 1 2 4 2 1 4 3 1 4 4 1 4 6 1 4 7 1 4 8 1 4 11 1 4 12 1 4 13 1 4 14 1 4 15 1 4 1 2 4 2 3 4 3 2 4 4 2 4 6 2 4 7 2 4 8 2 4 11 2 4 12 2 4 13 2 4 14 2 4 15 2 4 1 4 4 2 4 4 3 4 4 4 5 4 6 4 4 7 4 4 8 4 4 11 4 4 12 4 4 13 4 4 14 4 4 15 4 4 1 5 4 2 5 4 3 5 4 4 5 4 6 5 4 7 5 4 8 5 4 11 5 4 12 5 4 13 5 4 14 5 4 15 5 4 1 6 8 2 6 8 3 6 8 4 6 8 6 7 8 7 6 8 8 6 8 11 6 8 12 6 8 13 6 8 14 6 8 15 6 8 1 7 5 2 7 5 3 7 5 4 7 5 6 7 5 7 8 5 8 7 5 11 7 5 12 7 5 13 7 5 14 7 5 15 7 5 1 8 4 2 8 4 3 8 4 4 8 4 6 8 4 7 8 4 8 9 4 11 8 4 12 8 4 13 8 4 14 8 4 15 8 4 1 9 4 2 9 4 3 9 4 4 9 4 6 9 4 7 9 4 8 9 4 11 9 4 12 9 4 13 9 4 14 9 4 15 9 4 1 10 4 2 10 4 3 10 4 4 10 4 6 10 4 7 10 4 8 10 4 11 10 4 12 10 4 13 10 4 14 10 4 15 10 4 1 11 4 2 11 4 3 11 4 4 11 4 6 11 4 7 11 4 8 11 4 11 12 4 12 11 4 13 11 4 14 11 4 15 11 4 1 12 4 2 12 4 3 12 4 4 12 4 6 12 4 7 12 4 8 12 4 11 12 4 12 13 4 13 12 4 14 12 4 15 12 4 1 13 4 2 13 4 3 13 4 4 13 4 6 13 4 7 13 4 8 13 4 11 13 4 12 13 4 13 14 4 14 13 4 15 13 4 1 14 4 2 14 4 3 14 4 4 14 4 6 14 4 7 14 4 8 14 4 11 14 4 12 14 4 13 14 4 14 15 4 15 14 4 1 15 4 2 15 4 3 15 4 4 15 4 6 15 4 7 15 4 8 15 4 11 15 4 12 15 4 13 15 4 14 15 4 15 0 4
101 2018 3 3 1 5 8 2 7 8 2 8 9 2
102 2021 1 1 1 15 11 2
103 2022 2 2 1 1 13 19 14 13 19
104 2026 1 1 1 1 5 1
105 2091 60 15 4 0 1 5 1 0 5 3 0 5 4 0 5 5 0 5 6 0 5 7 0 5 8 0 5 9 0 5 10 0 5 11 0 5 12 0 5 13 0 5 14 0 5 15 0 5 0 9 9 1 9 9 3 9 9 4 9 9 5 9 9 6 9 9 7 9 9 8 9 9 9 10 9 10 9 9 11 9 9 12 9 9 13 9 9 14 9 9 15 9 9 0 14 5 1 14 5 3 14 5 4 14 5 5 14 5 6 14 5 7 14 5 8 14 5 9 14 5 10 14 5 11 14 5 12 14 5 13 14 5 14 15 5 15 14 5 0 15 5 1 15 5 3 15 5 4 15 5 5 15 5 6 15 5 7 15 5 8 15 5 9 15 5 10 15 5 11 15 5 12 15 5 13 15 5 14 15 5 15 0 5
106 2094 1 1 1 0 10 1
107 2108 7 7 1 0 14 1 1 14 1 2 14 1 4 14 1 7 14 1 12 14 1 14 15 1
108 2130 14 14 1 0 9 1 1 9 1 3 9 1 4 9 1 5 9 1 6 9 1 7 9 1 8 9 1 9 10 1 10 9 1 11 9 1 12 9 1 14 9 1 15 9 1
109 2139 7 7 1 1 0 1 3 0 1 6 0 1 8 0 1 10 0 1 12 0 1 13 0 1
110 2147 6 3 1 2 8 50 2 8 5 4 8 50 4 8 5 13 8 50 13 8 5
111 2153 5 5 1 1 2 1 3 1 1 5 1 1 10 1 1 11 1 1
112 2157 2 2 1 5 10 22 12 10 22
113 2162 2 2 1 1 4 1 2 4 1
114 2177 13 13 1 0 13 1 1 13 1 2 13 1 5 13 1 6 13 1 7 13 1 8 13 1 9 13 1 10 13 1 11 13 1 12 13 1 13 14 1 14 13 1
115 2177 1 1 1 3 4 1
116 2186 2 2 1 1 14 1 8 14 1
117 2201 7 7 1 6 0 1 7 0 1 8 0 1 9 0 1 10 0 1 11 0 1 15 0 1
118 2293 60 4 15 0 1 2 4 0 2 11 0 2 13 0 2 0 1 2 4 1 2 11 1 2 13 1 2 0 2 2 4 2 2 11 2 2 13 2 2 0 3 2 4 3 2 11 3 2 13 3 2 0 4 2 4 5 2 11 4 2 13 4 2 0 5 5 4 5 5 11 5 5 13 5 5 0 6 3 4 6 3 11 6 3 13 6 3 0 7 2 4 7 2 11 7 2 13 7 2 0 8 2 4 8 2 11 8 2 13 8 2 0 9 2 4 9 2 11 9 2 13 9 2 0 10 2 4 10 2 11 10 2 13 10 2 0 11 2 4 11 2 11 12 2 13 11 2 0 12 2 4 12 2 11 12 2 13 12 2 0 13 2 4 13 2 11 13 2 13 14 2 0 14 2 4 14 2 11 14 2 13 14 2
119 2296 1 1 1 13 1 1
120 2297 1 1 1 12 8 7
121 2303 5 5 1 0 5 1 1 5 1 2 5 1 8 5 1 9 5 1
122 2304 3 3 1 5 4 1 8 4 1 14 4 1
123 2306 1 1 1 8 10 1
124 2308 1 1 1 9 5 1
125 2310 2 2 1 8 5 1 14 5 1
126 2313 3 3 1 7 5 1 10 5 1 15 5 1
127 2316 1 1 1 15 0 1
128 2317 1 1 1 3 0 1
129 2318 1 1 1 3 9 1
130 2318 1 1 1 3 9 1
131 2318 1 1 1 14 8 1
132 2319 1 1 1 6 1 18
133 2320 1 1 1 10 9 1
134 2329 3 3 1 7 1 1 13 1 1 15 1 1
135 2334 2 2 1 10 14 22 12 14 22
136 2335 1 1 1 6 1 1
137 2353 14 14 1 1 14 1 2 14 1 3 14 1 4 14 1 5 14 1 6 14 1 7 14 1 8 14 1 9 14 1 10 14 1 11 14 1 12 14 1 13 14 1 15 14 1
138 2356 1 1 1 8 4 18
139 2365 6 3 1 9 3 50 9 3 5 11 3 50 11 3 5 13 3 50 13 3 5
140 2375 6 2 1 1 4 50 1 4 50 1 4 38 15 4 50 15 4 50 15 4 38
141 2378 1 1 1 12 13 1
142 2379 2 2 1 11 2 21 14 2 21
143 2395 13 13 1 0 7 1 1 7 1 3 7 1 4 7 1 5 7 1 6 7 1 7 8 1 8 7 1 10 7 1 11 7 1 13 7 1 14 7 1 15 7 1
144 2396 2 2 1 4 11 24 13 11 24
145 2396 1 1 1 4 13 2
146 2396 1 1 1 4 7 1
147 2396 1 1 1 5 2 1
148 2415 13 13 1 0 7 1 1 7 1 2 7 1 4 7 1 5 7 1 7 8 1 8 7 1 9 7 1 10 7 1 11 7 1 12 7 1 13 7 1 15 7 1
149 2432 13 1 1 6 13 50 6 13 50 6 13 50 6 13 50 6 13 50 6 13 50 6 13 50 6 13 50 6 13 50 6 13 50 6 13 50 6 13 50 6 13 38
150 2434 1 1 1 7 2 1
151 2434 1 1 1 10 2 1
152 2438 7 7 1 1 12 1 2 12 1 3 12 1 5 12 1 8 12 1 9 12 1 12 13 1
153 2456 13 13 1 0 1 1 1 0 1 2 0 1 4 0 1 5 0 1 6 0 1 9 0 1 10 0 1 11 0 1 12 0 1 13 0 1 14 0 1 15 0 1
154 2467 7 7 1 0 10 1 2 10 1 3 10 1 5 10 1 7 10 1 8 10 1 12 10 1
155 2476 7 7 1 2 9 1 4 9 1 5 9 1 7 9 1 8 9 1 14 9 1 15 9 1
156 2476 2 2 1 3 4 1 13 3 1
157 2482 1 1 1 2 3 1
158 2482 1 1 1 10 4 1
159 2485 5 5 1 1 4 1 2 4 1 5 4 1 8 4 1 13 4 1
160 2486 1 1 1 11 3 2
161 2487 1 1 1 11 9 1
162 2539 30 10 3 0 1 1 1 0 1 3 0 1 4 0 1 6 0 1 7 0 1 8 0 1 11 0 1 13 0 1 14 0 1 0 3 1 1 3 1 3 4 1 4 3 1 6 3 1 7 3 1 8 3 1 11 3 1 13 3 1 14 3 1 0 13 1 1 13 1 3 13 1 4 13 1 6 13 1 7 13 1 8 13 1 11 13 1 13 14 1 14 13 1
163 2540 2 2 1 1 6 1 9 6 1
164 2541 1 1 1 14 7 1
165 2542 1 1 1 7 14 1
166 2544 1 1 1 11 12 1
167 2547 4 2 1 2 10 50 2 10 1 4 10 50 4 10 1
168 2556 7 7 1 1 9 1 2 9 1 4 9 1 7 9 1 9 10 1 13 9 1 14 9 1
169 2565 7 7 1 0 4 1 3 4 1 6 4 1 7 4 1 11 4 1 13 4 1 15 4 1
170 2566 1 1 1 2 9 1
171 2572 2 2 1 0 14 1 8 14 1
172 2575 1 1 1 0 12 1
173 2582 7 7 1 1 6 1 2 6 1 4 6 1 6 7 1 10 6 1 11 6 1 15 6 1
174 2584 3 3 1 2 7 1 3 7 1 8 7 1
175 2588 2 2 1 5 3 5 6 3 5
176 2600 7 7 1 0 2 1 1 2 1 2 3 1 3 2 1 4 2 1 10 2 1 12 2 1
177 2600 1 1 1 7 8 1
178 2605 1 1 1 4 13 1
179 2683 60 15 4 0 7 5 1 7 5 2 7 5 3 7 5 4 7 5 5 7 5 6 7 5 7 8 5 8 7 5 9 7 5 10 7 5 11 7 5 12 7 5 13 7 5 15 7 5 0 9 9 1 9 9 2 9 9 3 9 9 4 9 9 5 9 9 6 9 9 7 9 9 8 9 9 9 10 9 10 9 9 11 9 9 12 9 9 13 9 9 15 9 9 0 14 5 1 14 5 2 14 5 3 14 5 4 14 5 5 14 5 6 14 5 7 14 5 8 14 5 9 14 5 10 14 5 11 14 5 12 14 5 13 14 5 15 14 5 0 15 5 1 15 5 2 15 5 3 15 5 4 15 5 5 15 5 6 15 5 7 15 5 8 15 5 9 15 5 10 15 5 11 15 5 12 15 5 13 15 5 15 0 5
180 2698 13 13 1 0 14 1 1 14 1 2 14 1 4 14 1 5 14 1 6 14 1 7 14 1 8 14 1 9 14 1 12 14 1 13 14 1 14 15 1 15 14 1
181 2714 7 7 1 0 3 1 2 3 1 4 3 1 5 3 1 6 3 1 12 3 1 13 3 1
182 2723 7 7 1 2 0 1 5 0 1 6 0 1 8 0 1 11 0 1 13 0 1 15 0 1
183 2729 1 1 1 8 4 1
184 2746 14 14 1 0 1 1 1 0 1 3 0 1 4 0 1 5 0 1 6 0 1 7 0 1 8 0 1 9 0 1 10 0 1 12 0 1 13 0 1 14 0 1 15 0 1
185 2747 1 1 1 9 14 1
186 2748 1 1 1 8 6 1
187 2778 14 14 1 0 12 1 1 12 1 3 12 1 4 12 1 5 12 1 6 12 1 7 12 1 8 12 1 10 12 1 11 12 1 12 13 1 13 12 1 14 12 1 15 12 1
188 2784 7 7 1 0 12 1 5 12 1 6 12 1 7 12 1 8 12 1 10 12 1 13 12 1
189 2869 60 10 3 0 1 50 0 1 21 1 0 50 1 0 21 3 0 50 3 0 21 6 0 50 6 0 21 7 0 50 7 0 21 9 0 50 9 0 21 10 0 50 10 0 21 12 0 50 12 0 21 13 0 50 13 0 21 15 0 50 15 0 21 0 6 50 0 6 21 1 6 50 1 6 21 3 6 50 3 6 21 6 7 50 6 7 21 7 6 50 7 6 21 9 6 50 9 6 21 10 6 50 10 6 21 12 6 50 12 6 21 13 6 50 13 6 21 15 6 50 15 6 21 0 7 50 0 7 8 1 7 50 1 7 8 3 7 50 3 7 8 6 7 50 6 7 8 7 8 50 7 8 8 9 7 50 9 7 8 10 7 50 10 7 8 12 7 50 12 7 8 13 7 50 13 7 8 15 7 50 15 7 8
190 2896 14 14 1 0 14 1 1 14 1 2 14 1 3 14 1 4 14 1 5 14 1 6 14 1 7 14 1 8 14 1 9 14 1 10 14 1 12 14 1 13 14 1 14 15 1
191 2897 1 1 1 5 7 1
192 2913 14 14 1 0 6 1 1 6 1 2 6 1 3 6 1 4 6 1 5 6 1 6 7 1 7 6 1 9 6 1 10 6 1 11 6 1 13 6 1 14 6 1 15 6 1
193 2924 7 7 1 0 1 1 8 1 1 9 1 1 12 1 1 13 1 1 14 1 1 15 1 1
194 2949 14 7 2 0 9 2 1 9 2 3 9 2 8 9 2 12 9 2 14 9 2 15 9 2 0 14 2 1 14 2 3 14 2 8 14 2 12 14 2 14 15 2 15 14 2
195 2970 13 13 1 0 9 1 2 9 1 4 9 1 5 9 1 6 9 1 7 9 1 8 9 1 9 10 1 10 9 1 11 9 1 13 9 1 14 9 1 15 9 1
196 2972 1 1 1 5 11 2
197 2975 1 1 1 15 2 1
198 2979 7 7 1 5 11 1 6 11 1 10 11 1 11 12 1 12 11 1 13 11 1 15 11 1
199 2980 2 2 1 4 13 24 13 14 24
200 2986 7 7 1 0 13 1 1 13 1 2 13 1 8 13 1 10 13 1 11 13 1 13 14 1
201 2986 1 1 1 7 1 1
202 3026 30 10 3 0 1 1 1 0 1 3 0 1 4 0 1 5 0 1 7 0 1 12 0 1 13 0 1 14 0 1 15 0 1 0 5 1 1 5 1 3 5 1 4 5 1 5 6 1 7 5 1 12 5 1 13 5 1 14 5 1 15 5 1 0 13 1 1 13 1 3 13 1 4 13 1 5 13 1 7 13 1 12 13 1 13 14 1 14 13 1 15 13 1
203 3028 2 2 1 5 9 46 11 9 46
204 3042 13 13 1 0 15 1 2 15 1 3 15 1 4 15 1 5 15 1 6 15 1 8 15 1 9 15 1 10 15 1 11 15 1 12 15 1 13 15 1 14 15 1
205 3047 3 3 1 2 0 1 5 0 1 13 0 1
206 3047 1 1 1 2 12 1
207 3065 13 13 1 0 5 1 2 5 1 4 5 1 5 6 1 6 5 1 7 5 1 8 5 1 9 5 1 11 5 1 12 5 1 13 5 1 14 5 1 15 5 1
208 3065 1 1 1 1 6 1
209 3082 7 7 1 0 10 1 2 10 1 3 10 1 8 10 1 9 10 1 13 10 1 15 10 1
210 3082 1 1 1 14 0 1
211 3087 1 1 1 5 15 1
212 3087 2 2 1 7 8 44 15 7 44
213 3091 2 2 1 1 15 5 4 15 5
214 3114 13 13 1 0 3 1 2 3 1 3 4 1 4 3 1 5 3 1 6 3 1 7 3 1 8 3 1 9 3 1 10 3 1 11 3 1 13 3 1 14 3 1
215 3115 1 1 1 12 13 1
216 3117 2 2 1 5 10 1 14 10 1
217 3125 6 2 1 7 8 50 7 8 50 7 8 11 8 9 50 8 9 50 8 9 11
218 3127 1 1 1 7 12 1
219 3136 10 5 2 0 9 1 6 9 1 10 9 1 11 9 1 14 9 1 0 13 1 6 13 1 10 13 1 11 13 1 14 13 1
220 3140 4 2 1 0 5 50 0 5 1 12 5 50 12 5 1
221 3141 2 2 1 6 8 21 12 8 21
222 3142 1 1 1 7 1 1
223 3143 1 1 1 1 11 1
224 3249 75 15 5 0 2 4 1 2 4 2 3 4 3 2 4 4 2 4 5 2 4 6 2 4 7 2 4 8 2 4 10 2 4 11 2 4 12 2 4 13 2 4 14 2 4 15 2 4 0 5 4 1 5 4 2 5 4 3 5 4 4 5 4 5 6 4 6 5 4 7 5 4 8 5 4 10 5 4 11 5 4 12 5 4 13 5 4 14 5 4 15 5 4 0 8 4 1 8 4 2 8 4 3 8 4 4 8 4 5 8 4 6 8 4 7 8 4 8 9 4 10 8 4 11 8 4 12 8 4 13 8 4 14 8 4 15 8 4 0 14 4 1 14 4 2 14 4 3 14 4 4 14 4 5 14 4 6 14 4 7 14 4 8 14 4 10 14 4 11 14 4 12 14 4 13 14 4 14 15 4 15 14 4 0 15 4 1 15 4 2 15 4 3 15 4 4 15 4 5 15 4 6 15 4 7 15 4 8 15 4 10 15 4 11 15 4 12 15 4 13 15 4 14 15 4 15 0 4
225 3267 13 13 1 0 2 1 1 2 1 4 2 1 5 2 1 6 2 1 7 2 1 8 2 1 9 2 1 10 2 1 11 2 1 12 2 1 13 2 1 15 2 1
226 3282 7 7 1 2 6 1 3 6 1 5 6 1 6 7 1 8 6 1 11 6 1 12 6 1
227 3318 32 16 2 0 5 5 1 5 5 2 5 5 3 5 5 4 5 5 5 6 5 6 5 5 7 5 5 8 5 5 9 5 5 10 5 5 11 5 5 12 5 5 13 5 5 14 5 5 15 5 5 0 15 5 1 15 5 2 15 5 3 15 5 4 15 5 5 15 5 6 15 5 7 15 5 8 15 5 9 15 5 10 15 5 11 15 5 12 15 5 13 15 5 14 15 5 15 0 5
228 3322 1 1 1 1 8 3
229 3325 2 2 1 1 0 25 12 0 25
230 3329 1 1 1 15 0 1
231 3336 6 3 1 2 0 50 2 0 10 10 0 50 10 0 10 14 0 50 14 0 10
232 3337 1 1 1 3 8 1
233 3341 5 5 1 0 5 1 12 5 1 13 5 1 14 5 1 15 5 1
234 3345 1 1 1 11 1 1
235 3347 1 1 1 8 0 1
236 3347 1 1 1 4 7 1
237 3355 10 5 2 2 11 1 3 11 1 5 11 1 8 11 1 12 11 1 2 14 1 3 14 1 5 14 1 8 14 1 12 14 1
238 3356 2 2 1 6 14 21 14 15 21
239 3356 1 1 1 1 7 1
240 3356 1 1 1 6 8 1
241 3373 14 14 1 0 11 1 2 11 1 3 11 1 4 11 1 6 11 1 7 11 1 8 11 1 9 11 1 10 11 1 11 12 1 12 11 1 13 11 1 14 11 1 15 11 1
242 3373 1 1 1 9 7 1
243 3374 1 1 1 0 9 1
244 3374 1 1 1 15 10 1
245 3379 7 7 1 0 4 1 2 4 1 3 4 1 4 5 1 6 4 1 11 4 1 14 4 1
246 3402 15 15 1 0 13 1 1 13 1 2 13 1 3 13 1 4 13 1 5 13 1 6 13 1 8 13 1 9 13 1 10 13 1 11 13 1 12 13 1 13 14 1 14 13 1 15 13 1
247 3405 1 1 1 14 9 1
248 3409 3 3 1 6 14 2 9 14 2 14 15 2
249 3411 2 2 1 11 6 25 14 6 25
250 3415 2 2 1 1 3 24 5 3 24
251 3519 70 14 5 0 1 5 1 0 5 2 0 5 3 0 5 4 0 5 5 0 5 6 0 5 9 0 5 10 0 5 11 0 5 12 0 5 13 0 5 14 0 5 15 0 5 0 1 5 1 2 5 2 1 5 3 1 5 4 1 5 5 1 5 6 1 5 9 1 5 10 1 5 11 1 5 12 1 5 13 1 5 14 1 5 15 1 5 0 5 5 1 5 5 2 5 5 3 5 5 4 5 5 5 6 5 6 5 5 9 5 5 10 5 5 11 5 5 12 5 5 13 5 5 14 5 5 15 5 5 0 9 5 1 9 5 2 9 5 3 9 5 4 9 5 5 9 5 6 9 5 9 10 5 10 9 5 11 9 5 12 9 5 13 9 5 14 9 5 15 9 5 0 14 5 1 14 5 2 14 5 3 14 5 4 14 5 5 14 5 6 14 5 9 14 5 10 14 5 11 14 5 12 14 5 13 14 5 14 15 5 15 14 5
252 3520 1 1 1 12 7 1
253 3520 1 1 1 14 11 1
254 3521 2 2 1 8 9 24 9 8 24
255 3533 5 5 1 2 1 1 4 1 1 8 1 1 9 1 1 15 1 1
256 3545 7 7 1 1 10 1 2 10 1 3 10 1 7 10 1 8 10 1 11 10 1 14 10 1
257 3546 2 2 1 2 9 41 4 9 41
258 3568 15 15 1 0 1 1 1 0 1 3 0 1 4 0 1 5 0 1 6 0 1 7 0 1 8 0 1 9 0 1 10 0 1 11 0 1 12 0 1 13 0 1 14 0 1 15 0 1
259 3569 1 1 1 13 4 1
260 3569 2 2 1 3 9 5 14 9 5
261 3572 1 1 1 4 13 1
262 3583 10 5 2 0 6 1 6 7 1 9 6 1 14 6 1 15 6 1 0 15 1 6 15 1 9 15 1 14 15 1 15 0 1
263 3585 1 1 1 5 7 1
264 3588 3 3 1 4 8 2 11 8 2 15 8 2
265 3605 8 8 1 0 8 1 4 8 1 8 9 1 10 8 1 11 8 1 12 8 1 13 8 1 14 8 1
266 3704 75 15 5 0 8 4 1 8 4 2 8 4 3 8 4 4 8 4 5 8 4 6 8 4 8 9 4 9 8 4 10 8 4 11 8 4 12 8 4 13 8 4 14 8 4 15 8 4 0 9 4 1 9 4 2 9 4 3 9 4 4 9 4 5 9 4 6 9 4 8 9 4 9 10 4 10 9 4 11 9 4 12 9 4 13 9 4 14 9 4 15 9 4 0 12 4 1 12 4 2 12 4 3 12 4 4 12 4 5 12 4 6 12 4 8 12 4 9 12 4 10 12 4 11 12 4 12 13 4 13 12 4 14 12 4 15 12 4 0 14 4 1 14 4 2 14 4 3 14 4 4 14 4 5 14 4 6 14 4 8 14 4 9 14 4 10 14 4 11 14 4 12 14 4 13 14 4 14 15 4 15 14 4 0 15 4 1 15 4 2 15 4 3 15 4 4 15 4 5 15 4 6 15 4 8 15 4 9 15 4 10 15 4 11 15 4 12 15 4 13 15 4 14 15 4 15 0 4
267 3708 2 2 1 3 11 1 6 11 1
268 3708 1 1 1 7 13 1
269 3709 1 1 1 0 13 1
270 3709 1 1 1 0 10 1
271 3710 1 1 1 7 3 1
272 3711 2 2 1 10 2 1 12 2 1
273 3714 1 1 1 3 4 1
274 3714 1 1 1 12 1 1
275 3735 13 1 1 10 4 50 10 4 50 10 4 50 10 4 50 10 4 50 10 4 50 10 4 50 10 4 50 10 4 50 10 4 50 10 4 50 10 4 50 10 4 38
276 3747 6 3 1 4 2 50 4 2 13 11 2 50 11 2 13 15 2 50 15 2 13
277 3755 7 7 1 0 15 1 3 15 1 5 15 1 7 15 1 8 15 1 9 15 1 12 15 1
278 3756 1 1 1 6 5 1
279 3761 4 4 1 10 15 1 11 15 1 13 15 1 14 15 1
280 3762 1 1 1 6 7 1
281 3765 1 1 1 14 11 1
282 3767 1 1 1 1 0 1
283 3768 1 1 1 2 4 1
284 3785 13 13 1 1 5 1 2 5 1 4 5 1 5 6 1 6 5 1 7 5 1 8 5 1 9 5 1 10 5 1 12 5 1 13 5 1 14 5 1 15 5 1
285 3787 2 2 1 1 10 21 8 10 21
286 3793 3 3 1 1 11 1 3 11 1 6 11 1
287 3794 1 1 1 7 6 6
288 3800 4 4 1 6 12 1 10 12 1 14 12 1 15 12 1
289 3878 60 4 15 5 0 2 8 0 2 13 0 2 15 0 2 5 1 2 8 1 2 13 1 2 15 1 2 5 2 2 8 2 2 13 2 2 15 2 2 5 3 2 8 3 2 13 3 2 15 3 2 5 4 2 8 4 2 13 4 2 15 4 2 5 6 5 8 5 5 13 5 5 15 5 5 5 6 3 8 6 3 13 6 3 15 6 3 5 7 2 8 7 2 13 7 2 15 7 2 5 8 2 8 9 2 13 8 2 15 8 2 5 9 2 8 9 2 13 9 2 15 9 2 5 11 2 8 11 2 13 11 2 15 11 2 5 12 2 8 12 2 13 12 2 15 12 2 5 13 2 8 13 2 13 14 2 15 13 2 5 14 2 8 14 2 13 14 2 15 14 2 5 15 2 8 15 2 13 15 2 15 0 2
290 3889 7 7 1 4 5 1 6 5 1 9 5 1 11 5 1 13 5 1 14 5 1 15 5 1
291 3906 14 14 1 0 4 1 1 4 1 2 4 1 3 4 1 4 5 1 5 4 1 7 4 1 9 4 1 10 4 1 11 4 1 12 4 1 13 4 1 14 4 1 15 4 1
292 3909 1 1 1 12 10 1
293 3909 2 2 1 4 14 24 8 14 24
294 3911 2 2 1 13 8 1 14 8 1
295 3940 15 15 1 1 7 1 2 7 1 3 7 1 4 7 1 5 7 1 6 7 1 7 8 1 8 7 1 9 7 1 10 7 1 11 7 1 12 7 1 13 7 1 14 7 1 15 7 1
296 3946 2 2 1 10 3 46 15 3 46
297 3948 1 1 1 14 15 7
298 3949 2 2 1 3 9 5 15 9 5
299 3974 13 13 1 0 2 1 1 2 1 2 3 1 3 2 1 5 2 1 6 2 1 7 2 1 8 2 1 9 2 1 11 2 1 12 2 1 13 2 1 14 2 1
300 4002 24 8 3 0 4 29 2 4 29 3 4 29 4 5 29 8 4 29 9 4 29 12 4 29 13 4 29 0 5 26 2 5 26 3 5 26 4 5 26 8 5 26 9 5 26 12 5 26 13 5 26 0 10 26 2 10 26 3 10 26 4 10 26 8 10 26 9 10 26 12 10 26 13 10 26
301 4016 13 13 1 0 8 1 1 8 1 2 8 1 3 8 1 4 8 1 5 8 1 6 8 1 8 9 1 9 8 1 10 8 1 11 8 1 14 8 1 15 8 1
302 4018 1 1 1 13 15 1
303 4018 1 1 1 6 3 1
304 4019 1 1 1 15 12 1
305 4020 1 1 1 8 5 7
306 4026 6 3 1 9 6 50 9 6 5 10 6 50 10 6 5 13 6 50 13 6 5
307 4052 15 15 1 0 1 1 1 0 1 2 0 1 4 0 1 5 0 1 6 0 1 7 0 1 8 0 1 9 0 1 10 0 1 11 0 1 12 0 1 13 0 1 14 0 1 15 0 1
308 4058 3 3 1 8 9 2 9 8 2 12 8 2
309 4073 7 7 1 0 3 1 3 4 1 7 3 1 8 3 1 9 3 1 14 3 1 15 3 1
310 4096 15 3 5 2 4 1 5 4 1 11 4 1 2 7 1 5 7 1 11 7 1 2 8 1 5 8 1 11 8 1 2 14 1 5 14 1 11 14 1 2 15 1 5 15 1 11 15 1
311 4112 10 5 2 3 4 1 8 3 1 9 3 1 12 3 1 15 3 1 3 6 1 8 6 1 9 6 1 12 6 1 15 6 1
312 4114 1 1 1 1 2 2
313 4131 15 15 1 0 15 1 1 15 1 2 15 1 3 15 1 4 15 1 5 15 1 6 15 1 7 15 1 8 15 1 9 15 1 10 15 1 11 15 1 13 15 1 14 15 1 15 0 1
314 4138 4 4 1 1 4 8 5 4 8 9 4 8 15 4 8
315 4138 1 1 1 15 3 1
316 4152 14 14 1 1 2 1 2 1 1 3 1 1 4 1 1 5 1 1 6 1 1 7 1 1 9 1 1 10 1 1 11 1 1 12 1 1 13 1 1 14 1 1 15 1 1
317 4158 8 8 1 0 1 1 1 0 1 3 0 1 4 0 1 7 0 1 8 0 1 11 0 1 12 0 1
318 4160 2 2 1 13 8 1 15 8 1
319 4161 1 1 1 8 12 1
320 4162 2 2 1 2 12 46 12 13 46
321 4170 7 7 1 0 3 1 1 3 1 2 3 1 10 3 1 12 3 1 14 3 1 15 3 1
322 4173 1 1 1 14 2 1
323 4174 1 1 1 12 6 1
324 4180 3 3 1 5 1 2 6 1 2 9 1 2
325 4182 1 1 1 6 7 1
326 4185 2 2 1 3 4 1 13 3 1
327 4194 7 7 1 0 5 1 1 5 1 5 6 1 6 5 1 8 5 1 10 5 1 12 5 1
328 4200 7 7 1 1 5 1 7 5 1 8 5 1 9 5 1 12 5 1 13 5 1 14 5 1
329 4214 7 7 1 2 10 1 7 10 1 8 10 1 9 10 1 12 10 1 14 10 1 15 10 1
330 4231 14 14 1 1 8 1 2 8 1 3 8 1 5 8 1 6 8 1 7 8 1 8 9 1 9 8 1 10 8 1 11 8 1 12 8 1 13 8 1 14 8 1 15 8 1
331 4245 13 13 1 0 14 1 2 14 1 4 14 1 5 14 1 6 14 1 7 14 1 8 14 1 9 14 1 10 14 1 11 14 1 12 14 1 13 14 1 15 14 1
332 4246 3 3 1 4 6 1 5 6 1 13 6 1
333 4266 14 14 1 0 6 1 1 6 1 2 6 1 3 6 1 4 6 1 5 6 1 6 7 1 7 6 1 8 6 1 10 6 1 11 6 1 13 6 1 14 6 1 15 6 1
334 4268 1 1 1 12 13 1
335 4273 7 7 1 2 6 1 4 6 1 5 6 1 7 6 1 10 6 1 13 6 1 15 6 1
336 4292 7 7 1 1 2 1 6 2 1 7 2 1 10 2 1 11 2 1 13 2 1 15 2 1
337 4301 7 7 1 0 4 1 1 4 1 8 4 1 9 4 1 11 4 1 14 4 1 15 4 1
338 4315 13 13 1 1 8 1 2 8 1 3 8 1 4 8 1 6 8 1 7 8 1 8 9 1 10 8 1 11 8 1 12 8 1 13 8 1 14 8 1 15 8 1
339 4326 10 5 2 2 1 47 3 1 47 4 1 47 6 1 47 9 1 47 2 14 47 3 14 47 4 14 47 6 14 47 9 14 47
340 4331 1 1 1 6 7 1
341 4332 1 1 1 7 10 1
342 4411 60 10 3 0 2 50 0 2 21 3 2 50 3 2 21 4 2 50 4 2 21 7 2 50 7 2 21 8 2 50 8 2 21 10 2 50 10 2 21 11 2 50 11 2 21 12 2 50 12 2 21 13 2 50 13 2 21 14 2 50 14 2 21 0 12 50 0 12 21 3 12 50 3 12 21 4 12 50 4 12 21 7 12 50 7 12 21 8 12 50 8 12 21 10 12 50 10 12 21 11 12 50 11 12 21 12 13 50 12 13 21 13 12 50 13 12 21 14 12 50 14 12 21 0 15 50 0 15 8 3 15 50 3 15 8 4 15 50 4 15 8 7 15 50 7 15 8 8 15 50 8 15 8 10 15 50 10 15 8 11 15 50 11 15 8 12 15 50 12 15 8 13 15 50 13 15 8 14 15 50 14 15 8
343 4422 7 7 1 1 9 1 4 9 1 6 9 1 7 9 1 10 9 1 11 9 1 13 9 1
344 4426 1 1 1 5 8 1
345 4430 3 3 1 0 5 1 8 5 1 14 5 1
346 4432 2 2 1 10 4 25 13 4 25
347 4446 10 5 2 5 7 1 6 7 1 12 7 1 13 7 1 15 7 1 5 14 1 6 14 1 12 14 1 13 14 1 15 14 1
348 4721 203 7 7 0 2 50 0 2 50 0 2 50 0 2 48 7 2 50 7 2 50 7 2 50 7 2 48 8 2 50 8 2 50 8 2 50 8 2 48 9 2 50 9 2 50 9 2 50 9 2 48 10 2 50 10 2 50 10 2 50 10 2 48 12 2 50 12 2 50 12 2 50 12 2 48 15 2 50 15 2 50 15 2 50 15 2 48 0 5 50 0 5 50 0 5 50 0 5 48 7 5 50 7 5 50 7 5 50 7 5 48 8 5 50 8 5 50 8 5 50 8 5 48 9 5 50 9 5 50 9 5 50 9 5 48 10 5 50 10 5 50 10 5 50 10 5 48 12 5 50 12 5 50 12 5 50 12 5 48 15 5 50 15 5 50 15 5 50 15 5 48 0 8 50 0 8 50 0 8 50 0 8 50 0 8 12 7 8 50 7 8 50 7 8 50 7 8 50 7 8 12 8 9 50 8 9 50 8 9 50 8 9 50 8 9 12 9 8 50 9 8 50 9 8 50 9 8 50 9 8 12 10 8 50 10 8 50 10 8 50 10 8 50 10 8 12 12 8 50 12 8 50 12 8 50 12 8 50 12 8 12 15 8 50 15 8 50 15 8 50 15 8 50 15 8 12 0 9 50 0 9 50 0 9 50 0 9 48 7 9 50 7 9 50 7 9 50 7 9 48 8 9 50 8 9 50 8 9 50 8 9 48 9 10 50 9 10 50 9 10 50 9 10 48 10 9 50 10 9 50 10 9 50 10 9 48 12 9 50 12 9 50 12 9 50 12 9 48 15 9 50 15 9 50 15 9 50 15 9 48 0 11 50 0 11 50 0 11 50 0 11 48 7 11 50 7 11 50 7 11 50 7 11 48 8 11 50 8 11 50 8 11 50 8 11 48 9 11 50 9 11 50 9 11 50 9 11 48 10 11 50 10 11 50 10 11 50 10 11 48 12 11 50 12 11 50 12 11 50 12 11 48 15 11 50 15 11 50 15 11 50 15 11 48 0 12 50 0 12 50 0 12 50 0 12 48 7 12 50 7 12 50 7 12 50 7 12 48 8 12 50 8 12 50 8 12 50 8 12 48 9 12 50 9 12 50 9 12 50 9 12 48 10 12 50 10 12 50 10 12 50 10 12 48 12 13 50 12 13 50 12 13 50 12 13 48 15 12 50 15 12 50 15 12 50 15 12 48 0 15 50 0 15 50 0 15 50 0 15 48 7 15 50 7 15 50 7 15 50 7 15 48 8 15 50 8 15 50 8 15 50 8 15 48 9 15 50 9 15 50 9 15 50 9 15 48 10 15 50 10 15 50 10 15 50 10 15 48 12 15 50 12 15 50 12 15 50 12 15 48 15 0 50 15 0 50 15 0 50 15 0 48
349 4722 1 1 1 12 8 3
350 4723 1 1 1 8 9 1
351 4725 2 2 1 2 11 21 11 12 21
352 4725 1 1 1 15 0 1
353 4725 1 1 1 4 11 1
354 4778 32 16 2 0 1 5 1 0 5 2 0 5 3 0 5 4 0 5 5 0 5 6 0 5 7 0 5 8 0 5 9 0 5 10 0 5 11 0 5 12 0 5 13 0 5 14 0 5 15 0 5 0 4 5 1 4 5 2 4 5 3 4 5 4 5 5 5 4 5 6 4 5 7 4 5 8 4 5 9 4 5 10 4 5 11 4 5 12 4 5 13 4 5 14 4 5 15 4 5
355 4778 2 2 1 9 14 25 13 14 25
356 4780 1 1 1 6 9 1
357 4784 3 3 1 6 3 2 10 3 2 13 3 2
358 4786 1 1 1 2 14 1
359 4788 1 1 1 5 11 1
360 4796 5 5 1 1 9 1 4 9 1 6 9 1 7 9 1 14 9 1
361 4797 1 1 1 4 15 2
362 4798 1 1 1 9 6 1
363 4811 10 5 2 1 3 1 5 3 1 7 3 1 12 3 1 14 3 1 1 15 1 5 15 1 7 15 1 12 15 1 14 15 1
364 4814 1 1 1 9 3 2
365 4818 1 1 1 6 1 1
366 4819 1 1 1 8 6 1
367 4834 15 15 1 0 12 1 1 12 1 2 12 1 3 12 1 4 12 1 5 12 1 6 12 1 7 12 1 8 12 1 9 12 1 10 12 1 11 12 1 13 12 1 14 12 1 15 12 1
368 4840 4 2 1 5 4 50 5 4 26 6 4 50 6 4 26
369 4849 6 2 1 4 12 50 4 12 50 4 12 18 6 12 50 6 12 50 6 12 18
370 4849 1 1 1 1 4 1
371 4857 7 7 1 1 6 1 3 6 1 5 6 1 6 7 1 8 6 1 13 6 1 14 6 1
372 4911 28 14 1 0 13 50 0 13 8 2 13 50 2 13 8 3 13 50 3 13 8 4 13 50 4 13 8 5 13 50 5 13 8 6 13 50 6 13 8 7 13 50 7 13 8 8 13 50 8 13 8 9 13 50 9 13 8 11 13 50 11 13 8 12 13 50 12 13 8 13 14 50 13 14 8 14 13 50 14 13 8 15 13 50 15 13 8
373 4932 13 13 1 1 14 1 2 14 1 3 14 1 4 14 1 5 14 1 6 14 1 8 14 1 9 14 1 10 14 1 11 14 1 12 14 1 13 14 1 15 14 1
374 4960 15 15 1 0 4 1 1 4 1 2 4 1 3 4 1 5 4 1 6 4 1 7 4 1 8 4 1 9 4 1 10 4 1 11 4 1 12 4 1 13 4 1 14 4 1 15 4 1
375 5000 32 16 2 0 1 5 1 2 5 2 1 5 3 1 5 4 1 5 5 1 5 6 1 5 7 1 5 8 1 5 9 1 5 10 1 5 11 1 5 12 1 5 13 1 5 14 1 5 15 1 5 0 2 5 1 2 5 2 3 5 3 2 5 4 2 5 5 2 5 6 2 5 7 2 5 8 2 5 9 2 5 10 2 5 11 2 5 12 2 5 13 2 5 14 2 5 15 2 5
376 5001 1 1 1 4 15 7
377 5001 1 1 1 15 12 2
378 5018 10 5 2 0 3 1 1 3 1 3 4 1 5 3 1 9 3 1 0 15 1 1 15 1 3 15 1 5 15 1 9 15 1
379 5020 1 1 1 3 7 1
380 5026 7 7 1 0 3 1 1 3 1 2 3 1 3 4 1 6 3 1 7 3 1 10 3 1
381 5033 3 3 1 0 6 1 9 6 1 14 6 1
382 5049 15 15 1 0 2 1 1 2 1 2 3 1 3 2 1 4 2 1 5 2 1 6 2 1 7 2 1 8 2 1 9 2 1 11 2 1 12 2 1 13 2 1 14 2 1 15 2 1
383 5131 60 4 15 1 0 2 5 0 2 13 0 2 15 0 2 1 2 2 5 1 2 13 1 2 15 1 2 1 2 2 5 2 2 13 2 2 15 2 2 1 3 2 5 3 2 13 3 2 15 3 2 1 4 2 5 4 2 13 4 2 15 4 2 1 5 5 5 6 5 13 5 5 15 5 5 1 7 3 5 7 3 13 7 3 15 7 3 1 8 2 5 8 2 13 8 2 15 8 2 1 9 2 5 9 2 13 9 2 15 9 2 1 10 2 5 10 2 13 10 2 15 10 2 1 11 2 5 11 2 13 11 2 15 11 2 1 12 2 5 12 2 13 12 2 15 12 2 1 13 2 5 13 2 13 14 2 15 13 2 1 14 2 5 14 2 13 14 2 15 14 2 1 15 2 5 15 2 13 15 2 15 0 2
384 5152 13 13 1 0 3 1 1 3 1 4 3 1 5 3 1 6 3 1 7 3 1 8 3 1 9 3 1 10 3 1 11 3 1 12 3 1 13 3 1 14 3 1
385 5167 14 14 1 0 15 1 1 15 1 2 15 1 3 15 1 4 15 1 6 15 1 7 15 1 8 15 1 9 15 1 10 15 1 11 15 1 12 15 1 13 15 1 15 0 1
386 5171 2 2 1 1 2 22 13 1 22
387 5173 3 3 1 4 8 1 6 8 1 7 8 1
388 5188 13 13 1 0 1 1 1 0 1 3 0 1 4 0 1 5 0 1 6 0 1 7 0 1 8 0 1 9 0 1 10 0 1 11 0 1 13 0 1 14 0 1
389 5188 1 1 1 3 12 1
390 5198 7 7 1 0 1 1 1 2 1 2 1 1 5 1 1 7 1 1 11 1 1 14 1 1
391 5211 6 6 1 1 14 1 2 14 1 3 14 1 5 14 1 8 14 1 12 14 1
392 5215 7 7 1 0 2 1 2 3 1 3 2 1 9 2 1 10 2 1 11 2 1 15 2 1
393 5229 6 3 1 4 2 50 4 2 3 13 2 50 13 2 3 14 2 50 14 2 3
394 5247 12 12 1 0 10 1 1 10 1 2 10 1 4 10 1 7 10 1 8 10 1 9 10 1 10 11 1 11 10 1 12 10 1 13 10 1 15 10 1
395 5249 1 1 1 7 14 1
396 5250 1 1 1 5 2 2
397 5251 1 1 1 11 2 1
398 5252 1 1 1 8 0 1
399 5265 13 13 1 0 5 1 1 5 1 2 5 1 3 5 1 4 5 1 6 5 1 7 5 1 10 5 1 11 5 1 12 5 1 13 5 1 14 5 1 15 5 1
400 5283 13 13 1 0 11 1 2 11 1 3 11 1 4 11 1 6 11 1 7 11 1 8 11 1 9 11 1 10 11 1 11 12 1 12 11 1 13 11 1 15 11 1
401 5288 7 7 1 1 12 1 3 12 1 4 12 1 5 12 1 9 12 1 10 12 1 12 13 1
402 5288 2 2 1 2 8 1 6 8 1
403 5297 7 7 1 1 6 1 2 6 1 4 6 1 6 7 1 7 6 1 9 6 1 10 6 1
404 5310 12 12 1 0 1 1 1 2 1 2 1 1 3 1 1 4 1 1 5 1 1 7 1 1 8 1 1 10 1 1 12 1 1 14 1 1 15 1 1
405 5311 1 1 1 2 12 1
406 5313 1 1 1 12 15 1
407 5320 4 4 1 7 13 1 9 13 1 11 13 1 14 13 1
408 5324 2 2 1 1 6 2 14 6 2
409 5327 3 3 1 8 2 1 10 2 1 14 2 1
410 5327 1 1 1 12 2 1
411 5336 7 7 1 1 10 1 2 10 1 4 10 1 7 10 1 11 10 1 12 10 1 14 10 1
412 5343 7 7 1 3 15 1 9 15 1 10 15 1 11 15 1 13 15 1 14 15 1 15 0 1
413 5354 6 3 1 1 11 50 1 11 14 5 11 50 5 11 14 12 11 50 12 11 14
414 5355 2 2 1 0 8 1 10 8 1
415 5356 1 1 1 5 12 7
416 5357 1 1 1 4 9 1
417 5366 7 7 1 4 0 1 5 0 1 7 0 1 10 0 1 11 0 1 12 0 1 13 0 1
418 5389 13 13 1 0 3 1 1 3 1 3 4 1 4 3 1 5 3 1 6 3 1 7 3 1 9 3 1 10 3 1 11 3 1 13 3 1 14 3 1 15 3 1
419 5401 7 7 1 0 1 1 3 0 1 5 0 1 7 0 1 10 0 1 12 0 1 14 0 1
420 5401 1 1 1 11 2 1
421 5402 1 1 1 14 0 1
422 5405 2 2 1 5 2 22 14 2 22
423 5407 1 1 1 13 3 1
424 5416 6 2 3 5 9 1 7 9 1 5 11 1 7 11 1 5 13 4 7 13 4
425 5684 180 12 15 0 1 4 1 0 4 2 0 4 4 0 4 5 0 4 6 0 4 8 0 4 9 0 4 10 0 4 11 0 4 13 0 4 15 0 4 0 1 4 1 2 4 2 1 4 4 1 4 5 1 4 6 1 4 8 1 4 9 1 4 10 1 4 11 1 4 13 1 4 15 1 4 0 2 4 1 2 4 2 3 4 4 2 4 5 2 4 6 2 4 8 2 4 9 2 4 10 2 4 11 2 4 13 2 4 15 2 4 0 3 4 1 3 4 2 3 4 4 3 4 5 3 4 6 3 4 8 3 4 9 3 4 10 3 4 11 3 4 13 3 4 15 3 4 0 4 4 1 4 4 2 4 4 4 5 4 5 4 4 6 4 4 8 4 4 9 4 4 10 4 4 11 4 4 13 4 4 15 4 4 0 5 8 1 5 8 2 5 8 4 5 8 5 6 8 6 5 8 8 5 8 9 5 8 10 5 8 11 5 8 13 5 8 15 5 8 0 6 5 1 6 5 2 6 5 4 6 5 5 6 5 6 7 5 8 6 5 9 6 5 10 6 5 11 6 5 13 6 5 15 6 5 0 7 4 1 7 4 2 7 4 4 7 4 5 7 4 6 7 4 8 7 4 9 7 4 10 7 4 11 7 4 13 7 4 15 7 4 0 9 4 1 9 4 2 9 4 4 9 4 5 9 4 6 9 4 8 9 4 9 10 4 10 9 4 11 9 4 13 9 4 15 9 4 0 10 4 1 10 4 2 10 4 4 10 4 5 10 4 6 10 4 8 10 4 9 10 4 10 11 4 11 10 4 13 10 4 15 10 4 0 11 4 1 11 4 2 11 4 4 11 4 5 11 4 6 11 4 8 11 4 9 11 4 10 11 4 11 12 4 13 11 4 15 11 4 0 12 4 1 12 4 2 12 4 4 12 4 5 12 4 6 12 4 8 12 4 9 12 4 10 12 4 11 12 4 13 12 4 15 12 4 0 13 4 1 13 4 2 13 4 4 13 4 5 13 4 6 13 4 8 13 4 9 13 4 10 13 4 11 13 4 13 14 4 15 13 4 0 14 4 1 14 4 2 14 4 4 14 4 5 14 4 6 14 4 8 14 4 9 14 4 10 14 4 11 14 4 13 14 4 15 14 4 0 15 4 1 15 4 2 15 4 4 15 4 5 15 4 6 15 4 8 15 4 9 15 4 10 15 4 11 15 4 13 15 4 15 0 4
426 5690 7 7 1 0 2 1 3 2 1 4 2 1 5 2 1 6 2 1 8 2 1 11 2 1
427 5907 182 13 14 0 1 40 1 0 40 2 0 40 3 0 40 4 0 40 5 0 40 6 0 40 7 0 40 10 0 40 11 0 40 13 0 40 14 0 40 15 0 40 0 1 20 1 2 20 2 1 20 3 1 20 4 1 20 5 1 20 6 1 20 7 1 20 10 1 20 11 1 20 13 1 20 14 1 20 15 1 20 0 2 20 1 2 20 2 3 20 3 2 20 4 2 20 5 2 20 6 2 20 7 2 20 10 2 20 11 2 20 13 2 20 14 2 20 15 2 20 0 3 20 1 3 20 2 3 20 3 4 20 4 3 20 5 3 20 6 3 20 7 3 20 10 3 20 11 3 20 13 3 20 14 3 20 15 3 20 0 4 20 1 4 20 2 4 20 3 4 20 4 5 20 5 4 20 6 4 20 7 4 20 10 4 20 11 4 20 13 4 20 14 4 20 15 4 20 0 5 20 1 5 20 2 5 20 3 5 20 4 5 20 5 6 20 6 5 20 7 5 20 10 5 20 11 5 20 13 5 20 14 5 20 15 5 20 0 7 23 1 7 23 2 7 23 3 7 23 4 7 23 5 7 23 6 7 23 7 8 23 10 7 23 11 7 23 13 7 23 14 7 23 15 7 23 0 8 20 1 8 20 2 8 20 3 8 20 4 8 20 5 8 20 6 8 20 7 8 20 10 8 20 11 8 20 13 8 20 14 8 20 15 8 20 0 9 20 1 9 20 2 9 20 3 9 20 4 9 20 5 9 20 6 9 20 7 9 20 10 9 20 11 9 20 13 9 20 14 9 20 15 9 20 0 10 41 1 10 41 2 10 41 3 10 41 4 10 41 5 10 41 6 10 41 7 10 41 10 11 41 11 10 41 13 10 41 14 10 41 15 10 41 0 11 20 1 11 20 2 11 20 3 11 20 4 11 20 5 11 20 6 11 20 7 11 20 10 11 20 11 12 20 13 11 20 14 11 20 15 11 20 0 12 20 1 12 20 2 12 20 3 12 20 4 12 20 5 12 20 6 12 20 7 12 20 10 12 20 11 12 20 13 12 20 14 12 20 15 12 20 0 14 20 1 14 20 2 14 20 3 14 20 4 14 20 5 14 20 6 14 20 7 14 20 10 14 20 11 14 20 13 14 20 14 15 20 15 14 20 0 15 20 1 15 20 2 15 20 3 15 20 4 15 20 5 15 20 6 15 20 7 15 20 10 15 20 11 15 20 13 15 20 14 15 20 15 0 20
428 5908 2 2 1 3 8 1 8 9 1
429 5908 1 1 1 15 2 1
430 5914 3 3 1 0 13 1 9 13 1 11 13 1
431 6189 203 7 7 0 1 50 0 1 50 0 1 50 0 1 48 1 2 50 1 2 50 1 2 50 1 2 48 3 1 50 3 1 50 3 1 50 3 1 48 4 1 50 4 1 50 4 1 50 4 1 48 5 1 50 5 1 50 5 1 50 5 1 48 7 1 50 7 1 50 7 1 50 7 1 48 13 1 50 13 1 50 13 1 50 13 1 48 0 2 50 0 2 50 0 2 50 0 2 48 1 2 50 1 2 50 1 2 50 1 2 48 3 2 50 3 2 50 3 2 50 3 2 48 4 2 50 4 2 50 4 2 50 4 2 48 5 2 50 5 2 50 5 2 50 5 2 48 7 2 50 7 2 50 7 2 50 7 2 48 13 2 50 13 2 50 13 2 50 13 2 48 0 3 50 0 3 50 0 3 50 0 3 50 0 3 12 1 3 50 1 3 50 1 3 50 1 3 50 1 3 12 3 4 50 3 4 50 3 4 50 3 4 50 3 4 12 4 3 50 4 3 50 4 3 50 4 3 50 4 3 12 5 3 50 5 3 50 5 3 50 5 3 50 5 3 12 7 3 50 7 3 50 7 3 50 7 3 50 7 3 12 13 3 50 13 3 50 13 3 50 13 3 50 13 3 12 0 6 50 0 6 50 0 6 50 0 6 48 1 6 50 1 6 50 1 6 50 1 6 48 3 6 50 3 6 50 3 6 50 3 6 48 4 6 50 4 6 50 4 6 50 4 6 48 5 6 50 5 6 50 5 6 50 5 6 48 7 6 50 7 6 50 7 6 50 7 6 48 13 6 50 13 6 50 13 6 50 13 6 48 0 12 50 0 12 50 0 12 50 0 12 48 1 12 50 1 12 50 1 12 50 1 12 48 3 12 50 3 12 50 3 12 50 3 12 48 4 12 50 4 12 50 4 12 50 4 12 48 5 12 50 5 12 50 5 12 50 5 12 48 7 12 50 7 12 50 7 12 50 7 12 48 13 12 50 13 12 50 13 12 50 13 12 48 0 13 50 0 13 50 0 13 50 0 13 48 1 13 50 1 13 50 1 13 50 1 13 48 3 13 50 3 13 50 3 13 50 3 13 48 4 13 50 4 13 50 4 13 50 4 13 48 5 13 50 5 13 50 5 13 50 5 13 48 7 13 50 7 13 50 7 13 50 7 13 48 13 14 50 13 14 50 13 14 50 13 14 48 0 14 50 0 14 50 0 14 50 0 14 48 1 14 50 1 14 50 1 14 50 1 14 48 3 14 50 3 14 50 3 14 50 3 14 48 4 14 50 4 14 50 4 14 50 4 14 48 5 14 50 5 14 50 5 14 50 5 14 48 7 14 50 7 14 50 7 14 50 7 14 48 13 14 50 13 14 50 13 14 50 13 14 48
432 6193 1 1 1 5 14 2
433 6488 225 15 15 0 1 8 2 0 8 3 0 8 4 0 8 5 0 8 6 0 8 7 0 8 8 0 8 9 0 8 10 0 8 11 0 8 12 0 8 13 0 8 14 0 8 15 0 8 0 1 8 2 1 8 3 1 8 4 1 8 5 1 8 6 1 8 7 1 8 8 1 8 9 1 8 10 1 8 11 1 8 12 1 8 13 1 8 14 1 8 15 1 8 0 2 8 2 3 8 3 2 8 4 2 8 5 2 8 6 2 8 7 2 8 8 2 8 9 2 8 10 2 8 11 2 8 12 2 8 13 2 8 14 2 8 15 2 8 0 3 8 2 3 8 3 4 8 4 3 8 5 3 8 6 3 8 7 3 8 8 3 8 9 3 8 10 3 8 11 3 8 12 3 8 13 3 8 14 3 8 15 3 8 0 4 8 2 4 8 3 4 8 4 5 8 5 4 8 6 4 8 7 4 8 8 4 8 9 4 8 10 4 8 11 4 8 12 4 8 13 4 8 14 4 8 15 4 8 0 5 8 2 5 8 3 5 8 4 5 8 5 6 8 6 5 8 7 5 8 8 5 8 9 5 8 10 5 8 11 5 8 12 5 8 13 5 8 14 5 8 15 5 8 0 6 8 2 6 8 3 6 8 4 6 8 5 6 8 6 7 8 7 6 8 8 6 8 9 6 8 10 6 8 11 6 8 12 6 8 13 6 8 14 6 8 15 6 8 0 7 16 2 7 16 3 7 16 4 7 16 5 7 16 6 7 16 7 8 16 8 7 16 9 7 16 10 7 16 11 7 16 12 7 16 13 7 16 14 7 16 15 7 16 0 8 8 2 8 8 3 8 8 4 8 8 5 8 8 6 8 8 7 8 8 8 9 8 9 8 8 10 8 8 11 8 8 12 8 8 13 8 8 14 8 8 15 8 8 0 9 8 2 9 8 3 9 8 4 9 8 5 9 8 6 9 8 7 9 8 8 9 8 9 10 8 10 9 8 11 9 8 12 9 8 13 9 8 14 9 8 15 9 8 0 10 9 2 10 9 3 10 9 4 10 9 5 10 9 6 10 9 7 10 9 8 10 9 9 10 9 10 11 9 11 10 9 12 10 9 13 10 9 14 10 9 15 10 9 0 11 8 2 11 8 3 11 8 4 11 8 5 11 8 6 11 8 7 11 8 8 11 8 9 11 8 10 11 8 11 12 8 12 11 8 13 11 8 14 11 8 15 11 8 0 12 8 2 12 8 3 12 8 4 12 8 5 12 8 6 12 8 7 12 8 8 12 8 9 12 8 10 12 8 11 12 8 12 13 8 13 12 8 14 12 8 15 12 8 0 14 8 2 14 8 3 14 8 4 14 8 5 14 8 6 14 8 7 14 8 8 14 8 9 14 8 10 14 8 11 14 8 12 14 8 13 14 8 14 15 8 15 14 8 0 15 8 2 15 8 3 15 8 4 15 8 5 15 8 6 15 8 7 15 8 8 15 8 9 15 8 10 15 8 11 15 8 12 15 8 13 15 8 14 15 8 15 0 8
434 6506 13 13 1 0 9 1 1 9 1 3 9 1 4 9 1 5 9 1 6 9 1 8 9 1 9 10 1 10 9 1 12 9 1 13 9 1 14 9 1 15 9 1
435 6509 2 2 1 0 8 47 14 8 47
436 6516 4 2 1 0 8 50 0 8 1 14 8 50 14 8 1
437 6527 7 7 1 1 12 1 2 12 1 5 12 1 7 12 1 10 12 1 12 13 1 13 12 1
438 6543 14 14 1 0 2 1 1 2 1 2 3 1 3 2 1 4 2 1 6 2 1 7 2 1 8 2 1 9 2 1 10 2 1 12 2 1 13 2 1 14 2 1 15 2 1
439 6543 1 1 1 2 13 1
440 6544 1 1 1 10 6 1
441 6544 2 2 1 5 6 1 7 6 1
442 6550 1 1 1 0 7 3
443 6569 10 5 2 0 1 1 2 1 1 4 1 1 5 1 1 9 1 1 0 14 1 2 14 1 4 14 1 5 14 1 9 14 1
444 6569 1 1 1 0 15 1
445 6580 6 2 3 5 0 49 8 0 49 5 2 49 8 2 49 5 3 49 8 3 49
446 6592 10 5 2 2 3 1 5 2 1 6 2 1 12 2 1 13 2 1 2 7 1 5 7 1 6 7 1 12 7 1 13 7 1
447 6596 2 2 1 6 14 25 13 14 25
448 6600 2 2 1 7 14 2 9 14 2
449 6601 1 1 1 14 15 1
450 6604 5 5 1 1 6 6 2 6 6 3 6 6 9 6 6 14 6 6
451 6625 13 1 1 13 14 50 13 14 50 13 14 50 13 14 50 13 14 50 13 14 50 13 14 50 13 14 50 13 14 50 13 14 50 13 14 50 13 14 50 13 14 38
452 6629 4 2 1 7 14 50 7 14 26 9 14 50 9 14 26
453 6629 1 1 1 0 2 1
454 6639 6 2 1 0 14 50 0 14 50 0 14 23 10 14 50 10 14 50 10 14 23
455 6646 7 7 1 1 0 1 4 0 1 5 0 1 9 0 1 12 0 1 13 0 1 14 0 1
456 6659 6 2 1 6 2 50 6 2 50 6 2 38 11 2 50 11 2 50 11 2 38
457 6678 13 1 1 6 15 50 6 15 50 6 15 50 6 15 50 6 15 50 6 15 50 6 15 50 6 15 50 6 15 50 6 15 50 6 15 50 6 15 50 6 15 38
458 6799 75 15 5 0 1 5 1 0 5 2 0 5 3 0 5 4 0 5 5 0 5 6 0 5 7 0 5 8 0 5 9 0 5 10 0 5 11 0 5 12 0 5 13 0 5 15 0 5 0 2 5 1 2 5 2 3 5 3 2 5 4 2 5 5 2 5 6 2 5 7 2 5 8 2 5 9 2 5 10 2 5 11 2 5 12 2 5 13 2 5 15 2 5 0 11 5 1 11 5 2 11 5 3 11 5 4 11 5 5 11 5 6 11 5 7 11 5 8 11 5 9 11 5 10 11 5 11 12 5 12 11 5 13 11 5 15 11 5 0 12 5 1 12 5 2 12 5 3 12 5 4 12 5 5 12 5 6 12 5 7 12 5 8 12 5 9 12 5 10 12 5 11 12 5 12 13 5 13 12 5 15 12 5 0 15 5 1 15 5 2 15 5 3 15 5 4 15 5 5 15 5 6 15 5 7 15 5 8 15 5 9 15 5 10 15 5 11 15 5 12 15 5 13 15 5 15 0 5
459 6817 12 12 1 0 3 1 1 3 1 2 3 1 3 4 1 4 3 1 5 3 1 6 3 1 10 3 1 11 3 1 12 3 1 13 3 1 14 3 1
460 6818 1 1 1 7 12 1
461 6830 10 5 2 0 1 1 1 0 1 3 0 1 7 0 1 10 0 1 0 9 1 1 9 1 3 9 1 7 9 1 10 9 1
462 6830 1 1 1 5 10 1
463 6831 1 1 1 3 13 1
464 6834 2 2 1 0 2 1 9 2 1
465 6846 10 5 2 3 11 1 4 11 1 7 11 1 12 11 1 15 11 1 3 15 1 4 15 1 7 15 1 12 15 1 15 0 1
466 6854 7 7 1 3 1 1 5 1 1 10 1 1 11 1 1 12 1 1 13 1 1 14 1 1
467 6855 1 1 1 0 1 1
468 6862 6 3 1 1 0 50 1 0 5 7 0 50 7 0 5 12 0 50 12 0 5
469 6867 1 1 1 6 4 1
470 6873 7 7 1 2 15 1 5 15 1 6 15 1 10 15 1 12 15 1 13 15 1 14 15 1
471 6874 1 1 1 8 0 1
472 6874 1 1 1 4 10 1
473 6883 7 7 1 4 8 1 5 8 1 6 8 1 8 9 1 11 8 1 13 8 1 15 8 1
474 6894 7 7 1 0 14 1 1 14 1 4 14 1 5 14 1 6 14 1 8 14 1 9 14 1
475 6909 7 7 1 1 2 1 4 1 1 5 1 1 7 1 1 9 1 1 13 1 1 14 1 1
476 6917 6 6 1 1 11 1 3 11 1 5 11 1 6 11 1 7 11 1 14 11 1
477 6917 1 1 1 8 13 1
478 6920 1 1 1 8 14 1
479 6925 2 2 1 0 10 47 6 10 47
480 6930 3 3 1 2 8 2 5 8 2 12 8 2
481 6944 6 3 1 6 14 50 6 14 10 11 14 50 11 14 10 13 14 50 13 14 10
482 6950 3 3 1 2 15 1 3 15 1 12 15 1
483 6951 1 1 1 4 0 1
484 6953 1 1 1 2 0 2
485 6955 2 2 1 1 2 19 10 2 19
486 6964 10 5 2 3 13 1 4 13 1 7 13 1 8 13 1 15 13 1 3 14 1 4 14 1 7 14 1 8 14 1 15 14 1
487 6976 10 5 2 2 0 1 4 0 1 5 0 1 6 0 1 14 0 1 2 7 1 4 7 1 5 7 1 6 7 1 14 7 1
488 6980 2 2 1 3 0 22 15 0 22
489 6992 9 1 1 14 3 50 14 3 50 14 3 50 14 3 50 14 3 50 14 3 50 14 3 50 14 3 50 14 3 23
490 6993 1 1 1 9 14 1
491 6997 4 4 1 9 3 32 13 3 32 14 3 32 15 3 32
492 6997 1 1 1 14 10 1
493 7037 30 10 3 0 10 1 1 10 1 2 10 1 7 10 1 8 10 1 9 10 1 10 11 1 11 10 1 13 10 1 15 10 1 0 11 1 1 11 1 2 11 1 7 11 1 8 11 1 9 11 1 10 11 1 11 12 1 13 11 1 15 11 1 0 14 1 1 14 1 2 14 1 7 14 1 8 14 1 9 14 1 10 14 1 11 14 1 13 14 1 15 14 1
494 7037 2 1 1 0 2 50 0 2 9
495 7038 1 1 1 10 14 1
496 7038 1 1 1 9 4 1
497 7047 5 5 1 8 0 1 9 0 1 13 0 1 14 0 1 15 0 1
498 7048 2 1 1 5 11 50 5 11 9
499 7054 7 7 1 1 9 1 4 9 1 8 9 1 9 10 1 11 9 1 14 9 1 15 9 1
500 7059 10 5 2 2 7 1 7 8 1 8 7 1 12 7 1 14 7 1 2 11 1 7 11 1 8 11 1 12 11 1 14 11 1
501 7071 11 1 11 8 0 3 8 3 3 8 4 3 8 6 6 8 7 3 8 9 2 8 10 6 8 11 3 8 12 3 8 13 3 8 15 3
502 7075 2 2 1 2 11 2 14 11 2
503 7081 3 3 1 4 10 2 5 10 2 13 10 2
504 7081 1 1 1 12 11 1
505 7081 1 1 1 2 3 1
506 7082 1 1 1 5 9 1
507 7082 1 1 1 13 8 1
508 7101 10 5 2 0 9 1 1 9 1 5 9 1 7 9 1 9 10 1 0 14 1 1 14 1 5 14 1 7 14 1 9 14 1
509 7102 1 1 1 4 0 1
510 7105 2 2 1 1 9 1 7 9 1
511 7126 14 14 1 0 10 1 1 10 1 2 10 1 3 10 1 4 10 1 5 10 1 6 10 1 7 10 1 8 10 1 9 10 1 10 11 1 11 10 1 12 10 1 14 10 1
512 7131 2 2 1 10 0 25 14 0 25
513 7135 6 3 1 3 11 50 3 11 10 5 11 50 5 11 10 10 11 50 10 11 10
514 7151 13 13 1 0 14 1 1 14 1 2 14 1 3 14 1 4 14 1 6 14 1 7 14 1 8 14 1 10 14 1 11 14 1 12 14 1 14 15 1 15 14 1
515 7152 1 1 1 12 11 1
516 7154 1 1 1 12 1 3
517 7172 13 13 1 1 3 1 2 3 1 3 4 1 4 3 1 5 3 1 6 3 1 7 3 1 9 3 1 10 3 1 11 3 1 12 3 1 14 3 1 15 3 1
518 7191 13 13 1 0 15 1 1 15 1 2 15 1 4 15 1 6 15 1 7 15 1 8 15 1 9 15 1 10 15 1 11 15 1 12 15 1 14 15 1 15 0 1
519 7195 4 4 1 0 13 1 11 13 1 13 14 1 15 13 1
520 7199 1 1 1 13 9 1
521 7200 1 1 1 4 6 1
522 7204 1 1 1 9 10 7
523 7218 7 7 1 1 14 1 4 14 1 5 14 1 6 14 1 7 14 1 9 14 1 15 14 1
524 7221 1 1 1 5 4 1
525 7221 1 1 1 13 8 1
