16 526
0 4 1 1 1 14 12 1
1 1604 75 15 5 0 4 4 1 4 4 2 4 4 3 4 4 4 5 4 5 4 4 6 4 4 7 4 4 8 4 4 9 4 4 10 4 4 11 4 4 12 4 4 13 4 4 14 4 4 0 5 4 1 5 4 2 5 4 3 5 4 4 5 4 5 6 4 6 5 4 7 5 4 8 5 4 9 5 4 10 5 4 11 5 4 12 5 4 13 5 4 14 5 4 0 7 4 1 7 4 2 7 4 3 7 4 4 7 4 5 7 4 6 7 4 7 8 4 8 7 4 9 7 4 10 7 4 11 7 4 12 7 4 13 7 4 14 7 4 0 13 4 1 13 4 2 13 4 3 13 4 4 13 4 5 13 4 6 13 4 7 13 4 8 13 4 9 13 4 10 13 4 11 13 4 12 13 4 13 14 4 14 13 4 0 15 4 1 15 4 2 15 4 3 15 4 4 15 4 5 15 4 6 15 4 7 15 4 8 15 4 9 15 4 10 15 4 11 15 4 12 15 4 13 15 4 14 15 4
2 1850 10 5 2 1 5 1 3 5 1 5 6 1 11 5 1 12 5 1 1 7 1 3 7 1 5 7 1 11 7 1 12 7 1
3 1875 1 1 1 12 15 1
4 2090 6 3 1 1 6 50 1 6 5 2 6 50 2 6 5 5 6 50 5 6 5
5 2268 7 7 1 0 15 1 2 15 1 3 15 1 7 15 1 8 15 1 9 15 1 13 15 1
6 3743 75 15 5 0 1 5 1 0 5 2 0 5 3 0 5 4 0 5 5 0 5 6 0 5 7 0 5 9 0 5 10 0 5 11 0 5 12 0 5 13 0 5 14 0 5 15 0 5 0 4 5 1 4 5 2 4 5 3 4 5 4 5 5 5 4 5 6 4 5 7 4 5 9 4 5 10 4 5 11 4 5 12 4 5 13 4 5 14 4 5 15 4 5 0 5 5 1 5 5 2 5 5 3 5 5 4 5 5 5 6 5 6 5 5 7 5 5 9 5 5 10 5 5 11 5 5 12 5 5 13 5 5 14 5 5 15 5 5 0 9 5 1 9 5 2 9 5 3 9 5 4 9 5 5 9 5 6 9 5 7 9 5 9 10 5 10 9 5 11 9 5 12 9 5 13 9 5 14 9 5 15 9 5 0 10 5 1 10 5 2 10 5 3 10 5 4 10 5 5 10 5 6 10 5 7 10 5 9 10 5 10 11 5 11 10 5 12 10 5 13 10 5 14 10 5 15 10 5
7 3845 6 2 3 3 0 1 10 0 1 3 4 1 10 3 1 3 10 4 10 11 4
8 4199 14 14 1 1 13 1 2 13 1 3 13 1 4 13 1 5 13 1 6 13 1 7 13 1 9 13 1 10 13 1 11 13 1 12 13 1 13 14 1 14 13 1 15 13 1
9 4318 7 7 1 0 9 1 4 9 1 5 9 1 6 9 1 9 10 1 13 9 1 15 9 1
10 4340 1 1 1 15 13 1
11 4864 24 4 1 0 1 50 0 1 50 0 1 50 0 1 50 0 1 50 0 1 45 4 1 50 4 1 50 4 1 50 4 1 50 4 1 50 4 1 45 8 1 50 8 1 50 8 1 50 8 1 50 8 1 50 8 1 45 10 1 50 10 1 50 10 1 50 10 1 50 10 1 50 10 1 45
12 5204 12 12 1 0 2 1 1 2 1 2 3 1 3 2 1 4 2 1 5 2 1 6 2 1 7 2 1 8 2 1 10 2 1 11 2 1 15 2 1
13 5249 2 2 1 12 2 1 15 2 1
14 5270 1 1 1 10 2 1
15 5294 2 1 1 4 1 50 4 1 9
16 5340 1 1 1 8 15 18
17 5449 8 8 1 0 13 1 1 13 1 3 13 1 4 13 1 10 13 1 11 13 1 13 14 1 14 13 1
18 5493 1 1 1 2 3 1
19 5498 3 3 1 1 9 2 3 9 2 14 9 2
20 5501 1 1 1 10 7 1
21 5510 1 1 1 8 1 7
22 5514 2 2 1 0 8 1 14 8 1
23 5552 2 2 1 6 1 24 10 1 24
24 5566 2 2 1 11 1 1 15 1 1
25 5781 15 15 1 0 6 1 1 6 1 3 6 1 4 6 1 5 6 1 6 7 1 7 6 1 8 6 1 9 6 1 10 6 1 11 6 1 12 6 1 13 6 1 14 6 1 15 6 1
26 5783 1 1 1 9 10 1
27 5912 6 3 1 1 9 50 1 9 5 2 9 50 2 9 5 8 9 50 8 9 5
28 5996 3 3 1 6 5 1 11 5 1 14 5 1
29 7176 60 4 15 5 0 2 8 0 2 10 0 2 15 0 2 5 1 2 8 1 2 10 1 2 15 1 2 5 2 2 8 2 2 10 2 2 15 2 2 5 3 2 8 3 2 10 3 2 15 3 2 5 4 2 8 4 2 10 4 2 15 4 2 5 6 5 8 6 5 10 6 5 15 6 5 5 7 3 8 7 3 10 7 3 15 7 3 5 8 2 8 9 2 10 8 2 15 8 2 5 9 2 8 9 2 10 9 2 15 9 2 5 10 2 8 10 2 10 11 2 15 10 2 5 11 2 8 11 2 10 11 2 15 11 2 5 12 2 8 12 2 10 12 2 15 12 2 5 13 2 8 13 2 10 13 2 15 13 2 5 14 2 8 14 2 10 14 2 15 14 2 5 15 2 8 15 2 10 15 2 15 0 2
30 7177 1 1 1 0 13 1
31 7210 2 2 1 3 1 19 11 1 19
32 7251 1 1 1 10 4 1
33 7444 12 1 1 12 13 50 12 13 50 12 13 50 12 13 50 12 13 50 12 13 50 12 13 50 12 13 50 12 13 50 12 13 50 12 13 50 12 13 33
34 7475 1 1 1 15 10 3
35 7476 1 1 1 7 8 1
36 7643 13 13 1 0 5 1 1 5 1 2 5 1 3 5 1 4 5 1 6 5 1 7 5 1 8 5 1 10 5 1 12 5 1 13 5 1 14 5 1 15 5 1
37 7798 7 7 1 1 5 1 5 6 1 8 5 1 9 5 1 11 5 1 12 5 1 14 5 1
38 8892 75 15 5 0 1 4 1 0 4 2 0 4 3 0 4 4 0 4 5 0 4 6 0 4 7 0 4 8 0 4 9 0 4 11 0 4 12 0 4 13 0 4 14 0 4 15 0 4 0 4 4 1 4 4 2 4 4 3 4 4 4 5 4 5 4 4 6 4 4 7 4 4 8 4 4 9 4 4 11 4 4 12 4 4 13 4 4 14 4 4 15 4 4 0 11 4 1 11 4 2 11 4 3 11 4 4 11 4 5 11 4 6 11 4 7 11 4 8 11 4 9 11 4 11 12 4 12 11 4 13 11 4 14 11 4 15 11 4 0 12 4 1 12 4 2 12 4 3 12 4 4 12 4 5 12 4 6 12 4 7 12 4 8 12 4 9 12 4 11 12 4 12 13 4 13 12 4 14 12 4 15 12 4 0 14 4 1 14 4 2 14 4 3 14 4 4 14 4 5 14 4 6 14 4 7 14 4 8 14 4 9 14 4 11 14 4 12 14 4 13 14 4 14 15 4 15 14 4
39 9026 6 2 3 0 3 1 11 3 1 0 5 1 11 5 1 0 13 4 11 13 4
40 9037 1 1 1 2 6 1
41 9257 7 7 1 1 8 1 3 8 1 5 8 1 7 8 1 8 9 1 11 8 1 13 8 1
42 9472 14 14 1 0 9 1 1 9 1 2 9 1 3 9 1 4 9 1 7 9 1 8 9 1 9 10 1 10 9 1 11 9 1 12 9 1 13 9 1 14 9 1 15 9 1
43 9827 15 15 1 0 6 1 1 6 1 2 6 1 3 6 1 4 6 1 6 7 1 7 6 1 8 6 1 9 6 1 10 6 1 11 6 1 12 6 1 13 6 1 14 6 1 15 6 1
44 9844 1 1 1 4 10 1
45 9936 4 4 1 4 5 32 8 4 32 9 4 32 14 4 32
46 10023 7 7 1 0 1 1 4 0 1 6 0 1 7 0 1 10 0 1 11 0 1 13 0 1
47 10054 1 1 1 0 10 1
48 10171 3 3 1 10 3 2 13 3 2 14 3 2
49 11247 70 14 5 0 3 5 1 3 5 2 3 5 3 4 5 4 3 5 5 3 5 6 3 5 7 3 5 8 3 5 9 3 5 10 3 5 12 3 5 13 3 5 14 3 5 0 7 5 1 7 5 2 7 5 3 7 5 4 7 5 5 7 5 6 7 5 7 8 5 8 7 5 9 7 5 10 7 5 12 7 5 13 7 5 14 7 5 0 10 5 1 10 5 2 10 5 3 10 5 4 10 5 5 10 5 6 10 5 7 10 5 8 10 5 9 10 5 10 11 5 12 10 5 13 10 5 14 10 5 0 11 5 1 11 5 2 11 5 3 11 5 4 11 5 5 11 5 6 11 5 7 11 5 8 11 5 9 11 5 10 11 5 12 11 5 13 11 5 14 11 5 0 15 5 1 15 5 2 15 5 3 15 5 4 15 5 5 15 5 6 15 5 7 15 5 8 15 5 9 15 5 10 15 5 12 15 5 13 15 5 14 15 5
50 11783 28 14 1 0 8 50 0 8 8 1 8 50 1 8 8 3 8 50 3 8 8 4 8 50 4 8 8 5 8 50 5 8 8 6 8 50 6 8 8 7 8 50 7 8 8 8 9 50 8 9 8 9 8 50 9 8 8 10 8 50 10 8 8 11 8 50 11 8 8 12 8 50 12 8 8 13 8 50 13 8 8 15 8 50 15 8 8
51 12735 60 10 3 0 1 50 0 1 21 2 0 50 2 0 21 3 0 50 3 0 21 8 0 50 8 0 21 9 0 50 9 0 21 11 0 50 11 0 21 12 0 50 12 0 21 13 0 50 13 0 21 14 0 50 14 0 21 15 0 50 15 0 21 0 2 50 0 2 21 2 3 50 2 3 21 3 2 50 3 2 21 8 2 50 8 2 21 9 2 50 9 2 21 11 2 50 11 2 21 12 2 50 12 2 21 13 2 50 13 2 21 14 2 50 14 2 21 15 2 50 15 2 21 0 13 50 0 13 8 2 13 50 2 13 8 3 13 50 3 13 8 8 13 50 8 13 8 9 13 50 9 13 8 11 13 50 11 13 8 12 13 50 12 13 8 13 14 50 13 14 8 14 13 50 14 13 8 15 13 50 15 13 8
52 12782 5 5 1 0 13 1 5 13 1 8 13 1 13 14 1 14 13 1
53 13035 12 12 1 0 7 1 2 7 1 4 7 1 5 7 1 6 7 1 8 7 1 9 7 1 11 7 1 12 7 1 13 7 1 14 7 1 15 7 1
54 13041 1 1 1 14 11 1
55 13045 1 1 1 10 8 1
56 13317 6 2 1 3 12 50 3 12 50 3 12 38 9 12 50 9 12 50 9 12 38
57 13383 4 4 1 3 2 1 6 2 1 13 2 1 14 2 1
58 13438 1 1 1 8 12 1
59 14500 60 15 4 0 1 5 1 2 5 2 1 5 3 1 5 4 1 5 5 1 5 6 1 5 7 1 5 9 1 5 10 1 5 11 1 5 12 1 5 13 1 5 14 1 5 15 1 5 0 2 9 1 2 9 2 3 9 3 2 9 4 2 9 5 2 9 6 2 9 7 2 9 9 2 9 10 2 9 11 2 9 12 2 9 13 2 9 14 2 9 15 2 9 0 7 5 1 7 5 2 7 5 3 7 5 4 7 5 5 7 5 6 7 5 7 8 5 9 7 5 10 7 5 11 7 5 12 7 5 13 7 5 14 7 5 15 7 5 0 13 5 1 13 5 2 13 5 3 13 5 4 13 5 5 13 5 6 13 5 7 13 5 9 13 5 10 13 5 11 13 5 12 13 5 13 14 5 14 13 5 15 13 5
60 14548 1 1 1 7 12 1
61 14732 13 13 1 0 7 1 1 7 1 3 7 1 5 7 1 6 7 1 7 8 1 9 7 1 10 7 1 11 7 1 12 7 1 13 7 1 14 7 1 15 7 1
62 15094 16 1 16 13 0 2 13 1 1 13 2 2 13 3 1 13 4 1 13 5 1 13 6 1 13 7 1 13 8 2 13 9 1 13 10 1 13 11 1 13 12 1 13 14 1 13 14 2 13 15 1
63 15124 1 1 1 4 2 1
64 15134 1 1 1 2 1 1
65 15314 13 13 1 0 13 1 3 13 1 4 13 1 5 13 1 6 13 1 7 13 1 8 13 1 9 13 1 10 13 1 12 13 1 13 14 1 14 13 1 15 13 1
66 19726 225 15 15 0 1 8 1 0 8 2 0 8 3 0 8 4 0 8 5 0 8 6 0 8 7 0 8 8 0 8 9 0 8 11 0 8 12 0 8 13 0 8 14 0 8 15 0 8 0 2 8 1 2 8 2 3 8 3 2 8 4 2 8 5 2 8 6 2 8 7 2 8 8 2 8 9 2 8 11 2 8 12 2 8 13 2 8 14 2 8 15 2 8 0 3 8 1 3 8 2 3 8 3 4 8 4 3 8 5 3 8 6 3 8 7 3 8 8 3 8 9 3 8 11 3 8 12 3 8 13 3 8 14 3 8 15 3 8 0 4 8 1 4 8 2 4 8 3 4 8 4 5 8 5 4 8 6 4 8 7 4 8 8 4 8 9 4 8 11 4 8 12 4 8 13 4 8 14 4 8 15 4 8 0 5 8 1 5 8 2 5 8 3 5 8 4 5 8 5 6 8 6 5 8 7 5 8 8 5 8 9 5 8 11 5 8 12 5 8 13 5 8 14 5 8 15 5 8 0 6 8 1 6 8 2 6 8 3 6 8 4 6 8 5 6 8 6 7 8 7 6 8 8 6 8 9 6 8 11 6 8 12 6 8 13 6 8 14 6 8 15 6 8 0 7 8 1 7 8 2 7 8 3 7 8 4 7 8 5 7 8 6 7 8 7 8 8 8 7 8 9 7 8 11 7 8 12 7 8 13 7 8 14 7 8 15 7 8 0 8 16 1 8 16 2 8 16 3 8 16 4 8 16 5 8 16 6 8 16 7 8 16 8 9 16 9 8 16 11 8 16 12 8 16 13 8 16 14 8 16 15 8 16 0 9 8 1 9 8 2 9 8 3 9 8 4 9 8 5 9 8 6 9 8 7 9 8 8 9 8 9 10 8 11 9 8 12 9 8 13 9 8 14 9 8 15 9 8 0 10 8 1 10 8 2 10 8 3 10 8 4 10 8 5 10 8 6 10 8 7 10 8 8 10 8 9 10 8 11 10 8 12 10 8 13 10 8 14 10 8 15 10 8 0 11 9 1 11 9 2 11 9 3 11 9 4 11 9 5 11 9 6 11 9 7 11 9 8 11 9 9 11 9 11 12 9 12 11 9 13 11 9 14 11 9 15 11 9 0 12 8 1 12 8 2 12 8 3 12 8 4 12 8 5 12 8 6 12 8 7 12 8 8 12 8 9 12 8 11 12 8 12 13 8 13 12 8 14 12 8 15 12 8 0 13 8 1 13 8 2 13 8 3 13 8 4 13 8 5 13 8 6 13 8 7 13 8 8 13 8 9 13 8 11 13 8 12 13 8 13 14 8 14 13 8 15 13 8 0 14 8 1 14 8 2 14 8 3 14 8 4 14 8 5 14 8 6 14 8 7 14 8 8 14 8 9 14 8 11 14 8 12 14 8 13 14 8 14 15 8 15 14 8 0 15 8 1 15 8 2 15 8 3 15 8 4 15 8 5 15 8 6 15 8 7 15 8 8 15 8 9 15 8 11 15 8 12 15 8 13 15 8 14 15 8 15 0 8
67 19746 2 2 1 5 13 21 11 13 21
68 19767 2 2 1 1 5 25 3 5 25
69 19776 1 1 1 6 0 1
70 19788 1 1 1 4 10 1
71 19857 1 1 1 4 15 1
72 19878 1 1 1 9 0 1
73 19924 2 2 1 0 12 41 4 12 41
74 19965 2 2 1 1 12 46 10 12 46
75 20488 18 3 1 4 11 50 4 11 50 4 11 50 4 11 50 4 11 50 4 11 29 7 11 50 7 11 50 7 11 50 7 11 50 7 11 50 7 11 29 12 11 50 12 11 50 12 11 50 12 11 50 12 11 50 12 11 29
76 20516 2 2 1 6 5 5 13 5 5
77 20767 12 6 2 1 7 1 4 7 1 6 7 1 7 8 1 14 7 1 15 7 1 1 12 1 4 12 1 6 12 1 7 12 1 14 12 1 15 12 1
78 20975 13 13 1 0 6 1 1 6 1 2 6 1 3 6 1 4 6 1 5 6 1 7 6 1 9 6 1 10 6 1 11 6 1 12 6 1 13 6 1 15 6 1
79 21028 2 2 1 8 9 44 10 8 44
80 21111 7 7 1 0 2 1 1 2 1 3 2 1 5 2 1 7 2 1 9 2 1 10 2 1
81 21149 1 1 1 5 14 1
82 21259 4 4 1 0 9 1 3 9 1 4 9 1 5 9 1
83 21380 6 2 1 3 4 50 3 4 50 3 4 11 12 3 50 12 3 50 12 3 11
84 21398 1 1 1 1 11 1
85 21501 7 7 1 0 4 1 5 4 1 6 4 1 8 4 1 10 4 1 11 4 1 13 4 1
86 21557 5 5 1 0 5 1 1 5 1 5 6 1 7 5 1 13 5 1
87 22213 28 14 1 0 3 50 0 3 8 1 3 50 1 3 8 2 3 50 2 3 8 3 4 50 3 4 8 4 3 50 4 3 8 5 3 50 5 3 8 6 3 50 6 3 8 7 3 50 7 3 8 8 3 50 8 3 8 9 3 50 9 3 8 10 3 50 10 3 8 11 3 50 11 3 8 13 3 50 13 3 8 14 3 50 14 3 8
88 22215 1 1 1 9 3 1
89 22320 6 3 1 1 4 50 1 4 14 11 4 50 11 4 14 15 4 50 15 4 14
90 22338 2 2 1 0 9 21 14 9 21
91 22721 15 15 1 0 14 1 1 14 1 2 14 1 3 14 1 4 14 1 5 14 1 6 14 1 7 14 1 8 14 1 10 14 1 11 14 1 12 14 1 13 14 1 14 15 1 15 14 1
92 22725 1 1 1 1 2 2
93 22751 1 1 1 8 5 1
94 24409 75 15 5 0 4 5 1 4 5 2 4 5 3 4 5 4 5 5 6 4 5 7 4 5 8 4 5 9 4 5 10 4 5 11 4 5 12 4 5 13 4 5 14 4 5 15 4 5 0 7 5 1 7 5 2 7 5 3 7 5 4 7 5 6 7 5 7 8 5 8 7 5 9 7 5 10 7 5 11 7 5 12 7 5 13 7 5 14 7 5 15 7 5 0 11 5 1 11 5 2 11 5 3 11 5 4 11 5 6 11 5 7 11 5 8 11 5 9 11 5 10 11 5 11 12 5 12 11 5 13 11 5 14 11 5 15 11 5 0 13 5 1 13 5 2 13 5 3 13 5 4 13 5 6 13 5 7 13 5 8 13 5 9 13 5 10 13 5 11 13 5 12 13 5 13 14 5 14 13 5 15 13 5 0 14 5 1 14 5 2 14 5 3 14 5 4 14 5 6 14 5 7 14 5 8 14 5 9 14 5 10 14 5 11 14 5 12 14 5 13 14 5 14 15 5 15 14 5
95 24429 1 1 1 14 0 1
96 24606 8 8 1 1 10 1 2 10 1 3 10 1 6 10 1 8 10 1 9 10 1 11 10 1 15 10 1
97 24633 1 1 1 1 8 1
98 25022 24 4 1 0 1 50 0 1 50 0 1 50 0 1 50 0 1 50 0 1 45 1 0 50 1 0 50 1 0 50 1 0 50 1 0 50 1 0 45 2 0 50 2 0 50 2 0 50 2 0 50 2 0 50 2 0 45 10 0 50 10 0 50 10 0 50 10 0 50 10 0 50 10 0 45
99 25051 1 1 1 12 15 1
100 25073 2 2 1 3 4 22 10 3 22
101 25136 1 1 1 9 13 1
102 25138 1 1 1 3 10 1
103 25160 2 2 1 4 8 1 12 8 1
104 25178 1 1 1 14 3 1
105 25260 3 3 1 7 11 9 13 11 9 15 11 9
106 25269 1 1 1 12 8 1
107 25273 2 2 1 13 15 1 15 0 1
108 25421 6 3 1 0 1 50 0 1 10 4 0 50 4 0 10 7 0 50 7 0 10
109 25437 2 2 1 6 3 22 15 3 22
110 25533 6 2 1 3 5 50 3 5 50 3 5 18 4 5 50 4 5 50 4 5 18
111 25662 7 7 1 0 3 1 1 3 1 6 3 1 8 3 1 10 3 1 13 3 1 14 3 1
112 25719 6 3 1 1 14 50 1 14 13 10 14 50 10 14 13 12 14 50 12 14 13
113 25798 1 1 1 14 15 1
114 25830 2 2 1 3 9 24 14 9 24
115 25849 1 1 1 5 7 1
116 25946 3 3 1 0 1 1 12 0 1 13 0 1
117 26182 11 11 1 0 15 1 2 15 1 3 15 1 5 15 1 6 15 1 8 15 1 9 15 1 10 15 1 11 15 1 12 15 1 14 15 1
118 26188 1 1 1 11 0 1
119 26275 3 3 1 1 8 9 8 9 9 15 8 9
120 26385 7 7 1 2 7 1 6 7 1 11 7 1 12 7 1 13 7 1 14 7 1 15 7 1
121 26431 2 2 1 1 13 1 11 13 1
122 26498 3 3 1 4 11 2 10 11 2 13 11 2
123 26666 10 5 2 2 3 47 7 3 47 10 3 47 11 3 47 13 3 47 2 14 47 7 14 47 10 14 47 11 14 47 13 14 47
124 26793 6 3 1 1 4 50 1 4 10 11 4 50 11 4 10 14 4 50 14 4 10
125 26830 1 1 1 12 9 1
126 28493 70 14 5 0 1 5 1 0 5 2 0 5 3 0 5 4 0 5 7 0 5 8 0 5 9 0 5 10 0 5 11 0 5 12 0 5 13 0 5 14 0 5 15 0 5 0 3 5 1 3 5 2 3 5 3 4 5 4 3 5 7 3 5 8 3 5 9 3 5 10 3 5 11 3 5 12 3 5 13 3 5 14 3 5 15 3 5 0 4 5 1 4 5 2 4 5 3 4 5 4 5 5 7 4 5 8 4 5 9 4 5 10 4 5 11 4 5 12 4 5 13 4 5 14 4 5 15 4 5 0 5 5 1 5 5 2 5 5 3 5 5 4 5 5 7 5 5 8 5 5 9 5 5 10 5 5 11 5 5 12 5 5 13 5 5 14 5 5 15 5 5 0 14 5 1 14 5 2 14 5 3 14 5 4 14 5 7 14 5 8 14 5 9 14 5 10 14 5 11 14 5 12 14 5 13 14 5 14 15 5 15 14 5
127 28500 1 1 1 3 4 1
128 33089 225 15 15 0 1 8 1 0 8 2 0 8 3 0 8 4 0 8 5 0 8 6 0 8 7 0 8 8 0 8 9 0 8 10 0 8 11 0 8 12 0 8 13 0 8 15 0 8 0 1 8 1 2 8 2 1 8 3 1 8 4 1 8 5 1 8 6 1 8 7 1 8 8 1 8 9 1 8 10 1 8 11 1 8 12 1 8 13 1 8 15 1 8 0 2 8 1 2 8 2 3 8 3 2 8 4 2 8 5 2 8 6 2 8 7 2 8 8 2 8 9 2 8 10 2 8 11 2 8 12 2 8 13 2 8 15 2 8 0 4 8 1 4 8 2 4 8 3 4 8 4 5 8 5 4 8 6 4 8 7 4 8 8 4 8 9 4 8 10 4 8 11 4 8 12 4 8 13 4 8 15 4 8 0 5 8 1 5 8 2 5 8 3 5 8 4 5 8 5 6 8 6 5 8 7 5 8 8 5 8 9 5 8 10 5 8 11 5 8 12 5 8 13 5 8 15 5 8 0 6 8 1 6 8 2 6 8 3 6 8 4 6 8 5 6 8 6 7 8 7 6 8 8 6 8 9 6 8 10 6 8 11 6 8 12 6 8 13 6 8 15 6 8 0 7 8 1 7 8 2 7 8 3 7 8 4 7 8 5 7 8 6 7 8 7 8 8 8 7 8 9 7 8 10 7 8 11 7 8 12 7 8 13 7 8 15 7 8 0 8 16 1 8 16 2 8 16 3 8 16 4 8 16 5 8 16 6 8 16 7 8 16 8 9 16 9 8 16 10 8 16 11 8 16 12 8 16 13 8 16 15 8 16 0 9 8 1 9 8 2 9 8 3 9 8 4 9 8 5 9 8 6 9 8 7 9 8 8 9 8 9 10 8 10 9 8 11 9 8 12 9 8 13 9 8 15 9 8 0 10 8 1 10 8 2 10 8 3 10 8 4 10 8 5 10 8 6 10 8 7 10 8 8 10 8 9 10 8 10 11 8 11 10 8 12 10 8 13 10 8 15 10 8 0 11 9 1 11 9 2 11 9 3 11 9 4 11 9 5 11 9 6 11 9 7 11 9 8 11 9 9 11 9 10 11 9 11 12 9 12 11 9 13 11 9 15 11 9 0 12 8 1 12 8 2 12 8 3 12 8 4 12 8 5 12 8 6 12 8 7 12 8 8 12 8 9 12 8 10 12 8 11 12 8 12 13 8 13 12 8 15 12 8 0 13 8 1 13 8 2 13 8 3 13 8 4 13 8 5 13 8 6 13 8 7 13 8 8 13 8 9 13 8 10 13 8 11 13 8 12 13 8 13 14 8 15 13 8 0 14 8 1 14 8 2 14 8 3 14 8 4 14 8 5 14 8 6 14 8 7 14 8 8 14 8 9 14 8 10 14 8 11 14 8 12 14 8 13 14 8 15 14 8 0 15 8 1 15 8 2 15 8 3 15 8 4 15 8 5 15 8 6 15 8 7 15 8 8 15 8 9 15 8 10 15 8 11 15 8 12 15 8 13 15 8 15 0 8
129 33211 2 2 1 8 5 1 11 5 1
130 33302 7 7 1 2 9 1 3 9 1 7 9 1 8 9 1 9 10 1 10 9 1 12 9 1
131 33416 7 7 1 2 4 1 4 5 1 7 4 1 9 4 1 12 4 1 13 4 1 15 4 1
132 33626 13 13 1 0 5 1 1 5 1 2 5 1 4 5 1 5 6 1 6 5 1 8 5 1 9 5 1 10 5 1 11 5 1 13 5 1 14 5 1 15 5 1
133 33637 1 1 1 8 6 1
134 33648 1 1 1 10 11 1
135 33711 2 2 1 11 0 1 12 0 1
136 33717 1 1 1 1 10 1
137 33723 1 1 1 2 3 1
138 33821 2 2 1 5 13 1 12 13 1
139 33834 1 1 1 7 0 1
140 33955 15 15 1 0 4 1 1 4 1 2 4 1 4 5 1 5 4 1 6 4 1 7 4 1 8 4 1 9 4 1 10 4 1 11 4 1 12 4 1 13 4 1 14 4 1 15 4 1
141 33984 1 1 1 1 15 1
142 34266 13 13 1 1 8 1 2 8 1 3 8 1 4 8 1 5 8 1 6 8 1 8 9 1 9 8 1 10 8 1 11 8 1 12 8 1 14 8 1 15 8 1
143 34282 1 1 1 7 13 1
144 34379 7 7 1 3 4 1 6 3 1 10 3 1 11 3 1 12 3 1 13 3 1 14 3 1
145 34609 13 13 1 0 9 1 2 9 1 3 9 1 4 9 1 5 9 1 6 9 1 8 9 1 9 10 1 10 9 1 11 9 1 13 9 1 14 9 1 15 9 1
146 34671 2 2 1 2 3 1 12 2 1
147 34733 4 4 1 1 4 32 3 4 32 7 4 32 9 4 32
148 34960 14 14 1 0 7 1 2 7 1 3 7 1 4 7 1 5 7 1 6 7 1 7 8 1 8 7 1 9 7 1 10 7 1 11 7 1 12 7 1 13 7 1 14 7 1
149 34963 1 1 1 14 7 7
150 34991 1 1 1 15 8 1
151 35163 4 2 1 2 3 50 2 3 5 10 2 50 10 2 5
152 35271 6 2 3 12 3 49 13 3 49 12 7 49 13 7 49 12 8 49 13 8 49
153 35280 1 1 1 15 12 1
154 39943 210 6 7 6 2 50 6 2 50 6 2 50 6 2 50 6 2 46 8 2 50 8 2 50 8 2 50 8 2 50 8 2 46 9 2 50 9 2 50 9 2 50 9 2 50 9 2 46 10 2 50 10 2 50 10 2 50 10 2 50 10 2 46 11 2 50 11 2 50 11 2 50 11 2 50 11 2 46 12 2 50 12 2 50 12 2 50 12 2 50 12 2 46 6 5 50 6 5 50 6 5 50 6 5 50 6 5 46 8 5 50 8 5 50 8 5 50 8 5 50 8 5 46 9 5 50 9 5 50 9 5 50 9 5 50 9 5 46 10 5 50 10 5 50 10 5 50 10 5 50 10 5 46 11 5 50 11 5 50 11 5 50 11 5 50 11 5 46 12 5 50 12 5 50 12 5 50 12 5 50 12 5 46 6 7 50 6 7 50 6 7 50 6 7 50 6 7 46 8 6 50 8 6 50 8 6 50 8 6 50 8 6 46 9 6 50 9 6 50 9 6 50 9 6 50 9 6 46 10 6 50 10 6 50 10 6 50 10 6 50 10 6 46 11 6 50 11 6 50 11 6 50 11 6 50 11 6 46 12 6 50 12 6 50 12 6 50 12 6 50 12 6 46 6 7 50 6 7 50 6 7 50 6 7 50 6 7 46 8 7 50 8 7 50 8 7 50 8 7 50 8 7 46 9 7 50 9 7 50 9 7 50 9 7 50 9 7 46 10 7 50 10 7 50 10 7 50 10 7 50 10 7 46 11 7 50 11 7 50 11 7 50 11 7 50 11 7 46 12 7 50 12 7 50 12 7 50 12 7 50 12 7 46 6 9 50 6 9 50 6 9 50 6 9 50 6 9 46 8 9 50 8 9 50 8 9 50 8 9 50 8 9 46 9 10 50 9 10 50 9 10 50 9 10 50 9 10 46 10 9 50 10 9 50 10 9 50 10 9 50 10 9 46 11 9 50 11 9 50 11 9 50 11 9 50 11 9 46 12 9 50 12 9 50 12 9 50 12 9 50 12 9 46 6 10 50 6 10 50 6 10 50 6 10 50 6 10 47 8 10 50 8 10 50 8 10 50 8 10 50 8 10 47 9 10 50 9 10 50 9 10 50 9 10 50 9 10 47 10 11 50 10 11 50 10 11 50 10 11 50 10 11 47 11 10 50 11 10 50 11 10 50 11 10 50 11 10 47 12 10 50 12 10 50 12 10 50 12 10 50 12 10 47 6 11 50 6 11 50 6 11 50 6 11 50 6 11 47 8 11 50 8 11 50 8 11 50 8 11 50 8 11 47 9 11 50 9 11 50 9 11 50 9 11 50 9 11 47 10 11 50 10 11 50 10 11 50 10 11 50 10 11 47 11 12 50 11 12 50 11 12 50 11 12 50 11 12 47 12 11 50 12 11 50 12 11 50 12 11 50 12 11 47
155 39965 1 1 1 3 10 7
156 39970 1 1 1 0 7 18
157 39980 2 2 1 9 10 1 10 11 1
158 40066 7 7 1 0 5 1 1 5 1 3 5 1 6 5 1 8 5 1 9 5 1 15 5 1
159 40260 10 5 2 0 10 1 2 10 1 3 10 1 10 11 1 13 10 1 0 12 1 2 12 1 3 12 1 10 12 1 13 12 1
160 40349 4 4 1 8 9 1 9 10 1 10 9 1 14 9 1
161 40386 3 3 1 4 9 1 8 9 1 12 9 1
162 40454 6 2 3 2 3 1 14 2 1 2 3 1 14 3 1 2 11 4 14 11 4
163 40469 2 2 1 1 5 19 14 5 19
164 40495 2 1 1 14 0 50 14 0 9
165 40535 1 1 1 0 1 1
166 40580 4 4 1 5 9 1 10 9 1 11 9 1 13 9 1
167 40675 1 1 1 10 8 1
168 40689 1 1 1 15 8 1
169 40837 6 3 1 2 12 50 2 12 12 7 12 50 7 12 12 15 12 50 15 12 12
170 40837 1 1 1 15 4 1
171 40874 1 1 1 14 0 1
172 40904 4 4 1 0 8 1 1 8 1 11 8 1 14 8 1
173 41057 6 3 1 2 3 50 2 3 10 6 2 50 6 2 10 12 2 50 12 2 10
174 41140 6 3 1 0 3 50 0 3 10 2 3 50 2 3 10 13 3 50 13 3 10
175 41254 7 7 1 1 9 1 7 9 1 8 9 1 10 9 1 12 9 1 13 9 1 14 9 1
176 41369 5 5 1 0 12 1 6 12 1 10 12 1 12 13 1 14 12 1
177 41379 1 1 1 11 12 1
178 41444 2 2 1 6 4 21 12 4 21
179 41472 1 1 1 0 6 1
180 41687 13 13 1 1 13 1 2 13 1 5 13 1 6 13 1 7 13 1 8 13 1 9 13 1 10 13 1 11 13 1 12 13 1 13 14 1 14 13 1 15 13 1
181 41695 1 1 1 3 2 1
182 41733 2 2 1 6 7 21 15 6 21
183 41800 1 1 1 0 10 1
184 41821 1 1 1 6 9 1
185 41825 1 1 1 5 2 1
186 41876 5 5 1 0 6 1 3 6 1 4 6 1 8 6 1 15 6 1
187 41903 1 1 1 13 7 1
188 41942 2 2 1 3 4 21 14 4 21
189 41967 2 2 1 2 1 2 6 1 2
190 42332 14 14 1 0 7 1 1 7 1 2 7 1 3 7 1 4 7 1 6 7 1 7 8 1 8 7 1 9 7 1 10 7 1 11 7 1 12 7 1 13 7 1 15 7 1
191 42365 1 1 1 3 8 1
192 42901 24 8 3 3 4 29 4 3 29 6 3 29 8 3 29 9 3 29 10 3 29 11 3 29 12 3 29 3 7 26 4 7 26 6 7 26 8 7 26 9 7 26 10 7 26 11 7 26 12 7 26 3 15 26 4 15 26 6 15 26 8 15 26 9 15 26 10 15 26 11 15 26 12 15 26
193 43210 13 13 1 0 1 1 1 2 1 2 1 1 3 1 1 4 1 1 6 1 1 7 1 1 9 1 1 10 1 1 12 1 1 13 1 1 14 1 1 15 1 1
194 43299 7 7 1 1 6 1 3 6 1 4 6 1 7 6 1 12 6 1 13 6 1 14 6 1
195 43375 4 4 1 0 13 1 3 13 1 7 13 1 9 13 1
196 43398 2 2 1 0 8 2 1 8 2
197 43406 1 1 1 4 11 1
198 43620 7 7 1 0 8 1 8 9 1 11 8 1 12 8 1 13 8 1 14 8 1 15 8 1
199 43694 7 7 1 4 15 1 6 15 1 7 15 1 8 15 1 11 15 1 12 15 1 14 15 1
200 43714 3 3 1 10 9 1 12 9 1 13 9 1
201 43725 1 1 1 9 11 1
202 43780 6 3 1 2 5 50 2 5 13 5 6 50 5 6 13 8 5 50 8 5 13
203 44141 16 1 16 1 0 2 1 2 1 1 2 2 1 3 1 1 4 1 1 5 1 1 6 1 1 7 1 1 8 2 1 9 1 1 10 1 1 11 1 1 12 1 1 13 1 1 14 2 1 15 1
204 44244 7 7 1 1 9 1 4 9 1 7 9 1 8 9 1 9 10 1 10 9 1 13 9 1
205 44255 1 1 1 7 6 2
206 44258 1 1 1 0 1 1
207 44316 1 1 1 8 13 1
208 44396 7 7 1 0 8 1 1 8 1 4 8 1 5 8 1 9 8 1 10 8 1 13 8 1
209 44528 7 7 1 1 13 1 3 13 1 4 13 1 5 13 1 10 13 1 12 13 1 14 13 1
210 44641 13 13 1 0 1 1 1 0 1 3 0 1 5 0 1 6 0 1 7 0 1 8 0 1 9 0 1 10 0 1 12 0 1 13 0 1 14 0 1 15 0 1
211 44765 13 13 1 0 13 1 1 13 1 2 13 1 3 13 1 4 13 1 5 13 1 6 13 1 8 13 1 9 13 1 10 13 1 11 13 1 12 13 1 13 14 1
212 44935 13 13 1 0 10 1 2 10 1 3 10 1 5 10 1 6 10 1 7 10 1 8 10 1 9 10 1 11 10 1 12 10 1 13 10 1 14 10 1 15 10 1
213 44952 2 2 1 1 14 2 4 14 2
214 45036 6 3 1 1 0 50 1 0 12 3 0 50 3 0 12 10 0 50 10 0 12
215 45038 1 1 1 10 7 1
216 45452 30 10 3 0 1 1 1 0 1 2 0 1 3 0 1 4 0 1 8 0 1 9 0 1 10 0 1 14 0 1 15 0 1 0 1 1 1 2 1 2 1 1 3 1 1 4 1 1 8 1 1 9 1 1 10 1 1 14 1 1 15 1 1 0 4 1 1 4 1 2 4 1 3 4 1 4 5 1 8 4 1 9 4 1 10 4 1 14 4 1 15 4 1
217 49558 203 7 7 0 3 50 0 3 50 0 3 50 0 3 48 7 3 50 7 3 50 7 3 50 7 3 48 8 3 50 8 3 50 8 3 50 8 3 48 9 3 50 9 3 50 9 3 50 9 3 48 11 3 50 11 3 50 11 3 50 11 3 48 12 3 50 12 3 50 12 3 50 12 3 48 13 3 50 13 3 50 13 3 50 13 3 48 0 5 50 0 5 50 0 5 50 0 5 48 7 5 50 7 5 50 7 5 50 7 5 48 8 5 50 8 5 50 8 5 50 8 5 48 9 5 50 9 5 50 9 5 50 9 5 48 11 5 50 11 5 50 11 5 50 11 5 48 12 5 50 12 5 50 12 5 50 12 5 48 13 5 50 13 5 50 13 5 50 13 5 48 0 6 50 0 6 50 0 6 50 0 6 50 0 6 12 7 6 50 7 6 50 7 6 50 7 6 50 7 6 12 8 6 50 8 6 50 8 6 50 8 6 50 8 6 12 9 6 50 9 6 50 9 6 50 9 6 50 9 6 12 11 6 50 11 6 50 11 6 50 11 6 50 11 6 12 12 6 50 12 6 50 12 6 50 12 6 50 12 6 12 13 6 50 13 6 50 13 6 50 13 6 50 13 6 12 0 7 50 0 7 50 0 7 50 0 7 48 7 8 50 7 8 50 7 8 50 7 8 48 8 7 50 8 7 50 8 7 50 8 7 48 9 7 50 9 7 50 9 7 50 9 7 48 11 7 50 11 7 50 11 7 50 11 7 48 12 7 50 12 7 50 12 7 50 12 7 48 13 7 50 13 7 50 13 7 50 13 7 48 0 8 50 0 8 50 0 8 50 0 8 48 7 8 50 7 8 50 7 8 50 7 8 48 8 9 50 8 9 50 8 9 50 8 9 48 9 8 50 9 8 50 9 8 50 9 8 48 11 8 50 11 8 50 11 8 50 11 8 48 12 8 50 12 8 50 12 8 50 12 8 48 13 8 50 13 8 50 13 8 50 13 8 48 0 10 50 0 10 50 0 10 50 0 10 48 7 10 50 7 10 50 7 10 50 7 10 48 8 10 50 8 10 50 8 10 50 8 10 48 9 10 50 9 10 50 9 10 50 9 10 48 11 10 50 11 10 50 11 10 50 11 10 48 12 10 50 12 10 50 12 10 50 12 10 48 13 10 50 13 10 50 13 10 50 13 10 48 0 13 50 0 13 50 0 13 50 0 13 48 7 13 50 7 13 50 7 13 50 7 13 48 8 13 50 8 13 50 8 13 50 8 13 48 9 13 50 9 13 50 9 13 50 9 13 48 11 13 50 11 13 50 11 13 50 11 13 48 12 13 50 12 13 50 12 13 50 12 13 48 13 14 50 13 14 50 13 14 50 13 14 48
218 51007 75 15 5 0 2 4 1 2 4 2 3 4 3 2 4 5 2 4 6 2 4 7 2 4 8 2 4 9 2 4 10 2 4 11 2 4 12 2 4 13 2 4 14 2 4 15 2 4 0 3 4 1 3 4 2 3 4 3 4 4 5 3 4 6 3 4 7 3 4 8 3 4 9 3 4 10 3 4 11 3 4 12 3 4 13 3 4 14 3 4 15 3 4 0 6 4 1 6 4 2 6 4 3 6 4 5 6 4 6 7 4 7 6 4 8 6 4 9 6 4 10 6 4 11 6 4 12 6 4 13 6 4 14 6 4 15 6 4 0 13 4 1 13 4 2 13 4 3 13 4 5 13 4 6 13 4 7 13 4 8 13 4 9 13 4 10 13 4 11 13 4 12 13 4 13 14 4 14 13 4 15 13 4 0 14 4 1 14 4 2 14 4 3 14 4 5 14 4 6 14 4 7 14 4 8 14 4 9 14 4 10 14 4 11 14 4 12 14 4 13 14 4 14 15 4 15 14 4
219 51036 1 1 1 11 3 1
220 51071 2 1 1 13 7 50 13 7 9
221 51245 10 5 2 1 8 1 3 8 1 6 8 1 7 8 1 15 8 1 1 9 1 3 9 1 6 9 1 7 9 1 15 9 1
222 51377 7 7 1 1 5 1 4 5 1 7 5 1 10 5 1 12 5 1 14 5 1 15 5 1
223 51476 3 3 1 3 0 1 6 0 1 15 0 1
224 51501 2 2 1 12 8 1 14 8 1
225 51516 2 2 1 0 3 22 7 3 22
226 51586 7 7 1 1 11 1 3 11 1 6 11 1 7 11 1 11 12 1 12 11 1 15 11 1
227 51595 1 1 1 7 14 1
228 51775 15 3 5 3 4 1 6 4 1 7 4 1 3 7 1 6 7 1 7 8 1 3 11 1 6 11 1 7 11 1 3 12 1 6 12 1 7 12 1 3 15 1 6 15 1 7 15 1
229 51823 2 2 1 6 4 25 7 4 25
230 51826 1 1 1 6 9 1
231 51848 1 1 1 11 8 1
232 51945 7 7 1 0 7 1 6 7 1 10 7 1 11 7 1 12 7 1 13 7 1 15 7 1
233 52110 7 7 1 0 11 1 3 11 1 4 11 1 5 11 1 7 11 1 10 11 1 14 11 1
234 52676 32 16 2 0 1 5 1 2 5 2 1 5 3 1 5 4 1 5 5 1 5 6 1 5 7 1 5 8 1 5 9 1 5 10 1 5 11 1 5 12 1 5 13 1 5 14 1 5 15 1 5 0 10 5 1 10 5 2 10 5 3 10 5 4 10 5 5 10 5 6 10 5 7 10 5 8 10 5 9 10 5 10 11 5 11 10 5 12 10 5 13 10 5 14 10 5 15 10 5
235 52711 2 2 1 0 11 21 9 11 21
236 52910 9 1 1 5 12 50 5 12 50 5 12 50 5 12 50 5 12 50 5 12 50 5 12 50 5 12 50 5 12 23
237 53059 7 7 1 1 14 1 5 14 1 6 14 1 11 14 1 12 14 1 13 14 1 15 14 1
238 53153 3 3 1 6 14 1 9 14 1 13 14 1
239 53349 13 13 1 0 4 1 1 4 1 2 4 1 3 4 1 4 5 1 5 4 1 6 4 1 8 4 1 10 4 1 11 4 1 12 4 1 14 4 1 15 4 1
240 53402 2 2 1 0 13 1 8 13 1
241 53469 6 3 1 5 1 50 5 1 12 13 1 50 13 1 12 14 1 50 14 1 12
242 53582 7 7 1 0 4 1 1 4 1 3 4 1 8 4 1 9 4 1 14 4 1 15 4 1
243 53767 7 7 1 3 2 1 7 2 1 8 2 1 10 2 1 12 2 1 14 2 1 15 2 1
244 53801 2 2 1 8 3 25 13 3 25
245 53837 2 2 1 7 5 22 14 5 22
246 53891 1 1 1 9 14 1
247 53919 3 3 1 3 0 2 7 0 2 15 0 2
248 54170 10 5 2 0 4 1 9 4 1 10 4 1 11 4 1 13 4 1 0 8 1 9 8 1 10 8 1 11 8 1 13 8 1
249 54272 7 7 1 0 5 1 2 5 1 4 5 1 5 6 1 10 5 1 12 5 1 14 5 1
250 54432 7 7 1 0 6 1 1 6 1 11 6 1 12 6 1 13 6 1 14 6 1 15 6 1
251 54510 3 3 1 6 8 1 11 8 1 15 8 1
252 54610 7 7 1 1 0 1 2 0 1 4 0 1 6 0 1 10 0 1 11 0 1 13 0 1
253 54610 1 1 1 7 2 1
254 54618 1 1 1 15 1 1
255 54638 1 1 1 5 13 1
256 54649 2 2 1 7 1 1 15 1 1
257 54699 3 3 1 9 6 1 10 6 1 13 6 1
258 54968 14 14 1 0 8 1 1 8 1 2 8 1 3 8 1 4 8 1 5 8 1 7 8 1 8 9 1 9 8 1 11 8 1 12 8 1 13 8 1 14 8 1 15 8 1
259 54984 1 1 1 11 14 1
260 54985 1 1 1 0 1 1
261 55071 2 2 1 0 14 22 6 14 22
262 55095 1 1 1 2 5 1
263 55287 6 2 1 5 9 50 5 9 50 5 9 11 14 9 50 14 9 50 14 9 11
264 55325 1 1 1 10 2 1
265 55391 7 7 1 0 15 1 1 15 1 5 15 1 6 15 1 8 15 1 10 15 1 15 0 1
266 55407 3 3 1 6 4 2 11 4 2 14 4 2
267 55433 3 3 1 5 14 2 7 14 2 11 14 2
268 55458 1 1 1 9 0 1
269 55496 2 2 1 4 7 1 5 7 1
270 55686 6 3 1 1 2 50 1 2 3 7 1 50 7 1 3 13 1 50 13 1 3
271 55703 2 2 1 1 11 19 12 11 19
272 55958 7 7 1 0 2 1 2 3 1 5 2 1 7 2 1 8 2 1 13 2 1 14 2 1
273 55991 1 1 1 14 15 1
274 55994 1 1 1 3 6 1
275 57645 75 15 5 0 2 4 1 2 4 2 3 4 3 2 4 4 2 4 5 2 4 6 2 4 7 2 4 8 2 4 9 2 4 10 2 4 12 2 4 13 2 4 14 2 4 15 2 4 0 4 4 1 4 4 2 4 4 3 4 4 4 5 4 5 4 4 6 4 4 7 4 4 8 4 4 9 4 4 10 4 4 12 4 4 13 4 4 14 4 4 15 4 4 0 5 4 1 5 4 2 5 4 3 5 4 4 5 4 5 6 4 6 5 4 7 5 4 8 5 4 9 5 4 10 5 4 12 5 4 13 5 4 14 5 4 15 5 4 0 12 4 1 12 4 2 12 4 3 12 4 4 12 4 5 12 4 6 12 4 7 12 4 8 12 4 9 12 4 10 12 4 12 13 4 13 12 4 14 12 4 15 12 4 0 14 4 1 14 4 2 14 4 3 14 4 4 14 4 5 14 4 6 14 4 7 14 4 8 14 4 9 14 4 10 14 4 12 14 4 13 14 4 14 15 4 15 14 4
276 57650 1 1 1 5 12 1
277 57742 13 13 1 0 10 1 1 10 1 2 10 1 3 10 1 4 10 1 5 10 1 6 10 1 8 10 1 9 10 1 11 10 1 12 10 1 14 10 1 15 10 1
278 57809 6 3 1 11 5 50 11 5 10 12 5 50 12 5 10 15 5 50 15 5 10
279 57814 1 1 1 5 4 1
280 57931 7 7 1 0 3 1 4 3 1 5 3 1 8 3 1 9 3 1 11 3 1 15 3 1
281 58150 10 5 2 3 5 1 6 5 1 7 5 1 14 5 1 15 5 1 3 9 1 6 9 1 7 9 1 14 9 1 15 9 1
282 58373 15 15 1 1 7 1 2 7 1 3 7 1 4 7 1 5 7 1 6 7 1 7 8 1 8 7 1 9 7 1 10 7 1 11 7 1 12 7 1 13 7 1 14 7 1 15 7 1
283 58716 24 8 3 0 5 29 2 5 29 6 5 29 7 5 29 8 5 29 9 5 29 10 5 29 14 5 29 0 6 26 2 6 26 6 7 26 7 6 26 8 6 26 9 6 26 10 6 26 14 6 26 0 11 26 2 11 26 6 11 26 7 11 26 8 11 26 9 11 26 10 11 26 14 11 26
284 58752 1 1 1 12 9 1
285 58962 14 14 1 0 6 1 1 6 1 2 6 1 3 6 1 5 6 1 6 7 1 7 6 1 8 6 1 9 6 1 10 6 1 11 6 1 12 6 1 13 6 1 15 6 1
286 63047 225 15 15 0 1 26 1 0 26 2 0 26 3 0 26 4 0 26 5 0 26 6 0 26 7 0 26 8 0 26 9 0 26 10 0 26 11 0 26 12 0 26 13 0 26 14 0 26 0 1 24 1 2 24 2 1 24 3 1 24 4 1 24 5 1 24 6 1 24 7 1 24 8 1 24 9 1 24 10 1 24 11 1 24 12 1 24 13 1 24 14 1 24 0 3 24 1 3 24 2 3 24 3 4 24 4 3 24 5 3 24 6 3 24 7 3 24 8 3 24 9 3 24 10 3 24 11 3 24 12 3 24 13 3 24 14 3 24 0 4 24 1 4 24 2 4 24 3 4 24 4 5 24 5 4 24 6 4 24 7 4 24 8 4 24 9 4 24 10 4 24 11 4 24 12 4 24 13 4 24 14 4 24 0 5 24 1 5 24 2 5 24 3 5 24 4 5 24 5 6 24 6 5 24 7 5 24 8 5 24 9 5 24 10 5 24 11 5 24 12 5 24 13 5 24 14 5 24 0 6 24 1 6 24 2 6 24 3 6 24 4 6 24 5 6 24 6 7 24 7 6 24 8 6 24 9 6 24 10 6 24 11 6 24 12 6 24 13 6 24 14 6 24 0 7 26 1 7 26 2 7 26 3 7 26 4 7 26 5 7 26 6 7 26 7 8 26 8 7 26 9 7 26 10 7 26 11 7 26 12 7 26 13 7 26 14 7 26 0 8 24 1 8 24 2 8 24 3 8 24 4 8 24 5 8 24 6 8 24 7 8 24 8 9 24 9 8 24 10 8 24 11 8 24 12 8 24 13 8 24 14 8 24 0 9 24 1 9 24 2 9 24 3 9 24 4 9 24 5 9 24 6 9 24 7 9 24 8 9 24 9 10 24 10 9 24 11 9 24 12 9 24 13 9 24 14 9 24 0 10 24 1 10 24 2 10 24 3 10 24 4 10 24 5 10 24 6 10 24 7 10 24 8 10 24 9 10 24 10 11 24 11 10 24 12 10 24 13 10 24 14 10 24 0 11 24 1 11 24 2 11 24 3 11 24 4 11 24 5 11 24 6 11 24 7 11 24 8 11 24 9 11 24 10 11 24 11 12 24 12 11 24 13 11 24 14 11 24 0 12 24 1 12 24 2 12 24 3 12 24 4 12 24 5 12 24 6 12 24 7 12 24 8 12 24 9 12 24 10 12 24 11 12 24 12 13 24 13 12 24 14 12 24 0 13 24 1 13 24 2 13 24 3 13 24 4 13 24 5 13 24 6 13 24 7 13 24 8 13 24 9 13 24 10 13 24 11 13 24 12 13 24 13 14 24 14 13 24 0 14 24 1 14 24 2 14 24 3 14 24 4 14 24 5 14 24 6 14 24 7 14 24 8 14 24 9 14 24 10 14 24 11 14 24 12 14 24 13 14 24 14 15 24 0 15 47 1 15 47 2 15 47 3 15 47 4 15 47 5 15 47 6 15 47 7 15 47 8 15 47 9 15 47 10 15 47 11 15 47 12 15 47 13 15 47 14 15 47
287 63196 7 7 1 1 7 1 2 7 1 4 7 1 5 7 1 6 7 1 9 7 1 12 7 1
288 63233 1 1 1 10 15 1
289 63251 1 1 1 12 13 1
290 63257 1 1 1 11 2 1
291 63448 13 13 1 0 6 1 1 6 1 2 6 1 4 6 1 5 6 1 7 6 1 8 6 1 10 6 1 11 6 1 12 6 1 13 6 1 14 6 1 15 6 1
292 63538 2 2 1 3 4 45 11 4 45
293 63699 7 7 1 1 0 1 4 0 1 5 0 1 8 0 1 9 0 1 11 0 1 15 0 1
294 63860 15 3 5 11 4 1 12 4 1 14 4 1 11 9 1 12 9 1 14 9 1 11 12 1 12 11 1 14 11 1 11 12 1 12 13 1 14 12 1 11 13 1 12 13 1 14 13 1
295 63903 2 2 1 2 10 24 5 10 24
296 63958 4 4 1 0 6 1 4 6 1 8 6 1 12 6 1
297 64282 13 13 1 0 3 1 1 3 1 3 4 1 4 3 1 5 3 1 6 3 1 8 3 1 9 3 1 10 3 1 12 3 1 13 3 1 14 3 1 15 3 1
298 64284 1 1 1 7 15 1
299 64391 7 7 1 2 1 1 6 1 1 7 1 1 8 1 1 9 1 1 12 1 1 14 1 1
300 64394 1 1 1 8 2 1
301 64448 3 3 1 1 4 1 5 4 1 14 4 1
302 64465 1 1 1 10 2 1
303 64731 14 14 1 0 2 1 1 2 1 2 3 1 4 2 1 5 2 1 6 2 1 7 2 1 8 2 1 9 2 1 10 2 1 12 2 1 13 2 1 14 2 1 15 2 1
304 64741 1 1 1 7 12 7
305 64823 4 2 1 11 3 50 11 3 26 13 3 50 13 3 26
306 64883 5 5 1 1 7 6 3 7 6 9 7 6 11 7 6 13 7 6
307 64915 2 2 1 2 13 21 7 13 21
308 64917 1 1 1 15 3 1
309 64920 1 1 1 4 1 1
310 64922 1 1 1 0 1 1
311 65175 10 5 2 3 2 1 4 2 1 6 2 1 10 2 1 13 2 1 3 7 1 4 7 1 6 7 1 10 7 1 13 7 1
312 65266 3 3 1 0 7 2 13 7 2 15 7 2
313 65718 24 8 3 0 1 29 1 2 29 3 1 29 7 1 29 12 1 29 13 1 29 14 1 29 15 1 29 0 6 26 1 6 26 3 6 26 7 6 26 12 6 26 13 6 26 14 6 26 15 6 26 0 14 26 1 14 26 3 14 26 7 14 26 12 14 26 13 14 26 14 15 26 15 14 26
314 65769 1 1 1 15 4 18
315 65812 4 4 1 6 4 1 9 4 1 10 4 1 11 4 1
316 66123 14 14 1 1 4 1 2 4 1 3 4 1 4 5 1 6 4 1 7 4 1 8 4 1 9 4 1 10 4 1 11 4 1 12 4 1 13 4 1 14 4 1 15 4 1
317 66543 14 14 1 2 1 1 3 1 1 4 1 1 5 1 1 6 1 1 7 1 1 8 1 1 9 1 1 10 1 1 11 1 1 12 1 1 13 1 1 14 1 1 15 1 1
318 66593 1 1 1 3 13 2
319 66620 1 1 1 5 12 1
320 66793 7 7 1 1 13 1 5 13 1 6 13 1 7 13 1 13 14 1 14 13 1 15 13 1
321 67008 11 1 11 1 0 3 1 2 3 1 2 3 1 3 6 1 5 3 1 7 2 1 8 6 1 10 3 1 11 3 1 14 3 1 15 3
322 67214 7 7 1 3 15 1 4 15 1 7 15 1 10 15 1 11 15 1 12 15 1 14 15 1
323 67252 1 1 1 12 6 1
324 67265 1 1 1 4 3 1
325 67523 14 14 1 0 1 1 1 2 1 2 1 1 3 1 1 4 1 1 5 1 1 6 1 1 7 1 1 9 1 1 10 1 1 11 1 1 12 1 1 13 1 1 14 1 1
326 67592 7 7 1 2 14 1 3 14 1 4 14 1 6 14 1 8 14 1 10 14 1 15 14 1
327 67595 1 1 1 14 3 1
328 67611 1 1 1 5 0 1
329 67631 1 1 1 10 11 1
330 67637 1 1 1 13 8 1
331 67737 6 3 1 2 15 50 2 15 14 8 15 50 8 15 14 11 15 50 11 15 14
332 67796 2 2 1 9 0 19 10 0 19
333 67818 2 2 1 7 12 45 12 13 45
334 71837 210 6 7 2 0 50 2 0 50 2 0 50 2 0 50 2 0 46 3 0 50 3 0 50 3 0 50 3 0 50 3 0 46 4 0 50 4 0 50 4 0 50 4 0 50 4 0 46 7 0 50 7 0 50 7 0 50 7 0 50 7 0 46 12 0 50 12 0 50 12 0 50 12 0 50 12 0 46 15 0 50 15 0 50 15 0 50 15 0 50 15 0 46 2 3 50 2 3 50 2 3 50 2 3 50 2 3 46 3 4 50 3 4 50 3 4 50 3 4 50 3 4 46 4 3 50 4 3 50 4 3 50 4 3 50 4 3 46 7 3 50 7 3 50 7 3 50 7 3 50 7 3 46 12 3 50 12 3 50 12 3 50 12 3 50 12 3 46 15 3 50 15 3 50 15 3 50 15 3 50 15 3 46 2 4 50 2 4 50 2 4 50 2 4 50 2 4 46 3 4 50 3 4 50 3 4 50 3 4 50 3 4 46 4 5 50 4 5 50 4 5 50 4 5 50 4 5 46 7 4 50 7 4 50 7 4 50 7 4 50 7 4 46 12 4 50 12 4 50 12 4 50 12 4 50 12 4 46 15 4 50 15 4 50 15 4 50 15 4 50 15 4 46 2 6 50 2 6 50 2 6 50 2 6 50 2 6 46 3 6 50 3 6 50 3 6 50 3 6 50 3 6 46 4 6 50 4 6 50 4 6 50 4 6 50 4 6 46 7 6 50 7 6 50 7 6 50 7 6 50 7 6 46 12 6 50 12 6 50 12 6 50 12 6 50 12 6 46 15 6 50 15 6 50 15 6 50 15 6 50 15 6 46 2 9 50 2 9 50 2 9 50 2 9 50 2 9 46 3 9 50 3 9 50 3 9 50 3 9 50 3 9 46 4 9 50 4 9 50 4 9 50 4 9 50 4 9 46 7 9 50 7 9 50 7 9 50 7 9 50 7 9 46 12 9 50 12 9 50 12 9 50 12 9 50 12 9 46 15 9 50 15 9 50 15 9 50 15 9 50 15 9 46 2 14 50 2 14 50 2 14 50 2 14 50 2 14 47 3 14 50 3 14 50 3 14 50 3 14 50 3 14 47 4 14 50 4 14 50 4 14 50 4 14 50 4 14 47 7 14 50 7 14 50 7 14 50 7 14 50 7 14 47 12 14 50 12 14 50 12 14 50 12 14 50 12 14 47 15 14 50 15 14 50 15 14 50 15 14 50 15 14 47 2 15 50 2 15 50 2 15 50 2 15 50 2 15 47 3 15 50 3 15 50 3 15 50 3 15 50 3 15 47 4 15 50 4 15 50 4 15 50 4 15 50 4 15 47 7 15 50 7 15 50 7 15 50 7 15 50 7 15 47 12 15 50 12 15 50 12 15 50 12 15 50 12 15 47 15 0 50 15 0 50 15 0 50 15 0 50 15 0 47
335 71837 1 1 1 1 14 1
336 71861 4 4 1 1 2 32 4 1 32 9 1 32 14 1 32
337 71873 2 2 1 7 8 1 15 8 1
338 71919 2 2 1 0 11 24 14 11 24
339 71955 1 1 1 3 0 1
340 71963 2 2 1 3 2 2 12 2 2
341 72302 13 13 1 0 11 1 1 11 1 2 11 1 3 11 1 4 11 1 5 11 1 6 11 1 7 11 1 8 11 1 10 11 1 11 12 1 12 11 1 14 11 1
342 72307 1 1 1 0 13 1
343 72316 1 1 1 10 4 1
344 72341 1 1 1 0 4 1
345 72343 1 1 1 4 15 1
346 72346 1 1 1 2 6 1
347 72373 2 2 1 2 0 21 11 0 21
348 73536 75 15 5 0 1 5 1 0 5 2 0 5 3 0 5 4 0 5 5 0 5 6 0 5 7 0 5 8 0 5 9 0 5 10 0 5 12 0 5 13 0 5 14 0 5 15 0 5 0 2 5 1 2 5 2 3 5 3 2 5 4 2 5 5 2 5 6 2 5 7 2 5 8 2 5 9 2 5 10 2 5 12 2 5 13 2 5 14 2 5 15 2 5 0 3 5 1 3 5 2 3 5 3 4 5 4 3 5 5 3 5 6 3 5 7 3 5 8 3 5 9 3 5 10 3 5 12 3 5 13 3 5 14 3 5 15 3 5 0 9 5 1 9 5 2 9 5 3 9 5 4 9 5 5 9 5 6 9 5 7 9 5 8 9 5 9 10 5 10 9 5 12 9 5 13 9 5 14 9 5 15 9 5 0 13 5 1 13 5 2 13 5 3 13 5 4 13 5 5 13 5 6 13 5 7 13 5 8 13 5 9 13 5 10 13 5 12 13 5 13 14 5 14 13 5 15 13 5
349 73566 2 2 1 12 11 21 15 11 21
350 73721 6 2 1 0 1 50 0 1 50 0 1 11 2 0 50 2 0 50 2 0 11
351 73784 1 1 1 5 6 1
352 73864 5 5 1 0 13 1 2 13 1 3 13 1 9 13 1 14 13 1
353 73910 4 4 1 3 0 32 7 0 32 11 0 32 14 0 32
354 78070 225 15 15 0 1 8 2 0 8 3 0 8 4 0 8 5 0 8 6 0 8 7 0 8 8 0 8 9 0 8 10 0 8 11 0 8 12 0 8 13 0 8 14 0 8 15 0 8 0 1 8 2 1 8 3 1 8 4 1 8 5 1 8 6 1 8 7 1 8 8 1 8 9 1 8 10 1 8 11 1 8 12 1 8 13 1 8 14 1 8 15 1 8 0 2 8 2 3 8 3 2 8 4 2 8 5 2 8 6 2 8 7 2 8 8 2 8 9 2 8 10 2 8 11 2 8 12 2 8 13 2 8 14 2 8 15 2 8 0 3 8 2 3 8 3 4 8 4 3 8 5 3 8 6 3 8 7 3 8 8 3 8 9 3 8 10 3 8 11 3 8 12 3 8 13 3 8 14 3 8 15 3 8 0 4 8 2 4 8 3 4 8 4 5 8 5 4 8 6 4 8 7 4 8 8 4 8 9 4 8 10 4 8 11 4 8 12 4 8 13 4 8 14 4 8 15 4 8 0 5 8 2 5 8 3 5 8 4 5 8 5 6 8 6 5 8 7 5 8 8 5 8 9 5 8 10 5 8 11 5 8 12 5 8 13 5 8 14 5 8 15 5 8 0 6 8 2 6 8 3 6 8 4 6 8 5 6 8 6 7 8 7 6 8 8 6 8 9 6 8 10 6 8 11 6 8 12 6 8 13 6 8 14 6 8 15 6 8 0 7 16 2 7 16 3 7 16 4 7 16 5 7 16 6 7 16 7 8 16 8 7 16 9 7 16 10 7 16 11 7 16 12 7 16 13 7 16 14 7 16 15 7 16 0 8 8 2 8 8 3 8 8 4 8 8 5 8 8 6 8 8 7 8 8 8 9 8 9 8 8 10 8 8 11 8 8 12 8 8 13 8 8 14 8 8 15 8 8 0 9 8 2 9 8 3 9 8 4 9 8 5 9 8 6 9 8 7 9 8 8 9 8 9 10 8 10 9 8 11 9 8 12 9 8 13 9 8 14 9 8 15 9 8 0 10 9 2 10 9 3 10 9 4 10 9 5 10 9 6 10 9 7 10 9 8 10 9 9 10 9 10 11 9 11 10 9 12 10 9 13 10 9 14 10 9 15 10 9 0 11 8 2 11 8 3 11 8 4 11 8 5 11 8 6 11 8 7 11 8 8 11 8 9 11 8 10 11 8 11 12 8 12 11 8 13 11 8 14 11 8 15 11 8 0 12 8 2 12 8 3 12 8 4 12 8 5 12 8 6 12 8 7 12 8 8 12 8 9 12 8 10 12 8 11 12 8 12 13 8 13 12 8 14 12 8 15 12 8 0 13 8 2 13 8 3 13 8 4 13 8 5 13 8 6 13 8 7 13 8 8 13 8 9 13 8 10 13 8 11 13 8 12 13 8 13 14 8 14 13 8 15 13 8 0 15 8 2 15 8 3 15 8 4 15 8 5 15 8 6 15 8 7 15 8 8 15 8 9 15 8 10 15 8 11 15 8 12 15 8 13 15 8 14 15 8 15 0 8
355 78109 2 2 1 8 12 1 13 12 1
356 82535 203 7 7 1 3 50 1 3 50 1 3 50 1 3 48 2 3 50 2 3 50 2 3 50 2 3 48 3 4 50 3 4 50 3 4 50 3 4 48 4 3 50 4 3 50 4 3 50 4 3 48 6 3 50 6 3 50 6 3 50 6 3 48 11 3 50 11 3 50 11 3 50 11 3 48 15 3 50 15 3 50 15 3 50 15 3 48 1 4 50 1 4 50 1 4 50 1 4 48 2 4 50 2 4 50 2 4 50 2 4 48 3 4 50 3 4 50 3 4 50 3 4 48 4 5 50 4 5 50 4 5 50 4 5 48 6 4 50 6 4 50 6 4 50 6 4 48 11 4 50 11 4 50 11 4 50 11 4 48 15 4 50 15 4 50 15 4 50 15 4 48 1 8 50 1 8 50 1 8 50 1 8 50 1 8 12 2 8 50 2 8 50 2 8 50 2 8 50 2 8 12 3 8 50 3 8 50 3 8 50 3 8 50 3 8 12 4 8 50 4 8 50 4 8 50 4 8 50 4 8 12 6 8 50 6 8 50 6 8 50 6 8 50 6 8 12 11 8 50 11 8 50 11 8 50 11 8 50 11 8 12 15 8 50 15 8 50 15 8 50 15 8 50 15 8 12 1 9 50 1 9 50 1 9 50 1 9 48 2 9 50 2 9 50 2 9 50 2 9 48 3 9 50 3 9 50 3 9 50 3 9 48 4 9 50 4 9 50 4 9 50 4 9 48 6 9 50 6 9 50 6 9 50 6 9 48 11 9 50 11 9 50 11 9 50 11 9 48 15 9 50 15 9 50 15 9 50 15 9 48 1 10 50 1 10 50 1 10 50 1 10 48 2 10 50 2 10 50 2 10 50 2 10 48 3 10 50 3 10 50 3 10 50 3 10 48 4 10 50 4 10 50 4 10 50 4 10 48 6 10 50 6 10 50 6 10 50 6 10 48 11 10 50 11 10 50 11 10 50 11 10 48 15 10 50 15 10 50 15 10 50 15 10 48 1 12 50 1 12 50 1 12 50 1 12 48 2 12 50 2 12 50 2 12 50 2 12 48 3 12 50 3 12 50 3 12 50 3 12 48 4 12 50 4 12 50 4 12 50 4 12 48 6 12 50 6 12 50 6 12 50 6 12 48 11 12 50 11 12 50 11 12 50 11 12 48 15 12 50 15 12 50 15 12 50 15 12 48 1 13 50 1 13 50 1 13 50 1 13 48 2 13 50 2 13 50 2 13 50 2 13 48 3 13 50 3 13 50 3 13 50 3 13 48 4 13 50 4 13 50 4 13 50 4 13 48 6 13 50 6 13 50 6 13 50 6 13 48 11 13 50 11 13 50 11 13 50 11 13 48 15 13 50 15 13 50 15 13 50 15 13 48
357 82606 2 2 1 8 5 1 12 5 1
358 82619 1 1 1 15 14 1
359 82680 1 1 1 10 15 1
360 86702 182 13 14 0 1 40 2 0 40 3 0 40 4 0 40 5 0 40 6 0 40 7 0 40 8 0 40 9 0 40 11 0 40 12 0 40 13 0 40 15 0 40 0 1 20 2 1 20 3 1 20 4 1 20 5 1 20 6 1 20 7 1 20 8 1 20 9 1 20 11 1 20 12 1 20 13 1 20 15 1 20 0 2 20 2 3 20 3 2 20 4 2 20 5 2 20 6 2 20 7 2 20 8 2 20 9 2 20 11 2 20 12 2 20 13 2 20 15 2 20 0 3 20 2 3 20 3 4 20 4 3 20 5 3 20 6 3 20 7 3 20 8 3 20 9 3 20 11 3 20 12 3 20 13 3 20 15 3 20 0 5 20 2 5 20 3 5 20 4 5 20 5 6 20 6 5 20 7 5 20 8 5 20 9 5 20 11 5 20 12 5 20 13 5 20 15 5 20 0 6 20 2 6 20 3 6 20 4 6 20 5 6 20 6 7 20 7 6 20 8 6 20 9 6 20 11 6 20 12 6 20 13 6 20 15 6 20 0 8 23 2 8 23 3 8 23 4 8 23 5 8 23 6 8 23 7 8 23 8 9 23 9 8 23 11 8 23 12 8 23 13 8 23 15 8 23 0 9 20 2 9 20 3 9 20 4 9 20 5 9 20 6 9 20 7 9 20 8 9 20 9 10 20 11 9 20 12 9 20 13 9 20 15 9 20 0 10 20 2 10 20 3 10 20 4 10 20 5 10 20 6 10 20 7 10 20 8 10 20 9 10 20 11 10 20 12 10 20 13 10 20 15 10 20 0 11 41 2 11 41 3 11 41 4 11 41 5 11 41 6 11 41 7 11 41 8 11 41 9 11 41 11 12 41 12 11 41 13 11 41 15 11 41 0 12 20 2 12 20 3 12 20 4 12 20 5 12 20 6 12 20 7 12 20 8 12 20 9 12 20 11 12 20 12 13 20 13 12 20 15 12 20 0 13 20 2 13 20 3 13 20 4 13 20 5 13 20 6 13 20 7 13 20 8 13 20 9 13 20 11 13 20 12 13 20 13 14 20 15 13 20 0 14 20 2 14 20 3 14 20 4 14 20 5 14 20 6 14 20 7 14 20 8 14 20 9 14 20 11 14 20 12 14 20 13 14 20 15 14 20 0 15 20 2 15 20 3 15 20 4 15 20 5 15 20 6 15 20 7 15 20 8 15 20 9 15 20 11 15 20 12 15 20 13 15 20 15 0 20
361 86845 4 4 1 4 1 1 5 1 1 12 1 1 15 1 1
362 86869 1 1 1 8 2 1
363 86883 3 3 1 9 4 1 11 4 1 12 4 1
364 86889 1 1 1 6 11 1
365 87063 13 1 1 6 3 50 6 3 50 6 3 50 6 3 50 6 3 50 6 3 50 6 3 50 6 3 50 6 3 50 6 3 50 6 3 50 6 3 50 6 3 38
366 87144 7 7 1 1 2 1 3 1 1 5 1 1 6 1 1 7 1 1 13 1 1 14 1 1
367 87194 2 2 1 3 11 2 12 11 2
368 87217 2 2 1 12 11 20 15 11 20
369 87459 10 5 2 0 3 1 1 3 1 2 3 1 4 3 1 14 3 1 0 7 1 1 7 1 2 7 1 4 7 1 14 7 1
370 87502 2 2 1 5 1 19 6 1 19
371 87540 1 1 1 0 6 1
372 87610 3 3 1 0 6 1 7 6 1 15 6 1
373 87867 11 11 1 0 1 1 1 2 1 3 1 1 4 1 1 5 1 1 7 1 1 8 1 1 10 1 1 11 1 1 13 1 1 14 1 1
374 87881 2 2 1 6 2 1 15 2 1
375 87903 1 1 1 2 11 1
376 87947 1 1 1 14 6 1
377 88011 4 2 1 0 2 50 0 2 1 13 2 50 13 2 1
378 88202 4 4 1 0 12 1 2 12 1 4 12 1 11 12 1
379 88254 3 3 1 1 12 2 3 12 2 11 12 2
380 88602 15 3 5 4 5 1 5 4 1 12 4 1 4 6 1 5 6 1 12 6 1 4 8 1 5 8 1 12 8 1 4 10 1 5 10 1 12 10 1 4 11 1 5 11 1 12 11 1
381 88615 1 1 1 1 8 1
382 88863 13 13 1 0 12 1 1 12 1 2 12 1 3 12 1 4 12 1 5 12 1 6 12 1 7 12 1 10 12 1 12 13 1 13 12 1 14 12 1 15 12 1
383 88873 1 1 1 5 15 1
384 89074 12 12 1 1 2 1 2 1 1 4 1 1 5 1 1 7 1 1 8 1 1 9 1 1 11 1 1 12 1 1 13 1 1 14 1 1 15 1 1
385 89404 12 12 1 1 13 1 4 13 1 5 13 1 6 13 1 7 13 1 8 13 1 9 13 1 10 13 1 12 13 1 13 14 1 14 13 1 15 13 1
386 89408 1 1 1 15 1 1
387 89440 1 1 1 14 15 1
388 89464 1 1 1 14 4 1
389 89477 2 1 1 9 0 50 9 0 9
390 89537 7 7 1 2 3 1 6 2 1 7 2 1 8 2 1 10 2 1 14 2 1 15 2 1
391 89841 14 14 1 0 6 1 2 6 1 3 6 1 4 6 1 5 6 1 6 7 1 8 6 1 9 6 1 10 6 1 11 6 1 12 6 1 13 6 1 14 6 1 15 6 1
392 89851 1 1 1 2 5 1
393 89974 7 7 1 0 2 1 3 2 1 9 2 1 11 2 1 12 2 1 13 2 1 15 2 1
394 89983 1 1 1 3 11 1
395 90031 3 3 1 4 15 1 8 15 1 15 0 1
396 90247 9 1 1 10 0 50 10 0 50 10 0 50 10 0 50 10 0 50 10 0 50 10 0 50 10 0 50 10 0 23
397 90355 3 3 1 13 7 1 14 7 1 15 7 1
398 90506 7 7 1 1 9 1 5 9 1 8 9 1 9 10 1 11 9 1 13 9 1 14 9 1
399 90613 2 2 1 2 3 23 8 2 23
400 90652 1 1 1 6 5 1
401 90778 6 2 3 14 5 1 15 5 1 14 6 1 15 6 1 14 7 4 15 7 4
402 92100 70 14 5 1 3 5 2 3 5 4 3 5 5 3 5 6 3 5 7 3 5 8 3 5 9 3 5 10 3 5 11 3 5 12 3 5 13 3 5 14 3 5 15 3 5 1 5 5 2 5 5 4 5 5 5 6 5 6 5 5 7 5 5 8 5 5 9 5 5 10 5 5 11 5 5 12 5 5 13 5 5 14 5 5 15 5 5 1 6 5 2 6 5 4 6 5 5 6 5 6 7 5 7 6 5 8 6 5 9 6 5 10 6 5 11 6 5 12 6 5 13 6 5 14 6 5 15 6 5 1 12 5 2 12 5 4 12 5 5 12 5 6 12 5 7 12 5 8 12 5 9 12 5 10 12 5 11 12 5 12 13 5 13 12 5 14 12 5 15 12 5 1 13 5 2 13 5 4 13 5 5 13 5 6 13 5 7 13 5 8 13 5 9 13 5 10 13 5 11 13 5 12 13 5 13 14 5 14 13 5 15 13 5
403 92151 6 3 1 4 7 50 4 7 10 10 7 50 10 7 10 13 7 50 13 7 10
404 92158 2 2 1 1 11 21 12 11 21
405 92218 2 2 1 1 4 1 8 4 1
406 92272 2 2 1 10 5 1 11 5 1
407 92323 3 3 1 0 2 1 1 2 1 3 2 1
408 92659 13 13 1 0 13 1 2 13 1 3 13 1 4 13 1 6 13 1 7 13 1 8 13 1 9 13 1 10 13 1 12 13 1 13 14 1 14 13 1 15 13 1
409 92665 1 1 1 8 10 2
410 92886 13 13 1 0 8 1 1 8 1 2 8 1 3 8 1 4 8 1 6 8 1 8 9 1 9 8 1 10 8 1 11 8 1 12 8 1 13 8 1 14 8 1
411 93178 12 12 1 0 10 1 1 10 1 3 10 1 4 10 1 6 10 1 7 10 1 8 10 1 11 10 1 12 10 1 13 10 1 14 10 1 15 10 1
412 97255 210 6 7 0 1 50 0 1 50 0 1 50 0 1 50 0 1 46 1 0 50 1 0 50 1 0 50 1 0 50 1 0 46 6 0 50 6 0 50 6 0 50 6 0 50 6 0 46 7 0 50 7 0 50 7 0 50 7 0 50 7 0 46 11 0 50 11 0 50 11 0 50 11 0 50 11 0 46 13 0 50 13 0 50 13 0 50 13 0 50 13 0 46 0 1 50 0 1 50 0 1 50 0 1 50 0 1 46 1 2 50 1 2 50 1 2 50 1 2 50 1 2 46 6 1 50 6 1 50 6 1 50 6 1 50 6 1 46 7 1 50 7 1 50 7 1 50 7 1 50 7 1 46 11 1 50 11 1 50 11 1 50 11 1 50 11 1 46 13 1 50 13 1 50 13 1 50 13 1 50 13 1 46 0 2 50 0 2 50 0 2 50 0 2 50 0 2 46 1 2 50 1 2 50 1 2 50 1 2 50 1 2 46 6 2 50 6 2 50 6 2 50 6 2 50 6 2 46 7 2 50 7 2 50 7 2 50 7 2 50 7 2 46 11 2 50 11 2 50 11 2 50 11 2 50 11 2 46 13 2 50 13 2 50 13 2 50 13 2 50 13 2 46 0 3 50 0 3 50 0 3 50 0 3 50 0 3 46 1 3 50 1 3 50 1 3 50 1 3 50 1 3 46 6 3 50 6 3 50 6 3 50 6 3 50 6 3 46 7 3 50 7 3 50 7 3 50 7 3 50 7 3 46 11 3 50 11 3 50 11 3 50 11 3 50 11 3 46 13 3 50 13 3 50 13 3 50 13 3 50 13 3 46 0 11 50 0 11 50 0 11 50 0 11 50 0 11 46 1 11 50 1 11 50 1 11 50 1 11 50 1 11 46 6 11 50 6 11 50 6 11 50 6 11 50 6 11 46 7 11 50 7 11 50 7 11 50 7 11 50 7 11 46 11 12 50 11 12 50 11 12 50 11 12 50 11 12 46 13 11 50 13 11 50 13 11 50 13 11 50 13 11 46 0 13 50 0 13 50 0 13 50 0 13 50 0 13 47 1 13 50 1 13 50 1 13 50 1 13 50 1 13 47 6 13 50 6 13 50 6 13 50 6 13 50 6 13 47 7 13 50 7 13 50 7 13 50 7 13 50 7 13 47 11 13 50 11 13 50 11 13 50 11 13 50 11 13 47 13 14 50 13 14 50 13 14 50 13 14 50 13 14 47 0 15 50 0 15 50 0 15 50 0 15 50 0 15 47 1 15 50 1 15 50 1 15 50 1 15 50 1 15 47 6 15 50 6 15 50 6 15 50 6 15 50 6 15 47 7 15 50 7 15 50 7 15 50 7 15 50 7 15 47 11 15 50 11 15 50 11 15 50 11 15 50 11 15 47 13 15 50 13 15 50 13 15 50 13 15 50 13 15 47
413 97256 1 1 1 15 14 1
414 97274 1 1 1 4 6 1
415 100714 180 12 15 0 1 4 1 0 4 4 0 4 5 0 4 6 0 4 7 0 4 8 0 4 9 0 4 10 0 4 12 0 4 14 0 4 15 0 4 0 1 4 1 2 4 4 1 4 5 1 4 6 1 4 7 1 4 8 1 4 9 1 4 10 1 4 12 1 4 14 1 4 15 1 4 0 2 4 1 2 4 4 2 4 5 2 4 6 2 4 7 2 4 8 2 4 9 2 4 10 2 4 12 2 4 14 2 4 15 2 4 0 3 4 1 3 4 4 3 4 5 3 4 6 3 4 7 3 4 8 3 4 9 3 4 10 3 4 12 3 4 14 3 4 15 3 4 0 5 4 1 5 4 4 5 4 5 6 4 6 5 4 7 5 4 8 5 4 9 5 4 10 5 4 12 5 4 14 5 4 15 5 4 0 6 8 1 6 8 4 6 8 5 6 8 6 7 8 7 6 8 8 6 8 9 6 8 10 6 8 12 6 8 14 6 8 15 6 8 0 7 5 1 7 5 4 7 5 5 7 5 6 7 5 7 8 5 8 7 5 9 7 5 10 7 5 12 7 5 14 7 5 15 7 5 0 8 4 1 8 4 4 8 4 5 8 4 6 8 4 7 8 4 8 9 4 9 8 4 10 8 4 12 8 4 14 8 4 15 8 4 0 9 4 1 9 4 4 9 4 5 9 4 6 9 4 7 9 4 8 9 4 9 10 4 10 9 4 12 9 4 14 9 4 15 9 4 0 10 4 1 10 4 4 10 4 5 10 4 6 10 4 7 10 4 8 10 4 9 10 4 10 11 4 12 10 4 14 10 4 15 10 4 0 11 4 1 11 4 4 11 4 5 11 4 6 11 4 7 11 4 8 11 4 9 11 4 10 11 4 12 11 4 14 11 4 15 11 4 0 12 4 1 12 4 4 12 4 5 12 4 6 12 4 7 12 4 8 12 4 9 12 4 10 12 4 12 13 4 14 12 4 15 12 4 0 13 4 1 13 4 4 13 4 5 13 4 6 13 4 7 13 4 8 13 4 9 13 4 10 13 4 12 13 4 14 13 4 15 13 4 0 14 4 1 14 4 4 14 4 5 14 4 6 14 4 7 14 4 8 14 4 9 14 4 10 14 4 12 14 4 14 15 4 15 14 4 0 15 4 1 15 4 4 15 4 5 15 4 6 15 4 7 15 4 8 15 4 9 15 4 10 15 4 12 15 4 14 15 4 15 0 4
416 100719 2 2 1 3 5 5 12 5 5
417 100738 3 3 1 0 3 2 3 4 2 14 3 2
418 100958 10 5 2 9 7 1 10 7 1 11 7 1 12 7 1 15 7 1 9 8 1 10 8 1 11 8 1 12 8 1 15 8 1
419 101192 14 14 1 0 12 1 1 12 1 2 12 1 5 12 1 6 12 1 7 12 1 8 12 1 9 12 1 10 12 1 11 12 1 12 13 1 13 12 1 14 12 1 15 12 1
420 101249 6 2 3 2 8 49 3 8 49 2 11 49 3 11 49 2 12 49 3 12 49
421 101380 6 2 3 3 1 49 14 1 49 3 2 49 14 2 49 3 11 49 14 11 49
422 101380 1 1 1 10 12 11
423 101533 7 7 1 0 6 1 4 6 1 6 7 1 7 6 1 8 6 1 11 6 1 13 6 1
424 101635 9 1 1 11 6 50 11 6 50 11 6 50 11 6 50 11 6 50 11 6 50 11 6 50 11 6 50 11 6 23
425 101697 2 2 1 13 11 1 14 11 1
426 101704 1 1 1 1 13 1
427 101726 2 2 1 1 14 45 10 14 45
428 101828 7 7 1 1 8 1 4 8 1 6 8 1 9 8 1 10 8 1 11 8 1 15 8 1
429 101850 1 1 1 15 3 1
430 102380 28 14 1 0 13 50 0 13 8 1 13 50 1 13 8 2 13 50 2 13 8 5 13 50 5 13 8 6 13 50 6 13 8 7 13 50 7 13 8 8 13 50 8 13 8 9 13 50 9 13 8 10 13 50 10 13 8 11 13 50 11 13 8 12 13 50 12 13 8 13 14 50 13 14 8 14 13 50 14 13 8 15 13 50 15 13 8
431 102539 6 3 1 6 8 50 6 8 12 12 8 50 12 8 12 13 8 50 13 8 12
432 102548 1 1 1 13 7 1
433 102751 10 5 2 1 3 1 2 3 1 6 3 1 10 3 1 13 3 1 1 12 1 2 12 1 6 12 1 10 12 1 13 12 1
434 102858 6 3 1 13 6 50 13 6 12 14 6 50 14 6 12 15 6 50 15 6 12
435 102866 1 1 1 1 12 1
436 102902 2 2 1 6 5 20 11 5 20
437 102925 3 3 1 1 8 2 7 8 2 15 8 2
438 103253 15 15 1 0 10 1 1 10 1 2 10 1 3 10 1 4 10 1 5 10 1 7 10 1 8 10 1 9 10 1 10 11 1 11 10 1 12 10 1 13 10 1 14 10 1 15 10 1
439 103347 3 3 1 0 10 1 5 10 1 6 10 1
440 103372 2 2 1 3 9 46 11 9 46
441 103587 9 1 1 14 7 50 14 7 50 14 7 50 14 7 50 14 7 50 14 7 50 14 7 50 14 7 50 14 7 23
442 103663 6 3 1 2 6 50 2 6 10 5 6 50 5 6 10 7 6 50 7 6 10
443 103664 1 1 1 7 8 1
444 103869 7 7 1 2 6 1 6 7 1 7 6 1 9 6 1 12 6 1 13 6 1 15 6 1
445 104076 7 7 1 0 9 1 4 9 1 5 9 1 6 9 1 8 9 1 10 9 1 12 9 1
446 104261 10 5 2 1 6 1 4 6 1 5 6 1 7 6 1 9 6 1 1 9 1 4 9 1 5 9 1 7 9 1 9 10 1
447 104277 1 1 1 7 13 1
448 104341 6 3 1 0 5 50 0 5 10 6 5 50 6 5 10 11 5 50 11 5 10
449 104358 1 1 1 1 6 1
450 104377 1 1 1 1 10 1
451 104388 1 1 1 12 5 1
452 104415 1 1 1 3 10 1
453 104429 1 1 1 1 5 1
454 104582 7 7 1 1 14 1 2 14 1 3 14 1 4 14 1 5 14 1 11 14 1 14 15 1
455 104711 6 2 1 10 5 50 10 5 50 10 5 11 11 5 50 11 5 50 11 5 11
456 104786 4 4 1 6 11 8 10 11 8 12 11 8 15 11 8
457 104833 2 2 1 13 15 31 14 15 31
458 105353 24 4 1 0 1 50 0 1 50 0 1 50 0 1 50 0 1 50 0 1 45 2 1 50 2 1 50 2 1 50 2 1 50 2 1 50 2 1 45 4 1 50 4 1 50 4 1 50 4 1 50 4 1 50 4 1 45 10 1 50 10 1 50 10 1 50 10 1 50 10 1 50 10 1 45
459 105401 2 2 1 10 14 41 12 14 41
460 105504 7 7 1 2 4 1 3 4 1 4 5 1 6 4 1 8 4 1 12 4 1 14 4 1
461 105565 4 2 1 11 5 50 11 5 5 13 5 50 13 5 5
462 105860 14 14 1 0 1 1 1 2 1 2 1 1 3 1 1 4 1 1 5 1 1 6 1 1 7 1 1 8 1 1 9 1 1 10 1 1 11 1 1 14 1 1 15 1 1
463 105923 3 3 1 0 1 2 3 1 2 10 1 2
464 106173 13 13 1 1 15 1 3 15 1 4 15 1 5 15 1 6 15 1 7 15 1 8 15 1 9 15 1 10 15 1 11 15 1 13 15 1 14 15 1 15 0 1
465 106443 13 13 1 1 8 1 2 8 1 3 8 1 4 8 1 7 8 1 8 9 1 9 8 1 10 8 1 11 8 1 12 8 1 13 8 1 14 8 1 15 8 1
466 106486 2 2 1 6 7 25 9 7 25
467 108088 75 15 5 0 1 4 1 2 4 2 1 4 3 1 4 4 1 4 5 1 4 6 1 4 7 1 4 9 1 4 10 1 4 11 1 4 12 1 4 13 1 4 14 1 4 15 1 4 0 2 4 1 2 4 2 3 4 3 2 4 4 2 4 5 2 4 6 2 4 7 2 4 9 2 4 10 2 4 11 2 4 12 2 4 13 2 4 14 2 4 15 2 4 0 3 4 1 3 4 2 3 4 3 4 4 4 3 4 5 3 4 6 3 4 7 3 4 9 3 4 10 3 4 11 3 4 12 3 4 13 3 4 14 3 4 15 3 4 0 6 4 1 6 4 2 6 4 3 6 4 4 6 4 5 6 4 6 7 4 7 6 4 9 6 4 10 6 4 11 6 4 12 6 4 13 6 4 14 6 4 15 6 4 0 14 4 1 14 4 2 14 4 3 14 4 4 14 4 5 14 4 6 14 4 7 14 4 9 14 4 10 14 4 11 14 4 12 14 4 13 14 4 14 15 4 15 14 4
468 108191 5 5 1 0 12 6 3 12 6 4 12 6 5 12 6 9 12 6
469 108223 2 2 1 4 7 2 12 7 2
470 108234 1 1 1 6 12 1
471 112435 225 15 15 0 1 8 1 0 8 2 0 8 3 0 8 4 0 8 5 0 8 7 0 8 8 0 8 9 0 8 10 0 8 11 0 8 12 0 8 13 0 8 14 0 8 15 0 8 0 1 8 1 2 8 2 1 8 3 1 8 4 1 8 5 1 8 7 1 8 8 1 8 9 1 8 10 1 8 11 1 8 12 1 8 13 1 8 14 1 8 15 1 8 0 2 8 1 2 8 2 3 8 3 2 8 4 2 8 5 2 8 7 2 8 8 2 8 9 2 8 10 2 8 11 2 8 12 2 8 13 2 8 14 2 8 15 2 8 0 3 8 1 3 8 2 3 8 3 4 8 4 3 8 5 3 8 7 3 8 8 3 8 9 3 8 10 3 8 11 3 8 12 3 8 13 3 8 14 3 8 15 3 8 0 4 8 1 4 8 2 4 8 3 4 8 4 5 8 5 4 8 7 4 8 8 4 8 9 4 8 10 4 8 11 4 8 12 4 8 13 4 8 14 4 8 15 4 8 0 5 8 1 5 8 2 5 8 3 5 8 4 5 8 5 6 8 7 5 8 8 5 8 9 5 8 10 5 8 11 5 8 12 5 8 13 5 8 14 5 8 15 5 8 0 6 8 1 6 8 2 6 8 3 6 8 4 6 8 5 6 8 7 6 8 8 6 8 9 6 8 10 6 8 11 6 8 12 6 8 13 6 8 14 6 8 15 6 8 0 7 16 1 7 16 2 7 16 3 7 16 4 7 16 5 7 16 7 8 16 8 7 16 9 7 16 10 7 16 11 7 16 12 7 16 13 7 16 14 7 16 15 7 16 0 8 8 1 8 8 2 8 8 3 8 8 4 8 8 5 8 8 7 8 8 8 9 8 9 8 8 10 8 8 11 8 8 12 8 8 13 8 8 14 8 8 15 8 8 0 9 8 1 9 8 2 9 8 3 9 8 4 9 8 5 9 8 7 9 8 8 9 8 9 10 8 10 9 8 11 9 8 12 9 8 13 9 8 14 9 8 15 9 8 0 10 9 1 10 9 2 10 9 3 10 9 4 10 9 5 10 9 7 10 9 8 10 9 9 10 9 10 11 9 11 10 9 12 10 9 13 10 9 14 10 9 15 10 9 0 11 8 1 11 8 2 11 8 3 11 8 4 11 8 5 11 8 7 11 8 8 11 8 9 11 8 10 11 8 11 12 8 12 11 8 13 11 8 14 11 8 15 11 8 0 12 8 1 12 8 2 12 8 3 12 8 4 12 8 5 12 8 7 12 8 8 12 8 9 12 8 10 12 8 11 12 8 12 13 8 13 12 8 14 12 8 15 12 8 0 13 8 1 13 8 2 13 8 3 13 8 4 13 8 5 13 8 7 13 8 8 13 8 9 13 8 10 13 8 11 13 8 12 13 8 13 14 8 14 13 8 15 13 8 0 15 8 1 15 8 2 15 8 3 15 8 4 15 8 5 15 8 7 15 8 8 15 8 9 15 8 10 15 8 11 15 8 12 15 8 13 15 8 14 15 8 15 0 8
472 112442 1 1 1 13 7 1
473 112452 1 1 1 3 4 1
474 112462 1 1 1 10 2 1
475 113753 60 10 3 0 6 50 0 6 21 1 6 50 1 6 21 2 6 50 2 6 21 3 6 50 3 6 21 4 6 50 4 6 21 5 6 50 5 6 21 8 6 50 8 6 21 9 6 50 9 6 21 12 6 50 12 6 21 13 6 50 13 6 21 0 8 50 0 8 21 1 8 50 1 8 21 2 8 50 2 8 21 3 8 50 3 8 21 4 8 50 4 8 21 5 8 50 5 8 21 8 9 50 8 9 21 9 8 50 9 8 21 12 8 50 12 8 21 13 8 50 13 8 21 0 10 50 0 10 8 1 10 50 1 10 8 2 10 50 2 10 8 3 10 50 3 10 8 4 10 50 4 10 8 5 10 50 5 10 8 8 10 50 8 10 8 9 10 50 9 10 8 12 10 50 12 10 8 13 10 50 13 10 8
476 113760 1 1 1 2 8 1
477 113801 1 1 1 8 2 1
478 113823 1 1 1 8 3 1
479 113986 10 5 2 2 1 1 3 1 1 5 1 1 6 1 1 9 1 1 2 13 1 3 13 1 5 13 1 6 13 1 9 13 1
480 114078 10 5 2 6 4 1 8 4 1 9 4 1 12 4 1 13 4 1 6 11 1 8 11 1 9 11 1 12 11 1 13 11 1
481 114113 1 1 1 2 4 1
482 114120 1 1 1 15 6 1
483 114127 1 1 1 6 4 1
484 114148 1 1 1 4 5 1
485 114363 5 5 1 0 11 1 5 11 1 9 11 1 10 11 1 14 11 1
486 114387 1 1 1 14 6 1
487 114455 7 7 1 5 11 1 6 11 1 7 11 1 8 11 1 10 11 1 13 11 1 15 11 1
488 114470 2 2 1 2 4 22 12 4 22
489 114638 10 5 2 1 2 1 7 2 1 8 2 1 12 2 1 14 2 1 1 4 1 7 4 1 8 4 1 12 4 1 14 4 1
490 114644 1 1 1 13 2 1
491 114984 13 13 1 0 6 1 1 6 1 2 6 1 3 6 1 4 6 1 5 6 1 6 7 1 7 6 1 9 6 1 10 6 1 11 6 1 12 6 1 14 6 1
492 115099 6 3 1 1 7 50 1 7 3 6 7 50 6 7 3 10 7 50 10 7 3
493 115135 1 1 1 3 10 1
494 115304 12 6 2 5 8 1 7 8 1 8 9 1 9 8 1 10 8 1 13 8 1 5 14 1 7 14 1 8 14 1 9 14 1 10 14 1 13 14 1
495 115391 4 4 1 5 10 1 8 10 1 9 10 1 14 10 1
496 115432 2 2 1 1 0 1 11 0 1
497 115444 1 1 1 3 6 1
498 115475 1 1 1 14 10 1
499 115476 1 1 1 4 13 1
500 115566 7 7 1 2 3 1 6 2 1 7 2 1 9 2 1 12 2 1 13 2 1 15 2 1
501 115615 3 3 1 3 0 2 10 0 2 15 0 2
502 119903 210 6 7 4 1 50 4 1 50 4 1 50 4 1 50 4 1 46 5 1 50 5 1 50 5 1 50 5 1 50 5 1 46 8 1 50 8 1 50 8 1 50 8 1 50 8 1 46 10 1 50 10 1 50 10 1 50 10 1 50 10 1 46 12 1 50 12 1 50 12 1 50 12 1 50 12 1 46 15 1 50 15 1 50 15 1 50 15 1 50 15 1 46 4 2 50 4 2 50 4 2 50 4 2 50 4 2 46 5 2 50 5 2 50 5 2 50 5 2 50 5 2 46 8 2 50 8 2 50 8 2 50 8 2 50 8 2 46 10 2 50 10 2 50 10 2 50 10 2 50 10 2 46 12 2 50 12 2 50 12 2 50 12 2 50 12 2 46 15 2 50 15 2 50 15 2 50 15 2 50 15 2 46 4 5 50 4 5 50 4 5 50 4 5 50 4 5 46 5 4 50 5 4 50 5 4 50 5 4 50 5 4 46 8 4 50 8 4 50 8 4 50 8 4 50 8 4 46 10 4 50 10 4 50 10 4 50 10 4 50 10 4 46 12 4 50 12 4 50 12 4 50 12 4 50 12 4 46 15 4 50 15 4 50 15 4 50 15 4 50 15 4 46 4 8 50 4 8 50 4 8 50 4 8 50 4 8 46 5 8 50 5 8 50 5 8 50 5 8 50 5 8 46 8 9 50 8 9 50 8 9 50 8 9 50 8 9 46 10 8 50 10 8 50 10 8 50 10 8 50 10 8 46 12 8 50 12 8 50 12 8 50 12 8 50 12 8 46 15 8 50 15 8 50 15 8 50 15 8 50 15 8 46 4 12 50 4 12 50 4 12 50 4 12 50 4 12 46 5 12 50 5 12 50 5 12 50 5 12 50 5 12 46 8 12 50 8 12 50 8 12 50 8 12 50 8 12 46 10 12 50 10 12 50 10 12 50 10 12 50 10 12 46 12 13 50 12 13 50 12 13 50 12 13 50 12 13 46 15 12 50 15 12 50 15 12 50 15 12 50 15 12 46 4 14 50 4 14 50 4 14 50 4 14 50 4 14 47 5 14 50 5 14 50 5 14 50 5 14 50 5 14 47 8 14 50 8 14 50 8 14 50 8 14 50 8 14 47 10 14 50 10 14 50 10 14 50 10 14 50 10 14 47 12 14 50 12 14 50 12 14 50 12 14 50 12 14 47 15 14 50 15 14 50 15 14 50 15 14 50 15 14 47 4 15 50 4 15 50 4 15 50 4 15 50 4 15 47 5 15 50 5 15 50 5 15 50 5 15 50 5 15 47 8 15 50 8 15 50 8 15 50 8 15 50 8 15 47 10 15 50 10 15 50 10 15 50 10 15 50 10 15 47 12 15 50 12 15 50 12 15 50 12 15 50 12 15 47 15 0 50 15 0 50 15 0 50 15 0 50 15 0 47
503 119905 1 1 1 13 15 1
504 119920 1 1 1 15 10 1
505 121267 75 15 5 0 3 4 1 3 4 2 3 4 3 4 4 5 3 4 6 3 4 7 3 4 8 3 4 9 3 4 10 3 4 11 3 4 12 3 4 13 3 4 14 3 4 15 3 4 0 4 4 1 4 4 2 4 4 3 4 4 5 4 4 6 4 4 7 4 4 8 4 4 9 4 4 10 4 4 11 4 4 12 4 4 13 4 4 14 4 4 15 4 4 0 8 4 1 8 4 2 8 4 3 8 4 5 8 4 6 8 4 7 8 4 8 9 4 9 8 4 10 8 4 11 8 4 12 8 4 13 8 4 14 8 4 15 8 4 0 9 4 1 9 4 2 9 4 3 9 4 5 9 4 6 9 4 7 9 4 8 9 4 9 10 4 10 9 4 11 9 4 12 9 4 13 9 4 14 9 4 15 9 4 0 12 4 1 12 4 2 12 4 3 12 4 5 12 4 6 12 4 7 12 4 8 12 4 9 12 4 10 12 4 11 12 4 12 13 4 13 12 4 14 12 4 15 12 4
506 121346 5 5 1 2 5 1 3 5 1 5 6 1 6 5 1 13 5 1
507 121432 2 2 1 7 14 25 9 14 25
508 121435 1 1 1 8 15 1
509 121585 6 6 1 3 4 1 4 3 1 10 3 1 11 3 1 13 3 1 15 3 1
510 121599 1 1 1 9 1 1
511 121607 1 1 1 3 0 1
512 121721 7 7 1 0 11 1 1 11 1 4 11 1 5 11 1 7 11 1 8 11 1 13 11 1
513 121792 6 6 1 0 1 1 1 0 1 2 0 1 4 0 1 5 0 1 11 0 1
514 121974 13 13 1 0 5 1 2 5 1 4 5 1 5 6 1 6 5 1 8 5 1 9 5 1 10 5 1 11 5 1 12 5 1 13 5 1 14 5 1 15 5 1
515 122017 4 4 1 6 9 8 9 10 8 10 9 8 15 9 8
516 122158 3 3 1 0 12 2 4 12 2 5 12 2
517 122413 13 13 1 0 3 1 2 3 1 3 4 1 4 3 1 5 3 1 6 3 1 7 3 1 9 3 1 10 3 1 11 3 1 13 3 1 14 3 1 15 3 1
518 122443 1 1 1 0 6 1
519 122463 1 1 1 8 13 1
520 122488 4 4 1 6 11 8 8 11 8 10 11 8 14 11 8
521 122554 5 5 1 1 14 1 2 14 1 4 14 1 9 14 1 10 14 1
522 122804 13 13 1 0 9 1 1 9 1 2 9 1 3 9 1 4 9 1 6 9 1 8 9 1 10 9 1 11 9 1 12 9 1 13 9 1 14 9 1 15 9 1
523 122890 6 3 1 1 11 50 1 11 12 13 11 50 13 11 12 15 11 50 15 11 12
524 122908 1 1 1 15 10 1
525 123048 6 2 1 6 12 50 6 12 50 6 12 11 10 12 50 10 12 50 10 12 11
