16 526
0 5 2 2 1 13 2 1 15 2 1
1 166 1 1 1 12 13 1
2 182 2 2 1 0 3 24 10 3 24
3 803 12 12 1 0 14 1 1 14 1 3 14 1 5 14 1 7 14 1 8 14 1 9 14 1 10 14 1 11 14 1 12 14 1 14 15 1 15 14 1
4 834 1 1 1 2 6 1
5 1692 24 8 3 0 2 29 2 3 29 3 2 29 5 2 29 7 2 29 8 2 29 10 2 29 13 2 29 0 3 26 2 3 26 3 4 26 5 3 26 7 3 26 8 3 26 10 3 26 13 3 26 0 8 26 2 8 26 3 8 26 5 8 26 7 8 26 8 9 26 10 8 26 13 8 26
6 11690 210 6 7 0 3 50 0 3 50 0 3 50 0 3 50 0 3 46 5 3 50 5 3 50 5 3 50 5 3 50 5 3 46 8 3 50 8 3 50 8 3 50 8 3 50 8 3 46 12 3 50 12 3 50 12 3 50 12 3 50 12 3 46 13 3 50 13 3 50 13 3 50 13 3 50 13 3 46 15 3 50 15 3 50 15 3 50 15 3 50 15 3 46 0 5 50 0 5 50 0 5 50 0 5 50 0 5 46 5 6 50 5 6 50 5 6 50 5 6 50 5 6 46 8 5 50 8 5 50 8 5 50 8 5 50 8 5 46 12 5 50 12 5 50 12 5 50 12 5 50 12 5 46 13 5 50 13 5 50 13 5 50 13 5 50 13 5 46 15 5 50 15 5 50 15 5 50 15 5 50 15 5 46 0 8 50 0 8 50 0 8 50 0 8 50 0 8 46 5 8 50 5 8 50 5 8 50 5 8 50 5 8 46 8 9 50 8 9 50 8 9 50 8 9 50 8 9 46 12 8 50 12 8 50 12 8 50 12 8 50 12 8 46 13 8 50 13 8 50 13 8 50 13 8 50 13 8 46 15 8 50 15 8 50 15 8 50 15 8 50 15 8 46 0 9 50 0 9 50 0 9 50 0 9 50 0 9 46 5 9 50 5 9 50 5 9 50 5 9 50 5 9 46 8 9 50 8 9 50 8 9 50 8 9 50 8 9 46 12 9 50 12 9 50 12 9 50 12 9 50 12 9 46 13 9 50 13 9 50 13 9 50 13 9 50 13 9 46 15 9 50 15 9 50 15 9 50 15 9 50 15 9 46 0 10 50 0 10 50 0 10 50 0 10 50 0 10 46 5 10 50 5 10 50 5 10 50 5 10 50 5 10 46 8 10 50 8 10 50 8 10 50 8 10 50 8 10 46 12 10 50 12 10 50 12 10 50 12 10 50 12 10 46 13 10 50 13 10 50 13 10 50 13 10 50 13 10 46 15 10 50 15 10 50 15 10 50 15 10 50 15 10 46 0 11 50 0 11 50 0 11 50 0 11 50 0 11 47 5 11 50 5 11 50 5 11 50 5 11 50 5 11 47 8 11 50 8 11 50 8 11 50 8 11 50 8 11 47 12 11 50 12 11 50 12 11 50 12 11 50 12 11 47 13 11 50 13 11 50 13 11 50 13 11 50 13 11 47 15 11 50 15 11 50 15 11 50 15 11 50 15 11 47 0 13 50 0 13 50 0 13 50 0 13 50 0 13 47 5 13 50 5 13 50 5 13 50 5 13 50 5 13 47 8 13 50 8 13 50 8 13 50 8 13 50 8 13 47 12 13 50 12 13 50 12 13 50 12 13 50 12 13 47 13 14 50 13 14 50 13 14 50 13 14 50 13 14 47 15 13 50 15 13 50 15 13 50 15 13 50 15 13 47
7 11734 1 1 1 5 13 1
8 12002 6 3 1 5 4 50 5 4 13 8 4 50 8 4 13 12 4 50 12 4 13
9 12360 7 7 1 1 7 1 3 7 1 4 7 1 10 7 1 12 7 1 13 7 1 14 7 1
10 12548 3 3 1 0 12 1 2 12 1 12 13 1
11 12557 1 1 1 8 10 1
12 12557 1 1 1 9 1 1
13 14916 60 4 15 4 0 2 6 0 2 8 0 2 9 0 2 4 2 2 6 2 2 8 2 2 9 2 2 4 3 2 6 3 2 8 3 2 9 3 2 4 5 2 6 4 2 8 4 2 9 4 2 4 5 2 6 5 2 8 5 2 9 5 2 4 6 5 6 7 5 8 6 5 9 6 5 4 7 3 6 7 3 8 7 3 9 7 3 4 8 2 6 8 2 8 9 2 9 8 2 4 9 2 6 9 2 8 9 2 9 10 2 4 10 2 6 10 2 8 10 2 9 10 2 4 11 2 6 11 2 8 11 2 9 11 2 4 12 2 6 12 2 8 12 2 9 12 2 4 13 2 6 13 2 8 13 2 9 13 2 4 14 2 6 14 2 8 14 2 9 14 2 4 15 2 6 15 2 8 15 2 9 15 2
14 14927 1 1 1 7 15 1
15 15326 12 6 2 0 11 1 3 11 1 6 11 1 9 11 1 11 12 1 14 11 1 0 14 1 3 14 1 6 14 1 9 14 1 11 14 1 14 15 1
16 15430 2 2 1 3 1 1 9 1 1
17 15433 1 1 1 0 1 1
18 15455 1 1 1 5 7 1
19 15526 4 2 1 9 10 50 9 10 2 13 10 50 13 10 2
20 15880 7 7 1 0 7 1 2 7 1 3 7 1 8 7 1 11 7 1 12 7 1 13 7 1
21 16017 3 3 1 2 8 1 10 8 1 14 8 1
22 16023 1 1 1 13 15 1
23 16032 1 1 1 12 4 1
24 16126 4 2 1 11 7 50 11 7 2 15 7 50 15 7 2
25 25125 225 15 15 0 1 26 1 0 26 2 0 26 3 0 26 4 0 26 5 0 26 6 0 26 7 0 26 8 0 26 9 0 26 10 0 26 11 0 26 12 0 26 13 0 26 15 0 26 0 1 24 1 2 24 2 1 24 3 1 24 4 1 24 5 1 24 6 1 24 7 1 24 8 1 24 9 1 24 10 1 24 11 1 24 12 1 24 13 1 24 15 1 24 0 2 24 1 2 24 2 3 24 3 2 24 4 2 24 5 2 24 6 2 24 7 2 24 8 2 24 9 2 24 10 2 24 11 2 24 12 2 24 13 2 24 15 2 24 0 3 24 1 3 24 2 3 24 3 4 24 4 3 24 5 3 24 6 3 24 7 3 24 8 3 24 9 3 24 10 3 24 11 3 24 12 3 24 13 3 24 15 3 24 0 4 24 1 4 24 2 4 24 3 4 24 4 5 24 5 4 24 6 4 24 7 4 24 8 4 24 9 4 24 10 4 24 11 4 24 12 4 24 13 4 24 15 4 24 0 5 24 1 5 24 2 5 24 3 5 24 4 5 24 5 6 24 6 5 24 7 5 24 8 5 24 9 5 24 10 5 24 11 5 24 12 5 24 13 5 24 15 5 24 0 7 26 1 7 26 2 7 26 3 7 26 4 7 26 5 7 26 6 7 26 7 8 26 8 7 26 9 7 26 10 7 26 11 7 26 12 7 26 13 7 26 15 7 26 0 8 24 1 8 24 2 8 24 3 8 24 4 8 24 5 8 24 6 8 24 7 8 24 8 9 24 9 8 24 10 8 24 11 8 24 12 8 24 13 8 24 15 8 24 0 9 24 1 9 24 2 9 24 3 9 24 4 9 24 5 9 24 6 9 24 7 9 24 8 9 24 9 10 24 10 9 24 11 9 24 12 9 24 13 9 24 15 9 24 0 10 24 1 10 24 2 10 24 3 10 24 4 10 24 5 10 24 6 10 24 7 10 24 8 10 24 9 10 24 10 11 24 11 10 24 12 10 24 13 10 24 15 10 24 0 11 24 1 11 24 2 11 24 3 11 24 4 11 24 5 11 24 6 11 24 7 11 24 8 11 24 9 11 24 10 11 24 11 12 24 12 11 24 13 11 24 15 11 24 0 12 24 1 12 24 2 12 24 3 12 24 4 12 24 5 12 24 6 12 24 7 12 24 8 12 24 9 12 24 10 12 24 11 12 24 12 13 24 13 12 24 15 12 24 0 13 24 1 13 24 2 13 24 3 13 24 4 13 24 5 13 24 6 13 24 7 13 24 8 13 24 9 13 24 10 13 24 11 13 24 12 13 24 13 14 24 15 13 24 0 14 24 1 14 24 2 14 24 3 14 24 4 14 24 5 14 24 6 14 24 7 14 24 8 14 24 9 14 24 10 14 24 11 14 24 12 14 24 13 14 24 15 14 24 0 15 47 1 15 47 2 15 47 3 15 47 4 15 47 5 15 47 6 15 47 7 15 47 8 15 47 9 15 47 10 15 47 11 15 47 12 15 47 13 15 47 15 0 47
26 25274 4 2 1 6 0 50 6 0 26 9 0 50 9 0 26
27 25999 14 14 1 0 9 1 1 9 1 2 9 1 3 9 1 4 9 1 6 9 1 7 9 1 8 9 1 10 9 1 11 9 1 12 9 1 13 9 1 14 9 1 15 9 1
28 26018 1 1 1 6 3 1
29 26369 9 1 1 11 3 50 11 3 50 11 3 50 11 3 50 11 3 50 11 3 50 11 3 50 11 3 50 11 3 23
30 26375 1 1 1 13 0 1
31 26586 7 7 1 1 15 1 2 15 1 4 15 1 6 15 1 8 15 1 11 15 1 13 15 1
32 27696 28 14 1 0 13 50 0 13 8 1 13 50 1 13 8 2 13 50 2 13 8 3 13 50 3 13 8 4 13 50 4 13 8 5 13 50 5 13 8 6 13 50 6 13 8 7 13 50 7 13 8 8 13 50 8 13 8 9 13 50 9 13 8 10 13 50 10 13 8 13 14 50 13 14 8 14 13 50 14 13 8 15 13 50 15 13 8
33 28071 7 7 1 1 12 1 4 12 1 8 12 1 11 12 1 13 12 1 14 12 1 15 12 1
34 28632 7 7 1 1 11 1 2 11 1 5 11 1 6 11 1 10 11 1 12 11 1 13 11 1
35 28914 7 7 1 1 8 1 2 8 1 3 8 1 4 8 1 5 8 1 7 8 1 15 8 1
36 28932 1 1 1 5 3 1
37 29031 2 2 1 2 4 22 4 5 22
38 29042 1 1 1 9 4 1
39 29079 1 1 1 3 4 1
40 29839 13 13 1 0 6 1 1 6 1 2 6 1 3 6 1 5 6 1 6 7 1 7 6 1 8 6 1 9 6 1 10 6 1 11 6 1 12 6 1 14 6 1
41 30199 15 15 1 0 11 1 1 11 1 2 11 1 3 11 1 4 11 1 5 11 1 6 11 1 7 11 1 8 11 1 9 11 1 10 11 1 12 11 1 13 11 1 14 11 1 15 11 1
42 30213 1 1 1 11 3 1
43 30316 3 3 1 1 0 1 2 0 1 11 0 1
44 30345 2 2 1 3 15 2 9 15 2
45 30795 7 7 1 2 8 1 3 8 1 4 8 1 6 8 1 7 8 1 8 9 1 10 8 1
46 30830 2 2 1 9 3 2 13 3 2
47 31489 14 14 1 0 6 1 1 6 1 2 6 1 3 6 1 4 6 1 5 6 1 6 7 1 7 6 1 8 6 1 10 6 1 11 6 1 12 6 1 13 6 1 15 6 1
48 31610 1 1 1 9 10 1
49 31985 7 7 1 1 3 1 3 4 1 4 3 1 5 3 1 6 3 1 8 3 1 10 3 1
50 32103 1 1 1 14 9 1
51 32402 7 7 1 0 13 1 2 13 1 3 13 1 4 13 1 6 13 1 9 13 1 13 14 1
52 32439 1 1 1 0 15 1
53 32467 3 3 1 0 1 1 1 0 1 7 0 1
54 32488 2 2 1 1 4 1 13 4 1
55 40995 210 6 7 0 1 50 0 1 50 0 1 50 0 1 50 0 1 46 8 0 50 8 0 50 8 0 50 8 0 50 8 0 46 9 0 50 9 0 50 9 0 50 9 0 50 9 0 46 10 0 50 10 0 50 10 0 50 10 0 50 10 0 46 12 0 50 12 0 50 12 0 50 12 0 50 12 0 46 13 0 50 13 0 50 13 0 50 13 0 50 13 0 46 0 4 50 0 4 50 0 4 50 0 4 50 0 4 46 8 4 50 8 4 50 8 4 50 8 4 50 8 4 46 9 4 50 9 4 50 9 4 50 9 4 50 9 4 46 10 4 50 10 4 50 10 4 50 10 4 50 10 4 46 12 4 50 12 4 50 12 4 50 12 4 50 12 4 46 13 4 50 13 4 50 13 4 50 13 4 50 13 4 46 0 5 50 0 5 50 0 5 50 0 5 50 0 5 46 8 5 50 8 5 50 8 5 50 8 5 50 8 5 46 9 5 50 9 5 50 9 5 50 9 5 50 9 5 46 10 5 50 10 5 50 10 5 50 10 5 50 10 5 46 12 5 50 12 5 50 12 5 50 12 5 50 12 5 46 13 5 50 13 5 50 13 5 50 13 5 50 13 5 46 0 8 50 0 8 50 0 8 50 0 8 50 0 8 46 8 9 50 8 9 50 8 9 50 8 9 50 8 9 46 9 8 50 9 8 50 9 8 50 9 8 50 9 8 46 10 8 50 10 8 50 10 8 50 10 8 50 10 8 46 12 8 50 12 8 50 12 8 50 12 8 50 12 8 46 13 8 50 13 8 50 13 8 50 13 8 50 13 8 46 0 9 50 0 9 50 0 9 50 0 9 50 0 9 46 8 9 50 8 9 50 8 9 50 8 9 50 8 9 46 9 10 50 9 10 50 9 10 50 9 10 50 9 10 46 10 9 50 10 9 50 10 9 50 10 9 50 10 9 46 12 9 50 12 9 50 12 9 50 12 9 50 12 9 46 13 9 50 13 9 50 13 9 50 13 9 50 13 9 46 0 11 50 0 11 50 0 11 50 0 11 50 0 11 47 8 11 50 8 11 50 8 11 50 8 11 50 8 11 47 9 11 50 9 11 50 9 11 50 9 11 50 9 11 47 10 11 50 10 11 50 10 11 50 10 11 50 10 11 47 12 11 50 12 11 50 12 11 50 12 11 50 12 11 47 13 11 50 13 11 50 13 11 50 13 11 50 13 11 47 0 12 50 0 12 50 0 12 50 0 12 50 0 12 47 8 12 50 8 12 50 8 12 50 8 12 50 8 12 47 9 12 50 9 12 50 9 12 50 9 12 50 9 12 47 10 12 50 10 12 50 10 12 50 10 12 50 10 12 47 12 13 50 12 13 50 12 13 50 12 13 50 12 13 47 13 12 50 13 12 50 13 12 50 13 12 50 13 12 47
56 41717 14 14 1 0 3 1 1 3 1 2 3 1 3 4 1 4 3 1 7 3 1 8 3 1 9 3 1 10 3 1 11 3 1 12 3 1 13 3 1 14 3 1 15 3 1
57 41718 1 1 1 11 1 1
58 41823 2 2 1 5 11 1 13 11 1
59 41996 2 2 1 0 5 5 2 5 5
60 42486 10 5 2 2 14 1 3 14 1 7 14 1 9 14 1 13 14 1 2 15 1 3 15 1 7 15 1 9 15 1 13 15 1
61 42636 1 1 1 9 5 1
62 42652 1 1 1 5 12 1
63 42668 1 1 1 12 2 1
64 43141 15 15 1 0 12 1 2 12 1 3 12 1 4 12 1 5 12 1 6 12 1 7 12 1 8 12 1 9 12 1 10 12 1 11 12 1 12 13 1 13 12 1 14 12 1 15 12 1
65 43351 7 7 1 1 14 1 2 14 1 3 14 1 6 14 1 11 14 1 12 14 1 15 14 1
66 43376 1 1 1 0 1 2
67 44087 13 13 1 0 15 1 1 15 1 3 15 1 4 15 1 5 15 1 6 15 1 7 15 1 9 15 1 10 15 1 11 15 1 12 15 1 14 15 1 15 0 1
68 44196 1 1 1 14 0 1
69 44236 2 2 1 13 6 21 14 6 21
70 44990 13 13 1 1 9 1 2 9 1 3 9 1 4 9 1 6 9 1 7 9 1 8 9 1 9 10 1 11 9 1 12 9 1 13 9 1 14 9 1 15 9 1
71 47791 60 4 15 8 0 2 11 0 2 13 0 2 15 0 2 8 1 2 11 1 2 13 1 2 15 1 2 8 2 2 11 2 2 13 2 2 15 2 2 8 3 2 11 3 2 13 3 2 15 3 2 8 4 2 11 4 2 13 4 2 15 4 2 8 5 5 11 5 5 13 5 5 15 5 5 8 6 3 11 6 3 13 6 3 15 6 3 8 9 2 11 8 2 13 8 2 15 8 2 8 9 2 11 9 2 13 9 2 15 9 2 8 10 2 11 10 2 13 10 2 15 10 2 8 11 2 11 12 2 13 11 2 15 11 2 8 12 2 11 12 2 13 12 2 15 12 2 8 13 2 11 13 2 13 14 2 15 13 2 8 14 2 11 14 2 13 14 2 15 14 2 8 15 2 11 15 2 13 15 2 15 0 2
72 47867 2 2 1 4 11 5 13 11 5
73 48452 14 14 1 0 4 1 1 4 1 2 4 1 4 5 1 5 4 1 6 4 1 7 4 1 9 4 1 10 4 1 11 4 1 12 4 1 13 4 1 14 4 1 15 4 1
74 48523 1 1 1 15 14 1
75 48526 1 1 1 1 14 1
76 48630 2 2 1 10 4 21 12 4 21
77 48873 6 3 1 2 7 50 2 7 10 6 7 50 6 7 10 14 7 50 14 7 10
78 49156 6 3 1 0 2 50 0 2 10 4 2 50 4 2 10 14 2 50 14 2 10
79 49177 1 1 1 2 11 1
80 49210 2 2 1 9 0 24 12 0 24
81 49226 1 1 1 10 3 1
82 49369 3 3 1 1 6 1 6 7 1 11 6 1
83 49463 1 1 1 8 5 1
84 49487 1 1 1 7 1 1
85 49782 4 4 1 0 5 1 5 6 1 10 5 1 11 5 1
86 49934 2 2 1 10 14 23 12 14 23
87 50141 3 3 1 3 15 1 9 15 1 11 15 1
88 50182 1 1 1 11 15 3
89 50265 2 2 1 8 2 24 11 2 24
90 50789 13 13 1 0 8 1 1 8 1 2 8 1 4 8 1 5 8 1 6 8 1 7 8 1 9 8 1 10 8 1 12 8 1 13 8 1 14 8 1 15 8 1
91 51540 13 13 1 0 7 1 1 7 1 2 7 1 3 7 1 4 7 1 6 7 1 8 7 1 9 7 1 10 7 1 11 7 1 12 7 1 13 7 1 15 7 1
92 51999 3 3 1 7 15 1 9 15 1 14 15 1
93 52092 2 2 1 8 7 1 12 7 1
94 52303 2 2 1 7 11 21 8 11 21
95 52337 1 1 1 9 2 1
96 52399 1 1 1 2 3 11
97 52407 1 1 1 13 4 1
98 52508 1 1 1 8 13 1
99 52531 1 1 1 15 2 1
100 52580 1 1 1 12 14 1
101 52581 1 1 1 10 4 1
102 53742 28 14 1 0 7 50 0 7 8 1 7 50 1 7 8 2 7 50 2 7 8 3 7 50 3 7 8 4 7 50 4 7 8 5 7 50 5 7 8 6 7 50 6 7 8 7 8 50 7 8 8 8 7 50 8 7 8 10 7 50 10 7 8 12 7 50 12 7 8 13 7 50 13 7 8 14 7 50 14 7 8 15 7 50 15 7 8
103 53891 2 1 1 5 2 50 5 2 9
104 54294 7 7 1 1 13 1 2 13 1 3 13 1 7 13 1 9 13 1 14 13 1 15 13 1
105 54374 3 3 1 4 0 1 7 0 1 14 0 1
106 54376 1 1 1 1 11 1
107 54436 1 1 1 14 13 1
108 54673 7 7 1 0 1 1 1 2 1 3 1 1 4 1 1 9 1 1 13 1 1 15 1 1
109 55024 11 1 11 13 0 3 13 1 3 13 2 3 13 3 6 13 4 3 13 7 2 13 8 6 13 9 3 13 11 3 13 14 3 13 15 3
110 55549 4 4 1 7 6 8 8 6 8 11 6 8 15 6 8
111 55627 1 1 1 7 6 1
112 55686 1 1 1 14 1 1
113 55700 1 1 1 5 4 1
114 55873 1 1 1 7 10 1
115 55937 2 2 1 1 10 1 6 10 1
116 55964 1 1 1 11 10 1
117 55968 1 1 1 14 7 1
118 56024 1 1 1 7 14 1
119 56063 1 1 1 4 11 1
120 56469 15 15 1 0 9 1 1 9 1 2 9 1 3 9 1 4 9 1 5 9 1 6 9 1 7 9 1 8 9 1 9 10 1 10 9 1 11 9 1 12 9 1 13 9 1 15 9 1
121 56473 1 1 1 11 4 6
122 56807 7 7 1 1 2 1 5 2 1 8 2 1 10 2 1 11 2 1 13 2 1 14 2 1
123 56849 1 1 1 2 1 1
124 56884 3 3 1 1 7 1 12 7 1 14 7 1
125 56895 2 2 1 8 12 24 9 12 24
126 57065 2 2 1 1 9 45 13 9 45
127 66344 225 15 15 0 1 26 1 0 26 2 0 26 3 0 26 4 0 26 5 0 26 6 0 26 7 0 26 8 0 26 9 0 26 10 0 26 12 0 26 13 0 26 14 0 26 15 0 26 0 1 24 1 2 24 2 1 24 3 1 24 4 1 24 5 1 24 6 1 24 7 1 24 8 1 24 9 1 24 10 1 24 12 1 24 13 1 24 14 1 24 15 1 24 0 2 24 1 2 24 2 3 24 3 2 24 4 2 24 5 2 24 6 2 24 7 2 24 8 2 24 9 2 24 10 2 24 12 2 24 13 2 24 14 2 24 15 2 24 0 3 24 1 3 24 2 3 24 3 4 24 4 3 24 5 3 24 6 3 24 7 3 24 8 3 24 9 3 24 10 3 24 12 3 24 13 3 24 14 3 24 15 3 24 0 5 24 1 5 24 2 5 24 3 5 24 4 5 24 5 6 24 6 5 24 7 5 24 8 5 24 9 5 24 10 5 24 12 5 24 13 5 24 14 5 24 15 5 24 0 6 24 1 6 24 2 6 24 3 6 24 4 6 24 5 6 24 6 7 24 7 6 24 8 6 24 9 6 24 10 6 24 12 6 24 13 6 24 14 6 24 15 6 24 0 7 26 1 7 26 2 7 26 3 7 26 4 7 26 5 7 26 6 7 26 7 8 26 8 7 26 9 7 26 10 7 26 12 7 26 13 7 26 14 7 26 15 7 26 0 8 24 1 8 24 2 8 24 3 8 24 4 8 24 5 8 24 6 8 24 7 8 24 8 9 24 9 8 24 10 8 24 12 8 24 13 8 24 14 8 24 15 8 24 0 9 24 1 9 24 2 9 24 3 9 24 4 9 24 5 9 24 6 9 24 7 9 24 8 9 24 9 10 24 10 9 24 12 9 24 13 9 24 14 9 24 15 9 24 0 10 24 1 10 24 2 10 24 3 10 24 4 10 24 5 10 24 6 10 24 7 10 24 8 10 24 9 10 24 10 11 24 12 10 24 13 10 24 14 10 24 15 10 24 0 11 24 1 11 24 2 11 24 3 11 24 4 11 24 5 11 24 6 11 24 7 11 24 8 11 24 9 11 24 10 11 24 12 11 24 13 11 24 14 11 24 15 11 24 0 12 24 1 12 24 2 12 24 3 12 24 4 12 24 5 12 24 6 12 24 7 12 24 8 12 24 9 12 24 10 12 24 12 13 24 13 12 24 14 12 24 15 12 24 0 13 24 1 13 24 2 13 24 3 13 24 4 13 24 5 13 24 6 13 24 7 13 24 8 13 24 9 13 24 10 13 24 12 13 24 13 14 24 14 13 24 15 13 24 0 14 24 1 14 24 2 14 24 3 14 24 4 14 24 5 14 24 6 14 24 7 14 24 8 14 24 9 14 24 10 14 24 12 14 24 13 14 24 14 15 24 15 14 24 0 15 47 1 15 47 2 15 47 3 15 47 4 15 47 5 15 47 6 15 47 7 15 47 8 15 47 9 15 47 10 15 47 12 15 47 13 15 47 14 15 47 15 0 47
128 66965 14 14 1 0 6 1 2 6 1 4 6 1 5 6 1 6 7 1 7 6 1 8 6 1 9 6 1 10 6 1 11 6 1 12 6 1 13 6 1 14 6 1 15 6 1
129 67373 10 5 2 1 7 1 2 7 1 7 8 1 9 7 1 14 7 1 1 15 1 2 15 1 7 15 1 9 15 1 14 15 1
130 67417 1 1 1 13 2 18
131 70912 75 15 5 1 0 5 2 0 5 3 0 5 4 0 5 5 0 5 6 0 5 7 0 5 8 0 5 9 0 5 10 0 5 11 0 5 12 0 5 13 0 5 14 0 5 15 0 5 1 3 5 2 3 5 3 4 5 4 3 5 5 3 5 6 3 5 7 3 5 8 3 5 9 3 5 10 3 5 11 3 5 12 3 5 13 3 5 14 3 5 15 3 5 1 6 5 2 6 5 3 6 5 4 6 5 5 6 5 6 7 5 7 6 5 8 6 5 9 6 5 10 6 5 11 6 5 12 6 5 13 6 5 14 6 5 15 6 5 1 8 5 2 8 5 3 8 5 4 8 5 5 8 5 6 8 5 7 8 5 8 9 5 9 8 5 10 8 5 11 8 5 12 8 5 13 8 5 14 8 5 15 8 5 1 15 5 2 15 5 3 15 5 4 15 5 5 15 5 6 15 5 7 15 5 8 15 5 9 15 5 10 15 5 11 15 5 12 15 5 13 15 5 14 15 5 15 0 5
132 71527 10 5 2 3 2 1 4 2 1 8 2 1 9 2 1 10 2 1 3 5 1 4 5 1 8 5 1 9 5 1 10 5 1
133 71681 2 2 1 3 7 1 6 7 1
134 71683 1 1 1 0 8 1
135 71723 1 1 1 1 0 1
136 72076 5 5 1 0 4 1 2 4 1 13 4 1 14 4 1 15 4 1
137 72106 2 2 1 11 15 1 12 15 1
138 72231 3 3 1 6 5 1 13 5 1 14 5 1
139 72309 1 1 1 1 3 1
140 72319 1 1 1 6 5 1
141 72320 1 1 1 1 10 1
142 72681 7 7 1 4 7 1 5 7 1 7 8 1 9 7 1 10 7 1 13 7 1 15 7 1
143 73216 10 5 2 0 1 1 2 0 1 10 0 1 12 0 1 13 0 1 0 11 1 2 11 1 10 11 1 12 11 1 13 11 1
144 73709 13 13 1 0 7 1 3 7 1 4 7 1 5 7 1 6 7 1 7 8 1 8 7 1 9 7 1 10 7 1 11 7 1 13 7 1 14 7 1 15 7 1
145 74531 10 5 2 0 4 47 1 4 47 2 4 47 13 4 47 14 4 47 0 12 47 1 12 47 2 12 47 13 12 47 14 12 47
146 74580 1 1 1 15 9 1
147 74588 1 1 1 7 6 1
148 74765 4 4 1 4 7 1 6 7 1 11 7 1 12 7 1
149 74767 1 1 1 4 11 1
150 74852 1 1 1 1 11 1
151 75587 15 15 1 0 2 1 1 2 1 2 3 1 3 2 1 4 2 1 5 2 1 6 2 1 7 2 1 8 2 1 9 2 1 10 2 1 11 2 1 12 2 1 13 2 1 15 2 1
152 84361 210 6 7 2 0 50 2 0 50 2 0 50 2 0 50 2 0 46 6 0 50 6 0 50 6 0 50 6 0 50 6 0 46 11 0 50 11 0 50 11 0 50 11 0 50 11 0 46 12 0 50 12 0 50 12 0 50 12 0 50 12 0 46 14 0 50 14 0 50 14 0 50 14 0 50 14 0 46 15 0 50 15 0 50 15 0 50 15 0 50 15 0 46 2 3 50 2 3 50 2 3 50 2 3 50 2 3 46 6 3 50 6 3 50 6 3 50 6 3 50 6 3 46 11 3 50 11 3 50 11 3 50 11 3 50 11 3 46 12 3 50 12 3 50 12 3 50 12 3 50 12 3 46 14 3 50 14 3 50 14 3 50 14 3 50 14 3 46 15 3 50 15 3 50 15 3 50 15 3 50 15 3 46 2 4 50 2 4 50 2 4 50 2 4 50 2 4 46 6 4 50 6 4 50 6 4 50 6 4 50 6 4 46 11 4 50 11 4 50 11 4 50 11 4 50 11 4 46 12 4 50 12 4 50 12 4 50 12 4 50 12 4 46 14 4 50 14 4 50 14 4 50 14 4 50 14 4 46 15 4 50 15 4 50 15 4 50 15 4 50 15 4 46 2 8 50 2 8 50 2 8 50 2 8 50 2 8 46 6 8 50 6 8 50 6 8 50 6 8 50 6 8 46 11 8 50 11 8 50 11 8 50 11 8 50 11 8 46 12 8 50 12 8 50 12 8 50 12 8 50 12 8 46 14 8 50 14 8 50 14 8 50 14 8 50 14 8 46 15 8 50 15 8 50 15 8 50 15 8 50 15 8 46 2 9 50 2 9 50 2 9 50 2 9 50 2 9 46 6 9 50 6 9 50 6 9 50 6 9 50 6 9 46 11 9 50 11 9 50 11 9 50 11 9 50 11 9 46 12 9 50 12 9 50 12 9 50 12 9 50 12 9 46 14 9 50 14 9 50 14 9 50 14 9 50 14 9 46 15 9 50 15 9 50 15 9 50 15 9 50 15 9 46 2 11 50 2 11 50 2 11 50 2 11 50 2 11 47 6 11 50 6 11 50 6 11 50 6 11 50 6 11 47 11 12 50 11 12 50 11 12 50 11 12 50 11 12 47 12 11 50 12 11 50 12 11 50 12 11 50 12 11 47 14 11 50 14 11 50 14 11 50 14 11 50 14 11 47 15 11 50 15 11 50 15 11 50 15 11 50 15 11 47 2 14 50 2 14 50 2 14 50 2 14 50 2 14 47 6 14 50 6 14 50 6 14 50 6 14 50 6 14 47 11 14 50 11 14 50 11 14 50 11 14 50 11 14 47 12 14 50 12 14 50 12 14 50 12 14 50 12 14 47 14 15 50 14 15 50 14 15 50 14 15 50 14 15 47 15 14 50 15 14 50 15 14 50 15 14 50 15 14 47
153 85145 15 15 1 0 12 1 1 12 1 2 12 1 3 12 1 4 12 1 5 12 1 6 12 1 7 12 1 8 12 1 9 12 1 10 12 1 11 12 1 12 13 1 14 12 1 15 12 1
154 85200 2 2 1 2 11 21 4 11 21
155 85331 3 3 1 1 3 1 9 3 1 13 3 1
156 85727 10 5 2 1 10 1 5 10 1 9 10 1 13 10 1 14 10 1 1 13 1 5 13 1 9 13 1 13 14 1 14 13 1
157 85832 1 1 1 13 14 1
158 86467 14 14 1 0 7 1 1 7 1 2 7 1 4 7 1 5 7 1 6 7 1 7 8 1 8 7 1 9 7 1 10 7 1 11 7 1 12 7 1 14 7 1 15 7 1
159 87083 13 13 1 1 6 1 2 6 1 4 6 1 5 6 1 6 7 1 7 6 1 8 6 1 9 6 1 11 6 1 12 6 1 13 6 1 14 6 1 15 6 1
160 87103 1 1 1 13 9 1
161 87127 1 1 1 15 5 1
162 87222 1 1 1 9 5 1
163 87256 1 1 1 4 10 1
164 87785 13 13 1 0 12 1 1 12 1 2 12 1 3 12 1 4 12 1 5 12 1 6 12 1 8 12 1 9 12 1 10 12 1 13 12 1 14 12 1 15 12 1
165 87800 1 1 1 5 6 1
166 87935 4 4 1 1 9 1 2 9 1 3 9 1 4 9 1
167 87986 2 2 1 0 7 24 12 7 24
168 88011 1 1 1 11 10 1
169 88114 2 2 1 12 13 24 15 12 24
170 88403 6 3 1 3 1 50 3 1 10 9 1 50 9 1 10 11 1 50 11 1 10
171 88948 10 5 2 0 2 1 5 2 1 10 2 1 13 2 1 14 2 1 0 3 1 5 3 1 10 3 1 13 3 1 14 3 1
172 89555 15 15 1 0 1 1 2 1 1 3 1 1 4 1 1 5 1 1 6 1 1 7 1 1 8 1 1 9 1 1 10 1 1 11 1 1 12 1 1 13 1 1 14 1 1 15 1 1
173 89580 2 2 1 4 14 1 7 14 1
174 89688 4 4 1 5 14 1 7 14 1 8 14 1 10 14 1
175 89700 1 1 1 10 6 1
176 90658 18 3 1 5 6 50 5 6 50 5 6 50 5 6 50 5 6 50 5 6 29 6 5 50 6 5 50 6 5 50 6 5 50 6 5 50 6 5 29 8 5 50 8 5 50 8 5 50 8 5 50 8 5 50 8 5 29
177 90942 6 3 1 5 11 50 5 11 10 6 11 50 6 11 10 13 11 50 13 11 10
178 91443 7 7 1 0 13 1 3 13 1 5 13 1 6 13 1 7 13 1 14 13 1 15 13 1
179 91861 2 2 1 7 1 1 8 1 1
180 92097 7 7 1 0 14 1 1 14 1 3 14 1 6 14 1 7 14 1 8 14 1 14 15 1
181 94989 75 15 5 1 5 4 2 5 4 3 5 4 4 5 4 5 6 4 6 5 4 7 5 4 8 5 4 9 5 4 10 5 4 11 5 4 12 5 4 13 5 4 14 5 4 15 5 4 1 7 4 2 7 4 3 7 4 4 7 4 5 7 4 6 7 4 7 8 4 8 7 4 9 7 4 10 7 4 11 7 4 12 7 4 13 7 4 14 7 4 15 7 4 1 8 4 2 8 4 3 8 4 4 8 4 5 8 4 6 8 4 7 8 4 8 9 4 9 8 4 10 8 4 11 8 4 12 8 4 13 8 4 14 8 4 15 8 4 1 10 4 2 10 4 3 10 4 4 10 4 5 10 4 6 10 4 7 10 4 8 10 4 9 10 4 10 11 4 11 10 4 12 10 4 13 10 4 14 10 4 15 10 4 1 11 4 2 11 4 3 11 4 4 11 4 5 11 4 6 11 4 7 11 4 8 11 4 9 11 4 10 11 4 11 12 4 12 11 4 13 11 4 14 11 4 15 11 4
182 95905 15 15 1 0 5 1 1 5 1 2 5 1 3 5 1 5 6 1 6 5 1 7 5 1 8 5 1 9 5 1 10 5 1 11 5 1 12 5 1 13 5 1 14 5 1 15 5 1
183 95906 1 1 1 10 0 1
184 96350 7 7 1 1 15 1 2 15 1 3 15 1 5 15 1 10 15 1 11 15 1 12 15 1
185 96394 3 3 1 1 2 1 4 2 1 10 2 1
186 96515 6 2 1 12 13 50 12 13 50 12 13 11 14 13 50 14 13 50 14 13 11
187 96968 14 14 1 0 1 1 1 2 1 3 1 1 4 1 1 6 1 1 7 1 1 8 1 1 9 1 1 10 1 1 11 1 1 12 1 1 13 1 1 14 1 1 15 1 1
188 97206 4 2 1 5 13 50 5 13 1 13 14 50 13 14 1
189 97294 3 3 1 0 5 2 2 5 2 6 5 2
190 97659 7 7 1 1 8 1 4 8 1 6 8 1 8 9 1 9 8 1 13 8 1 15 8 1
191 98413 14 14 1 0 6 1 1 6 1 2 6 1 3 6 1 4 6 1 5 6 1 6 7 1 7 6 1 8 6 1 9 6 1 10 6 1 11 6 1 12 6 1 15 6 1
192 98436 1 1 1 11 5 1
193 98475 1 1 1 4 10 1
194 98960 15 15 1 0 5 1 1 5 1 2 5 1 3 5 1 5 6 1 6 5 1 7 5 1 8 5 1 9 5 1 10 5 1 11 5 1 12 5 1 13 5 1 14 5 1 15 5 1
195 98989 1 1 1 1 14 1
196 98999 1 1 1 15 2 1
197 99466 10 5 2 3 9 1 4 9 1 5 9 1 7 9 1 15 9 1 3 14 1 4 14 1 5 14 1 7 14 1 15 14 1
198 99631 2 2 1 0 10 1 5 10 1
199 99704 3 3 1 0 2 9 12 2 9 14 2 9
200 100382 14 14 1 0 2 1 1 2 1 2 3 1 3 2 1 4 2 1 6 2 1 7 2 1 8 2 1 9 2 1 10 2 1 11 2 1 12 2 1 14 2 1 15 2 1
201 100398 1 1 1 8 10 1
202 101322 15 3 5 2 0 1 8 0 1 9 0 1 2 6 1 8 6 1 9 6 1 2 11 1 8 11 1 9 11 1 2 13 1 8 13 1 9 13 1 2 15 1 8 15 1 9 15 1
203 101327 1 1 1 5 15 1
204 101659 5 5 1 1 5 1 2 5 1 4 5 1 6 5 1 11 5 1
205 101776 2 2 1 2 10 47 4 10 47
206 101813 2 2 1 9 13 31 10 13 31
207 102287 7 7 1 4 9 1 5 9 1 7 9 1 9 10 1 10 9 1 11 9 1 13 9 1
208 102460 5 5 1 0 8 1 2 8 1 4 8 1 8 9 1 11 8 1
209 102600 2 2 1 6 7 47 13 6 47
210 102792 4 4 1 0 5 1 1 5 1 2 5 1 4 5 1
211 102858 1 1 1 3 0 1
212 102869 1 1 1 11 0 1
213 102906 1 1 1 2 8 1
214 103473 16 1 16 14 0 2 14 1 1 14 2 2 14 3 1 14 4 1 14 5 1 14 6 1 14 7 1 14 8 2 14 9 1 14 10 1 14 11 1 14 12 1 14 13 1 14 15 2 14 15 1
215 103632 7 7 1 0 15 1 1 15 1 2 15 1 5 15 1 7 15 1 8 15 1 11 15 1
216 106664 75 15 5 0 2 4 1 2 4 2 3 4 3 2 4 4 2 4 5 2 4 6 2 4 7 2 4 8 2 4 9 2 4 10 2 4 11 2 4 12 2 4 13 2 4 14 2 4 0 4 4 1 4 4 2 4 4 3 4 4 4 5 4 5 4 4 6 4 4 7 4 4 8 4 4 9 4 4 10 4 4 11 4 4 12 4 4 13 4 4 14 4 4 0 9 4 1 9 4 2 9 4 3 9 4 4 9 4 5 9 4 6 9 4 7 9 4 8 9 4 9 10 4 10 9 4 11 9 4 12 9 4 13 9 4 14 9 4 0 12 4 1 12 4 2 12 4 3 12 4 4 12 4 5 12 4 6 12 4 7 12 4 8 12 4 9 12 4 10 12 4 11 12 4 12 13 4 13 12 4 14 12 4 0 14 4 1 14 4 2 14 4 3 14 4 4 14 4 5 14 4 6 14 4 7 14 4 8 14 4 9 14 4 10 14 4 11 14 4 12 14 4 13 14 4 14 15 4
217 106787 2 2 1 5 6 47 10 5 47
218 106966 1 1 1 5 6 1
219 107034 2 2 1 0 6 1 5 6 1
220 107623 14 14 1 0 11 1 1 11 1 2 11 1 3 11 1 4 11 1 6 11 1 7 11 1 8 11 1 9 11 1 10 11 1 11 12 1 13 11 1 14 11 1 15 11 1
221 107627 1 1 1 14 6 1
222 108150 14 14 1 0 9 1 1 9 1 2 9 1 3 9 1 4 9 1 5 9 1 7 9 1 9 10 1 10 9 1 11 9 1 12 9 1 13 9 1 14 9 1 15 9 1
223 108407 6 2 3 2 0 49 7 0 49 2 3 49 7 3 49 2 5 49 7 5 49
224 108425 1 1 1 0 1 1
225 108489 2 2 1 10 15 5 15 0 5
226 109262 13 13 1 0 8 1 1 8 1 3 8 1 5 8 1 6 8 1 7 8 1 9 8 1 10 8 1 11 8 1 12 8 1 13 8 1 14 8 1 15 8 1
227 109269 1 1 1 12 8 1
228 109306 1 1 1 2 1 1
229 109714 7 7 1 2 15 1 5 15 1 6 15 1 9 15 1 11 15 1 13 15 1 15 0 1
230 109931 7 7 1 1 2 1 3 1 1 4 1 1 5 1 1 9 1 1 10 1 1 13 1 1
231 110013 3 3 1 0 15 1 7 15 1 14 15 1
232 110817 13 13 1 0 4 1 1 4 1 3 4 1 4 5 1 5 4 1 6 4 1 7 4 1 9 4 1 11 4 1 12 4 1 13 4 1 14 4 1 15 4 1
233 110853 1 1 1 5 14 1
234 110921 1 1 1 5 1 1
235 110980 1 1 1 10 14 1
236 111040 2 2 1 7 4 21 11 4 21
237 111055 1 1 1 7 1 1
238 111331 7 7 1 4 5 1 5 4 1 7 4 1 9 4 1 10 4 1 12 4 1 15 4 1
239 111352 1 1 1 1 0 1
240 111419 2 2 1 0 1 22 1 0 22
241 111953 13 1 1 6 13 50 6 13 50 6 13 50 6 13 50 6 13 50 6 13 50 6 13 50 6 13 50 6 13 50 6 13 50 6 13 50 6 13 50 6 13 38
242 112030 3 3 1 8 10 2 10 11 2 11 10 2
243 112067 1 1 1 11 7 1
244 112388 7 7 1 5 8 1 6 8 1 7 8 1 8 9 1 11 8 1 12 8 1 13 8 1
245 112693 7 7 1 1 8 1 3 8 1 5 8 1 6 8 1 8 9 1 11 8 1 12 8 1
246 112800 2 2 1 2 8 25 6 8 25
247 113300 10 5 2 1 3 1 2 3 1 4 3 1 6 3 1 14 3 1 1 11 1 2 11 1 4 11 1 6 11 1 14 11 1
248 114126 7 7 1 0 8 1 2 8 1 4 8 1 5 8 1 10 8 1 12 8 1 14 8 1
249 114174 2 2 1 9 5 21 10 5 21
250 114485 6 2 3 3 0 1 7 0 1 3 4 1 7 3 1 3 14 4 7 14 4
251 114555 1 1 1 0 12 1
252 114633 2 2 1 1 14 1 5 14 1
253 114638 1 1 1 7 14 1
254 115180 14 14 1 1 10 1 2 10 1 3 10 1 4 10 1 5 10 1 6 10 1 7 10 1 8 10 1 9 10 1 10 11 1 11 10 1 12 10 1 14 10 1 15 10 1
255 115185 1 1 1 1 14 1
256 115283 1 1 1 12 2 1
257 115963 13 13 1 0 4 1 2 4 1 5 4 1 6 4 1 7 4 1 8 4 1 9 4 1 10 4 1 11 4 1 12 4 1 13 4 1 14 4 1 15 4 1
258 115969 2 2 1 3 4 1 4 3 1
259 116554 13 13 1 1 14 1 3 14 1 4 14 1 5 14 1 6 14 1 7 14 1 8 14 1 10 14 1 11 14 1 12 14 1 13 14 1 14 15 1 15 14 1
260 116928 7 7 1 1 3 1 4 3 1 5 3 1 7 3 1 11 3 1 12 3 1 13 3 1
261 116956 1 1 1 12 9 1
262 116962 1 1 1 9 8 1
263 117050 3 3 1 4 13 1 7 13 1 13 14 1
264 126228 225 15 15 1 0 26 2 0 26 3 0 26 4 0 26 5 0 26 6 0 26 7 0 26 8 0 26 9 0 26 10 0 26 11 0 26 12 0 26 13 0 26 14 0 26 15 0 26 1 2 24 2 1 24 3 1 24 4 1 24 5 1 24 6 1 24 7 1 24 8 1 24 9 1 24 10 1 24 11 1 24 12 1 24 13 1 24 14 1 24 15 1 24 1 2 24 2 3 24 3 2 24 4 2 24 5 2 24 6 2 24 7 2 24 8 2 24 9 2 24 10 2 24 11 2 24 12 2 24 13 2 24 14 2 24 15 2 24 1 3 24 2 3 24 3 4 24 4 3 24 5 3 24 6 3 24 7 3 24 8 3 24 9 3 24 10 3 24 11 3 24 12 3 24 13 3 24 14 3 24 15 3 24 1 4 24 2 4 24 3 4 24 4 5 24 5 4 24 6 4 24 7 4 24 8 4 24 9 4 24 10 4 24 11 4 24 12 4 24 13 4 24 14 4 24 15 4 24 1 5 24 2 5 24 3 5 24 4 5 24 5 6 24 6 5 24 7 5 24 8 5 24 9 5 24 10 5 24 11 5 24 12 5 24 13 5 24 14 5 24 15 5 24 1 7 26 2 7 26 3 7 26 4 7 26 5 7 26 6 7 26 7 8 26 8 7 26 9 7 26 10 7 26 11 7 26 12 7 26 13 7 26 14 7 26 15 7 26 1 8 24 2 8 24 3 8 24 4 8 24 5 8 24 6 8 24 7 8 24 8 9 24 9 8 24 10 8 24 11 8 24 12 8 24 13 8 24 14 8 24 15 8 24 1 9 24 2 9 24 3 9 24 4 9 24 5 9 24 6 9 24 7 9 24 8 9 24 9 10 24 10 9 24 11 9 24 12 9 24 13 9 24 14 9 24 15 9 24 1 10 24 2 10 24 3 10 24 4 10 24 5 10 24 6 10 24 7 10 24 8 10 24 9 10 24 10 11 24 11 10 24 12 10 24 13 10 24 14 10 24 15 10 24 1 11 24 2 11 24 3 11 24 4 11 24 5 11 24 6 11 24 7 11 24 8 11 24 9 11 24 10 11 24 11 12 24 12 11 24 13 11 24 14 11 24 15 11 24 1 12 24 2 12 24 3 12 24 4 12 24 5 12 24 6 12 24 7 12 24 8 12 24 9 12 24 10 12 24 11 12 24 12 13 24 13 12 24 14 12 24 15 12 24 1 13 24 2 13 24 3 13 24 4 13 24 5 13 24 6 13 24 7 13 24 8 13 24 9 13 24 10 13 24 11 13 24 12 13 24 13 14 24 14 13 24 15 13 24 1 14 24 2 14 24 3 14 24 4 14 24 5 14 24 6 14 24 7 14 24 8 14 24 9 14 24 10 14 24 11 14 24 12 14 24 13 14 24 14 15 24 15 14 24 1 15 47 2 15 47 3 15 47 4 15 47 5 15 47 6 15 47 7 15 47 8 15 47 9 15 47 10 15 47 11 15 47 12 15 47 13 15 47 14 15 47 15 0 47
265 126281 1 1 1 1 5 1
266 126292 1 1 1 4 14 1
267 126449 2 2 1 2 3 21 9 3 21
268 126750 6 2 1 5 6 50 5 6 50 5 6 38 11 5 50 11 5 50 11 5 38
269 126789 1 1 1 7 5 1
270 127033 4 2 1 7 9 50 7 9 2 10 9 50 10 9 2
271 127371 10 5 2 5 11 1 8 11 1 9 11 1 12 11 1 15 11 1 5 12 1 8 12 1 9 12 1 12 13 1 15 12 1
272 127461 3 3 1 0 5 2 8 5 2 15 5 2
273 127575 1 1 1 0 11 1
274 128589 14 14 1 0 14 1 1 14 1 3 14 1 4 14 1 5 14 1 7 14 1 8 14 1 9 14 1 10 14 1 11 14 1 12 14 1 13 14 1 14 15 1 15 14 1
275 128596 1 1 1 2 3 1
276 128646 2 2 1 0 1 24 2 1 24
277 128647 1 1 1 14 8 1
278 128703 1 1 1 4 5 1
279 128869 3 3 1 3 0 1 6 0 1 14 0 1
280 128885 1 1 1 2 6 1
281 128988 5 5 1 2 12 1 6 12 1 10 12 1 11 12 1 15 12 1
282 132019 70 14 5 0 2 5 2 3 5 3 2 5 4 2 5 5 2 5 6 2 5 7 2 5 8 2 5 9 2 5 10 2 5 11 2 5 12 2 5 14 2 5 15 2 5 0 9 5 2 9 5 3 9 5 4 9 5 5 9 5 6 9 5 7 9 5 8 9 5 9 10 5 10 9 5 11 9 5 12 9 5 14 9 5 15 9 5 0 12 5 2 12 5 3 12 5 4 12 5 5 12 5 6 12 5 7 12 5 8 12 5 9 12 5 10 12 5 11 12 5 12 13 5 14 12 5 15 12 5 0 14 5 2 14 5 3 14 5 4 14 5 5 14 5 6 14 5 7 14 5 8 14 5 9 14 5 10 14 5 11 14 5 12 14 5 14 15 5 15 14 5 0 15 5 2 15 5 3 15 5 4 15 5 5 15 5 6 15 5 7 15 5 8 15 5 9 15 5 10 15 5 11 15 5 12 15 5 14 15 5 15 0 5
283 132059 1 1 1 5 9 7
284 132205 2 2 1 2 6 41 7 6 41
285 132623 14 14 1 0 3 1 1 3 1 2 3 1 3 4 1 4 3 1 5 3 1 6 3 1 7 3 1 10 3 1 11 3 1 12 3 1 13 3 1 14 3 1 15 3 1
286 132636 1 1 1 4 15 1
287 132714 1 1 1 12 4 1
288 132994 7 7 1 0 13 1 4 13 1 9 13 1 10 13 1 13 14 1 14 13 1 15 13 1
289 133743 13 13 1 0 4 1 1 4 1 2 4 1 3 4 1 5 4 1 6 4 1 8 4 1 9 4 1 10 4 1 11 4 1 12 4 1 14 4 1 15 4 1
290 134040 7 7 1 3 4 1 5 3 1 6 3 1 9 3 1 13 3 1 14 3 1 15 3 1
291 134247 4 4 1 1 13 8 5 13 8 10 13 8 11 13 8
292 138190 70 14 5 0 5 5 1 5 5 2 5 5 3 5 5 4 5 5 6 5 5 7 5 5 8 5 5 9 5 5 10 5 5 12 5 5 13 5 5 14 5 5 15 5 5 0 10 5 1 10 5 2 10 5 3 10 5 4 10 5 6 10 5 7 10 5 8 10 5 9 10 5 10 11 5 12 10 5 13 10 5 14 10 5 15 10 5 0 11 5 1 11 5 2 11 5 3 11 5 4 11 5 6 11 5 7 11 5 8 11 5 9 11 5 10 11 5 12 11 5 13 11 5 14 11 5 15 11 5 0 14 5 1 14 5 2 14 5 3 14 5 4 14 5 6 14 5 7 14 5 8 14 5 9 14 5 10 14 5 12 14 5 13 14 5 14 15 5 15 14 5 0 15 5 1 15 5 2 15 5 3 15 5 4 15 5 6 15 5 7 15 5 8 15 5 9 15 5 10 15 5 12 15 5 13 15 5 14 15 5 15 0 5
293 138203 1 1 1 11 14 1
294 138291 3 3 1 3 6 2 9 6 2 14 6 2
295 138904 14 14 1 0 7 1 1 7 1 2 7 1 3 7 1 4 7 1 5 7 1 6 7 1 7 8 1 8 7 1 11 7 1 12 7 1 13 7 1 14 7 1 15 7 1
296 139224 7 7 1 1 2 1 2 1 1 4 1 1 6 1 1 8 1 1 9 1 1 13 1 1
297 139495 7 7 1 1 11 1 4 11 1 6 11 1 12 11 1 13 11 1 14 11 1 15 11 1
298 139534 1 1 1 2 12 1
299 139679 7 7 1 0 10 1 2 10 1 5 10 1 6 10 1 7 10 1 8 10 1 13 10 1
300 139992 6 3 1 1 15 50 1 15 10 5 15 50 5 15 10 9 15 50 9 15 10
301 140524 13 13 1 0 7 1 1 7 1 2 7 1 3 7 1 4 7 1 6 7 1 7 8 1 9 7 1 10 7 1 11 7 1 12 7 1 13 7 1 15 7 1
302 140532 1 1 1 8 11 1
303 140734 3 3 1 2 10 1 5 10 1 8 10 1
304 140762 1 1 1 3 1 1
305 140797 1 1 1 9 4 1
306 140808 1 1 1 11 13 1
307 141579 15 15 1 0 13 1 1 13 1 2 13 1 3 13 1 5 13 1 6 13 1 7 13 1 8 13 1 9 13 1 10 13 1 11 13 1 12 13 1 13 14 1 14 13 1 15 13 1
308 141581 1 1 1 12 13 1
309 141710 1 1 1 5 15 1
310 141738 1 1 1 11 0 1
311 142048 6 3 1 9 10 50 9 10 5 11 9 50 11 9 5 15 9 50 15 9 5
312 142285 7 7 1 0 7 1 4 7 1 8 7 1 10 7 1 13 7 1 14 7 1 15 7 1
313 142457 1 1 1 10 11 1
314 142515 1 1 1 10 1 1
315 142639 3 3 1 3 2 2 7 2 2 13 2 2
316 142865 10 5 2 4 3 1 7 3 1 9 3 1 13 3 1 15 3 1 4 12 1 7 12 1 9 12 1 13 12 1 15 12 1
317 142897 2 2 1 3 5 2 5 6 2
318 142905 1 1 1 2 5 1
319 142906 1 1 1 1 6 1
320 142913 1 1 1 2 8 1
321 143615 10 5 2 1 9 1 3 9 1 7 9 1 10 9 1 11 9 1 1 10 1 3 10 1 7 10 1 10 11 1 11 10 1
322 143669 1 1 1 12 5 1
323 143764 4 4 1 0 11 1 1 11 1 6 11 1 14 11 1
324 143765 1 1 1 1 11 1
325 143799 3 3 1 3 14 2 8 14 2 15 14 2
326 143857 2 2 1 0 15 1 9 15 1
327 143941 1 1 1 11 15 1
328 143950 1 1 1 7 13 1
329 144292 6 3 1 1 6 50 1 6 10 3 6 50 3 6 10 12 6 50 12 6 10
330 144994 15 15 1 0 8 1 1 8 1 2 8 1 3 8 1 4 8 1 5 8 1 6 8 1 8 9 1 9 8 1 10 8 1 11 8 1 12 8 1 13 8 1 14 8 1 15 8 1
331 145066 1 1 1 13 5 1
332 146385 32 16 2 0 14 5 1 14 5 2 14 5 3 14 5 4 14 5 5 14 5 6 14 5 7 14 5 8 14 5 9 14 5 10 14 5 11 14 5 12 14 5 13 14 5 14 15 5 15 14 5 0 15 5 1 15 5 2 15 5 3 15 5 4 15 5 5 15 5 6 15 5 7 15 5 8 15 5 9 15 5 10 15 5 11 15 5 12 15 5 13 15 5 14 15 5 15 0 5
333 146693 4 2 1 4 8 50 4 8 1 13 8 50 13 8 1
334 150218 75 15 5 0 8 4 1 8 4 2 8 4 3 8 4 4 8 4 5 8 4 6 8 4 7 8 4 9 8 4 10 8 4 11 8 4 12 8 4 13 8 4 14 8 4 15 8 4 0 11 4 1 11 4 2 11 4 3 11 4 4 11 4 5 11 4 6 11 4 7 11 4 9 11 4 10 11 4 11 12 4 12 11 4 13 11 4 14 11 4 15 11 4 0 12 4 1 12 4 2 12 4 3 12 4 4 12 4 5 12 4 6 12 4 7 12 4 9 12 4 10 12 4 11 12 4 12 13 4 13 12 4 14 12 4 15 12 4 0 13 4 1 13 4 2 13 4 3 13 4 4 13 4 5 13 4 6 13 4 7 13 4 9 13 4 10 13 4 11 13 4 12 13 4 13 14 4 14 13 4 15 13 4 0 14 4 1 14 4 2 14 4 3 14 4 4 14 4 5 14 4 6 14 4 7 14 4 9 14 4 10 14 4 11 14 4 12 14 4 13 14 4 14 15 4 15 14 4
335 150231 1 1 1 13 6 1
336 150399 6 3 1 2 13 50 2 13 10 10 13 50 10 13 10 12 13 50 12 13 10
337 150498 1 1 1 13 11 3
338 150553 2 2 1 3 1 22 4 1 22
339 150759 3 3 1 0 13 2 7 13 2 13 14 2
340 150877 1 1 1 9 14 1
341 150945 1 1 1 8 15 1
342 151893 16 1 16 14 0 2 14 1 1 14 2 2 14 3 1 14 4 1 14 5 1 14 6 1 14 7 1 14 8 2 14 9 1 14 10 1 14 11 1 14 12 1 14 13 1 14 15 2 14 15 1
343 151965 2 2 1 0 9 21 4 9 21
344 152207 7 7 1 0 12 1 2 12 1 4 12 1 5 12 1 6 12 1 11 12 1 13 12 1
345 155269 60 15 4 0 3 5 1 3 5 2 3 5 3 4 5 4 3 5 5 3 5 6 3 5 7 3 5 8 3 5 9 3 5 10 3 5 12 3 5 13 3 5 14 3 5 15 3 5 0 6 9 1 6 9 2 6 9 3 6 9 4 6 9 5 6 9 6 7 9 7 6 9 8 6 9 9 6 9 10 6 9 12 6 9 13 6 9 14 6 9 15 6 9 0 8 5 1 8 5 2 8 5 3 8 5 4 8 5 5 8 5 6 8 5 7 8 5 8 9 5 9 8 5 10 8 5 12 8 5 13 8 5 14 8 5 15 8 5 0 14 5 1 14 5 2 14 5 3 14 5 4 14 5 5 14 5 6 14 5 7 14 5 8 14 5 9 14 5 10 14 5 12 14 5 13 14 5 14 15 5 15 14 5
346 155306 1 1 1 8 9 1
347 156332 18 3 1 1 2 50 1 2 50 1 2 50 1 2 50 1 2 50 1 2 29 6 2 50 6 2 50 6 2 50 6 2 50 6 2 50 6 2 29 11 2 50 11 2 50 11 2 50 11 2 50 11 2 50 11 2 29
348 158885 60 15 4 0 1 5 1 2 5 3 1 5 4 1 5 5 1 5 6 1 5 7 1 5 8 1 5 9 1 5 10 1 5 11 1 5 12 1 5 13 1 5 14 1 5 15 1 5 0 2 9 1 2 9 3 2 9 4 2 9 5 2 9 6 2 9 7 2 9 8 2 9 9 2 9 10 2 9 11 2 9 12 2 9 13 2 9 14 2 9 15 2 9 0 4 5 1 4 5 3 4 5 4 5 5 5 4 5 6 4 5 7 4 5 8 4 5 9 4 5 10 4 5 11 4 5 12 4 5 13 4 5 14 4 5 15 4 5 0 9 5 1 9 5 3 9 5 4 9 5 5 9 5 6 9 5 7 9 5 8 9 5 9 10 5 10 9 5 11 9 5 12 9 5 13 9 5 14 9 5 15 9 5
349 159269 6 3 1 6 12 50 6 12 12 11 12 50 11 12 12 13 12 50 13 12 12
350 159315 1 1 1 11 14 1
351 159354 1 1 1 1 11 1
352 159435 1 1 1 6 8 2
353 160530 28 14 1 1 15 50 1 15 8 2 15 50 2 15 8 3 15 50 3 15 8 4 15 50 4 15 8 5 15 50 5 15 8 6 15 50 6 15 8 7 15 50 7 15 8 8 15 50 8 15 8 9 15 50 9 15 8 10 15 50 10 15 8 11 15 50 11 15 8 12 15 50 12 15 8 14 15 50 14 15 8 15 0 50 15 0 8
354 161221 15 15 1 0 13 1 1 13 1 2 13 1 3 13 1 4 13 1 5 13 1 7 13 1 8 13 1 9 13 1 10 13 1 11 13 1 12 13 1 13 14 1 14 13 1 15 13 1
355 161487 7 7 1 0 11 1 5 11 1 7 11 1 8 11 1 12 11 1 13 11 1 14 11 1
356 161610 2 2 1 8 6 47 9 6 47
357 161826 6 3 1 1 14 50 1 14 12 3 14 50 3 14 12 11 14 50 11 14 12
358 161994 2 2 1 0 10 1 10 11 1
359 162159 3 3 1 8 4 1 10 4 1 11 4 1
360 162253 2 2 1 9 14 24 10 14 24
361 162575 8 8 1 0 10 1 1 10 1 3 10 1 5 10 1 8 10 1 10 11 1 12 10 1 13 10 1
362 162841 7 7 1 1 7 1 4 7 1 6 7 1 9 7 1 11 7 1 13 7 1 14 7 1
363 163082 3 3 1 2 3 1 3 4 1 14 3 1
364 163095 1 1 1 14 9 1
365 163329 7 7 1 1 6 1 3 6 1 4 6 1 6 7 1 11 6 1 14 6 1 15 6 1
366 163332 1 1 1 8 0 1
367 163452 3 3 1 5 1 2 7 1 2 12 1 2
368 164076 13 13 1 0 13 1 1 13 1 2 13 1 3 13 1 4 13 1 5 13 1 6 13 1 7 13 1 10 13 1 11 13 1 12 13 1 14 13 1 15 13 1
369 164102 1 1 1 15 0 1
370 164329 5 5 1 0 7 1 3 7 1 7 8 1 10 7 1 14 7 1
371 164913 14 14 1 0 1 1 1 0 1 2 0 1 3 0 1 5 0 1 6 0 1 7 0 1 8 0 1 9 0 1 11 0 1 12 0 1 13 0 1 14 0 1 15 0 1
372 164930 1 1 1 3 0 1
373 175739 225 15 15 0 1 26 1 0 26 2 0 26 3 0 26 4 0 26 5 0 26 6 0 26 7 0 26 8 0 26 9 0 26 10 0 26 11 0 26 12 0 26 13 0 26 15 0 26 0 1 24 1 2 24 2 1 24 3 1 24 4 1 24 5 1 24 6 1 24 7 1 24 8 1 24 9 1 24 10 1 24 11 1 24 12 1 24 13 1 24 15 1 24 0 3 24 1 3 24 2 3 24 3 4 24 4 3 24 5 3 24 6 3 24 7 3 24 8 3 24 9 3 24 10 3 24 11 3 24 12 3 24 13 3 24 15 3 24 0 4 24 1 4 24 2 4 24 3 4 24 4 5 24 5 4 24 6 4 24 7 4 24 8 4 24 9 4 24 10 4 24 11 4 24 12 4 24 13 4 24 15 4 24 0 5 24 1 5 24 2 5 24 3 5 24 4 5 24 5 6 24 6 5 24 7 5 24 8 5 24 9 5 24 10 5 24 11 5 24 12 5 24 13 5 24 15 5 24 0 6 24 1 6 24 2 6 24 3 6 24 4 6 24 5 6 24 6 7 24 7 6 24 8 6 24 9 6 24 10 6 24 11 6 24 12 6 24 13 6 24 15 6 24 0 7 26 1 7 26 2 7 26 3 7 26 4 7 26 5 7 26 6 7 26 7 8 26 8 7 26 9 7 26 10 7 26 11 7 26 12 7 26 13 7 26 15 7 26 0 8 24 1 8 24 2 8 24 3 8 24 4 8 24 5 8 24 6 8 24 7 8 24 8 9 24 9 8 24 10 8 24 11 8 24 12 8 24 13 8 24 15 8 24 0 9 24 1 9 24 2 9 24 3 9 24 4 9 24 5 9 24 6 9 24 7 9 24 8 9 24 9 10 24 10 9 24 11 9 24 12 9 24 13 9 24 15 9 24 0 10 24 1 10 24 2 10 24 3 10 24 4 10 24 5 10 24 6 10 24 7 10 24 8 10 24 9 10 24 10 11 24 11 10 24 12 10 24 13 10 24 15 10 24 0 11 24 1 11 24 2 11 24 3 11 24 4 11 24 5 11 24 6 11 24 7 11 24 8 11 24 9 11 24 10 11 24 11 12 24 12 11 24 13 11 24 15 11 24 0 12 24 1 12 24 2 12 24 3 12 24 4 12 24 5 12 24 6 12 24 7 12 24 8 12 24 9 12 24 10 12 24 11 12 24 12 13 24 13 12 24 15 12 24 0 13 24 1 13 24 2 13 24 3 13 24 4 13 24 5 13 24 6 13 24 7 13 24 8 13 24 9 13 24 10 13 24 11 13 24 12 13 24 13 14 24 15 13 24 0 14 24 1 14 24 2 14 24 3 14 24 4 14 24 5 14 24 6 14 24 7 14 24 8 14 24 9 14 24 10 14 24 11 14 24 12 14 24 13 14 24 15 14 24 0 15 47 1 15 47 2 15 47 3 15 47 4 15 47 5 15 47 6 15 47 7 15 47 8 15 47 9 15 47 10 15 47 11 15 47 12 15 47 13 15 47 15 0 47
374 175828 1 1 1 10 5 1
375 176041 6 2 3 2 4 49 7 4 49 2 13 49 7 13 49 2 15 49 7 15 49
376 176260 6 2 3 9 4 1 10 4 1 9 10 1 10 9 1 9 13 4 10 13 4
377 176533 6 2 1 10 13 50 10 13 50 10 13 23 14 13 50 14 13 50 14 13 23
378 177148 7 7 1 2 5 1 4 5 1 5 6 1 9 5 1 12 5 1 13 5 1 15 5 1
379 178620 28 14 1 0 11 50 0 11 8 1 11 50 1 11 8 2 11 50 2 11 8 3 11 50 3 11 8 4 11 50 4 11 8 5 11 50 5 11 8 6 11 50 6 11 8 7 11 50 7 11 8 9 11 50 9 11 8 10 11 50 10 11 8 11 12 50 11 12 8 12 11 50 12 11 8 13 11 50 13 11 8 14 11 50 14 11 8
380 178671 1 1 1 15 3 1
381 179499 15 3 5 1 0 1 9 0 1 10 0 1 1 4 1 9 4 1 10 4 1 1 9 1 9 10 1 10 9 1 1 11 1 9 11 1 10 11 1 1 12 1 9 12 1 10 12 1
382 179747 6 3 1 0 7 50 0 7 12 7 8 50 7 8 12 13 7 50 13 7 12
383 179767 1 1 1 0 15 1
384 180052 6 3 1 12 1 50 12 1 10 13 1 50 13 1 10 15 1 50 15 1 10
385 180508 7 7 1 0 13 1 3 13 1 5 13 1 6 13 1 8 13 1 11 13 1 14 13 1
386 180567 1 1 1 14 1 1
387 180577 1 1 1 3 4 1
388 180582 2 2 1 7 0 1 15 0 1
389 180615 1 1 1 10 11 1
390 180722 1 1 1 15 5 6
391 180945 1 1 1 3 9 1
392 181494 13 13 1 0 7 1 1 7 1 2 7 1 3 7 1 4 7 1 5 7 1 6 7 1 7 8 1 9 7 1 11 7 1 12 7 1 13 7 1 14 7 1
393 181656 7 7 1 1 12 1 6 12 1 7 12 1 8 12 1 9 12 1 11 12 1 15 12 1
394 181725 1 1 1 0 13 1
395 182127 12 12 1 0 4 1 1 4 1 2 4 1 3 4 1 4 5 1 5 4 1 8 4 1 9 4 1 11 4 1 12 4 1 14 4 1 15 4 1
396 182365 7 7 1 0 9 1 1 9 1 6 9 1 7 9 1 8 9 1 9 10 1 10 9 1
397 182379 1 1 1 8 15 1
398 191630 210 6 7 1 2 50 1 2 50 1 2 50 1 2 50 1 2 46 2 1 50 2 1 50 2 1 50 2 1 50 2 1 46 3 1 50 3 1 50 3 1 50 3 1 50 3 1 46 5 1 50 5 1 50 5 1 50 5 1 50 5 1 46 7 1 50 7 1 50 7 1 50 7 1 50 7 1 46 13 1 50 13 1 50 13 1 50 13 1 50 13 1 46 1 5 50 1 5 50 1 5 50 1 5 50 1 5 46 2 5 50 2 5 50 2 5 50 2 5 50 2 5 46 3 5 50 3 5 50 3 5 50 3 5 50 3 5 46 5 6 50 5 6 50 5 6 50 5 6 50 5 6 46 7 5 50 7 5 50 7 5 50 7 5 50 7 5 46 13 5 50 13 5 50 13 5 50 13 5 50 13 5 46 1 9 50 1 9 50 1 9 50 1 9 50 1 9 46 2 9 50 2 9 50 2 9 50 2 9 50 2 9 46 3 9 50 3 9 50 3 9 50 3 9 50 3 9 46 5 9 50 5 9 50 5 9 50 5 9 50 5 9 46 7 9 50 7 9 50 7 9 50 7 9 50 7 9 46 13 9 50 13 9 50 13 9 50 13 9 50 13 9 46 1 11 50 1 11 50 1 11 50 1 11 50 1 11 46 2 11 50 2 11 50 2 11 50 2 11 50 2 11 46 3 11 50 3 11 50 3 11 50 3 11 50 3 11 46 5 11 50 5 11 50 5 11 50 5 11 50 5 11 46 7 11 50 7 11 50 7 11 50 7 11 50 7 11 46 13 11 50 13 11 50 13 11 50 13 11 50 13 11 46 1 12 50 1 12 50 1 12 50 1 12 50 1 12 46 2 12 50 2 12 50 2 12 50 2 12 50 2 12 46 3 12 50 3 12 50 3 12 50 3 12 50 3 12 46 5 12 50 5 12 50 5 12 50 5 12 50 5 12 46 7 12 50 7 12 50 7 12 50 7 12 50 7 12 46 13 12 50 13 12 50 13 12 50 13 12 50 13 12 46 1 13 50 1 13 50 1 13 50 1 13 50 1 13 47 2 13 50 2 13 50 2 13 50 2 13 50 2 13 47 3 13 50 3 13 50 3 13 50 3 13 50 3 13 47 5 13 50 5 13 50 5 13 50 5 13 50 5 13 47 7 13 50 7 13 50 7 13 50 7 13 50 7 13 47 13 14 50 13 14 50 13 14 50 13 14 50 13 14 47 1 14 50 1 14 50 1 14 50 1 14 50 1 14 47 2 14 50 2 14 50 2 14 50 2 14 50 2 14 47 3 14 50 3 14 50 3 14 50 3 14 50 3 14 47 5 14 50 5 14 50 5 14 50 5 14 50 5 14 47 7 14 50 7 14 50 7 14 50 7 14 50 7 14 47 13 14 50 13 14 50 13 14 50 13 14 50 13 14 47
399 191695 1 1 1 3 9 1
400 191765 1 1 1 9 0 1
401 192541 14 14 1 0 1 1 1 0 1 2 0 1 3 0 1 4 0 1 5 0 1 6 0 1 7 0 1 8 0 1 9 0 1 10 0 1 11 0 1 12 0 1 14 0 1
402 192906 7 7 1 0 12 1 1 12 1 2 12 1 6 12 1 10 12 1 11 12 1 14 12 1
403 193232 10 5 2 0 3 47 6 3 47 7 3 47 11 3 47 12 3 47 0 11 47 6 11 47 7 11 47 11 12 47 12 11 47
404 193281 2 2 1 0 7 2 10 7 2
405 193468 1 1 1 0 2 1
406 193506 1 1 1 15 10 3
407 194068 15 15 1 0 7 1 1 7 1 2 7 1 3 7 1 5 7 1 6 7 1 7 8 1 8 7 1 9 7 1 10 7 1 11 7 1 12 7 1 13 7 1 14 7 1 15 7 1
408 194100 1 1 1 6 12 1
409 194113 1 1 1 11 9 1
410 194359 7 7 1 0 11 1 3 11 1 4 11 1 5 11 1 9 11 1 11 12 1 14 11 1
411 195381 13 13 1 0 12 1 1 12 1 2 12 1 3 12 1 4 12 1 6 12 1 7 12 1 8 12 1 9 12 1 10 12 1 11 12 1 12 13 1 13 12 1
412 195425 1 1 1 10 1 1
413 196809 28 14 1 0 14 50 0 14 8 1 14 50 1 14 8 2 14 50 2 14 8 3 14 50 3 14 8 4 14 50 4 14 8 5 14 50 5 14 8 6 14 50 6 14 8 7 14 50 7 14 8 8 14 50 8 14 8 9 14 50 9 14 8 10 14 50 10 14 8 11 14 50 11 14 8 12 14 50 12 14 8 15 14 50 15 14 8
414 196879 1 1 1 3 2 1
415 196897 1 1 1 2 7 1
416 197071 3 3 1 9 11 1 10 11 1 14 11 1
417 197116 2 1 1 3 12 50 3 12 9
418 197272 7 7 1 2 1 1 3 1 1 4 1 1 5 1 1 6 1 1 11 1 1 13 1 1
419 198265 32 16 2 0 1 5 1 0 5 2 0 5 3 0 5 4 0 5 5 0 5 6 0 5 7 0 5 8 0 5 9 0 5 10 0 5 11 0 5 12 0 5 13 0 5 14 0 5 15 0 5 0 2 5 1 2 5 2 3 5 3 2 5 4 2 5 5 2 5 6 2 5 7 2 5 8 2 5 9 2 5 10 2 5 11 2 5 12 2 5 13 2 5 14 2 5 15 2 5
420 198797 10 5 2 2 5 1 7 5 1 9 5 1 14 5 1 15 5 1 2 13 1 7 13 1 9 13 1 14 13 1 15 13 1
421 198896 1 1 1 2 0 1
422 199007 4 2 1 1 8 50 1 8 2 8 9 50 8 9 2
423 199756 7 7 1 2 11 1 3 11 1 5 11 1 7 11 1 9 11 1 10 11 1 15 11 1
424 199823 2 2 1 5 10 21 9 10 21
425 199838 1 1 1 3 0 1
426 199864 1 1 1 13 11 1
427 200570 7 7 1 1 11 1 3 11 1 5 11 1 8 11 1 11 12 1 12 11 1 15 11 1
428 201120 7 7 1 1 14 1 2 14 1 5 14 1 6 14 1 7 14 1 9 14 1 14 15 1
429 201648 12 6 2 2 11 1 5 11 1 6 11 1 9 11 1 13 11 1 15 11 1 2 12 1 5 12 1 6 12 1 9 12 1 13 12 1 15 12 1
430 202374 11 11 1 0 10 1 1 10 1 5 10 1 6 10 1 7 10 1 8 10 1 11 10 1 12 10 1 13 10 1 14 10 1 15 10 1
431 202886 11 11 1 2 4 1 4 5 1 5 4 1 6 4 1 7 4 1 8 4 1 9 4 1 10 4 1 11 4 1 14 4 1 15 4 1
432 204042 24 4 1 2 13 50 2 13 50 2 13 50 2 13 50 2 13 50 2 13 45 5 13 50 5 13 50 5 13 50 5 13 50 5 13 50 5 13 45 12 13 50 12 13 50 12 13 50 12 13 50 12 13 50 12 13 45 13 14 50 13 14 50 13 14 50 13 14 50 13 14 50 13 14 45
433 204496 11 11 1 0 11 1 1 11 1 3 11 1 5 11 1 6 11 1 7 11 1 10 11 1 11 12 1 12 11 1 14 11 1 15 11 1
434 205142 13 13 1 2 13 1 4 13 1 5 13 1 6 13 1 7 13 1 8 13 1 9 13 1 10 13 1 11 13 1 12 13 1 13 14 1 14 13 1 15 13 1
435 205208 1 1 1 10 0 3
436 205947 15 15 1 0 1 1 1 2 1 2 1 1 3 1 1 4 1 1 5 1 1 6 1 1 8 1 1 9 1 1 10 1 1 11 1 1 12 1 1 13 1 1 14 1 1 15 1 1
437 206262 8 8 1 0 10 1 2 10 1 4 10 1 5 10 1 8 10 1 10 11 1 11 10 1 15 10 1
438 206389 1 1 1 3 2 3
439 206390 1 1 1 11 4 1
440 206966 12 1 1 0 1 50 0 1 50 0 1 50 0 1 50 0 1 50 0 1 50 0 1 50 0 1 50 0 1 50 0 1 50 0 1 50 0 1 33
441 207022 1 1 1 9 8 2
442 207728 14 14 1 0 3 1 1 3 1 2 3 1 3 4 1 4 3 1 5 3 1 6 3 1 7 3 1 8 3 1 9 3 1 12 3 1 13 3 1 14 3 1 15 3 1
443 207890 4 4 1 2 3 8 4 3 8 5 3 8 14 3 8
444 208037 6 6 1 1 7 1 2 7 1 4 7 1 9 7 1 11 7 1 15 7 1
445 208101 3 3 1 3 11 1 5 11 1 9 11 1
446 208557 7 7 1 1 9 1 2 9 1 5 9 1 6 9 1 7 9 1 9 10 1 13 9 1
447 208909 12 1 1 7 4 50 7 4 50 7 4 50 7 4 50 7 4 50 7 4 50 7 4 50 7 4 50 7 4 50 7 4 50 7 4 50 7 4 33
448 209189 1 1 1 12 0 1
449 209190 1 1 1 12 6 1
450 209238 1 1 1 13 6 1
451 209808 15 15 1 0 13 1 2 13 1 3 13 1 4 13 1 5 13 1 6 13 1 7 13 1 8 13 1 9 13 1 10 13 1 11 13 1 12 13 1 13 14 1 14 13 1 15 13 1
452 209814 2 2 1 4 12 1 10 12 1
453 210097 7 7 1 1 4 1 6 4 1 9 4 1 11 4 1 12 4 1 14 4 1 15 4 1
454 210338 4 4 1 0 2 1 6 2 1 8 2 1 15 2 1
455 210582 7 7 1 2 10 1 3 10 1 5 10 1 10 11 1 11 10 1 14 10 1 15 10 1
456 210588 2 2 1 4 5 24 12 5 24
457 210722 3 3 1 8 7 1 10 7 1 12 7 1
458 210743 1 1 1 7 1 1
459 210763 1 1 1 2 5 1
460 210764 1 1 1 5 7 1
461 210825 1 1 1 7 1 1
462 211019 7 7 1 0 1 1 3 0 1 6 0 1 7 0 1 10 0 1 11 0 1 14 0 1
463 211489 7 7 1 2 12 1 5 12 1 6 12 1 10 12 1 11 12 1 13 12 1 14 12 1
464 213836 60 4 15 1 0 2 12 0 2 13 0 2 15 0 2 1 2 2 12 1 2 13 1 2 15 1 2 1 2 2 12 2 2 13 2 2 15 2 2 1 3 2 12 3 2 13 3 2 15 3 2 1 4 2 12 4 2 13 4 2 15 4 2 1 5 5 12 5 5 13 5 5 15 5 5 1 6 3 12 6 3 13 6 3 15 6 3 1 7 2 12 7 2 13 7 2 15 7 2 1 8 2 12 8 2 13 8 2 15 8 2 1 9 2 12 9 2 13 9 2 15 9 2 1 10 2 12 10 2 13 10 2 15 10 2 1 11 2 12 11 2 13 11 2 15 11 2 1 12 2 12 13 2 13 12 2 15 12 2 1 13 2 12 13 2 13 14 2 15 13 2 1 15 2 12 15 2 13 15 2 15 0 2
465 214383 6 2 1 4 1 50 4 1 50 4 1 11 14 1 50 14 1 50 14 1 11
466 214474 2 2 1 2 6 21 11 6 21
467 214477 1 1 1 11 13 1
468 215247 13 13 1 0 10 1 1 10 1 2 10 1 3 10 1 4 10 1 5 10 1 7 10 1 8 10 1 10 11 1 12 10 1 13 10 1 14 10 1 15 10 1
469 215287 2 2 1 7 13 1 13 14 1
470 215387 1 1 1 0 6 1
471 215788 10 5 2 3 1 1 4 1 1 5 1 1 12 1 1 14 1 1 3 9 1 4 9 1 5 9 1 12 9 1 14 9 1
472 216062 7 7 1 0 2 1 4 2 1 7 2 1 8 2 1 11 2 1 12 2 1 15 2 1
473 216125 1 1 1 4 15 1
474 216138 1 1 1 6 11 1
475 216239 2 2 1 0 10 1 7 10 1
476 216783 14 14 1 0 13 1 2 13 1 4 13 1 5 13 1 6 13 1 7 13 1 8 13 1 9 13 1 10 13 1 11 13 1 12 13 1 13 14 1 14 13 1 15 13 1
477 217180 14 14 1 0 6 1 1 6 1 2 6 1 3 6 1 4 6 1 5 6 1 7 6 1 8 6 1 9 6 1 11 6 1 12 6 1 13 6 1 14 6 1 15 6 1
478 217222 2 2 1 1 2 21 2 1 21
479 217231 1 1 1 15 6 1
480 217257 1 1 1 14 10 1
481 217859 7 7 1 0 3 1 4 3 1 5 3 1 6 3 1 12 3 1 13 3 1 15 3 1
482 220563 60 10 3 0 1 50 0 1 21 1 0 50 1 0 21 2 0 50 2 0 21 3 0 50 3 0 21 4 0 50 4 0 21 5 0 50 5 0 21 7 0 50 7 0 21 8 0 50 8 0 21 9 0 50 9 0 21 15 0 50 15 0 21 0 13 50 0 13 21 1 13 50 1 13 21 2 13 50 2 13 21 3 13 50 3 13 21 4 13 50 4 13 21 5 13 50 5 13 21 7 13 50 7 13 21 8 13 50 8 13 21 9 13 50 9 13 21 15 13 50 15 13 21 0 15 50 0 15 8 1 15 50 1 15 8 2 15 50 2 15 8 3 15 50 3 15 8 4 15 50 4 15 8 5 15 50 5 15 8 7 15 50 7 15 8 8 15 50 8 15 8 9 15 50 9 15 8 15 0 50 15 0 8
483 220577 1 1 1 2 3 1
484 220599 1 1 1 6 12 1
485 220616 1 1 1 11 10 1
486 220643 2 2 1 5 8 1 13 8 1
487 220668 1 1 1 2 7 1
488 220739 1 1 1 11 5 1
489 221255 14 14 1 0 15 1 1 15 1 2 15 1 3 15 1 4 15 1 5 15 1 6 15 1 7 15 1 9 15 1 11 15 1 12 15 1 13 15 1 14 15 1 15 0 1
490 221376 3 3 1 12 11 1 13 11 1 14 11 1
491 222338 24 4 1 2 6 50 2 6 50 2 6 50 2 6 50 2 6 50 2 6 45 8 6 50 8 6 50 8 6 50 8 6 50 8 6 50 8 6 45 12 6 50 12 6 50 12 6 50 12 6 50 12 6 50 12 6 45 14 6 50 14 6 50 14 6 50 14 6 50 14 6 50 14 6 45
492 222637 7 7 1 0 9 1 3 9 1 5 9 1 7 9 1 9 10 1 11 9 1 15 9 1
493 222641 1 1 1 5 6 1
494 223721 32 16 2 0 6 5 1 6 5 2 6 5 3 6 5 4 6 5 5 6 5 6 7 5 7 6 5 8 6 5 9 6 5 10 6 5 11 6 5 12 6 5 13 6 5 14 6 5 15 6 5 0 11 5 1 11 5 2 11 5 3 11 5 4 11 5 5 11 5 6 11 5 7 11 5 8 11 5 9 11 5 10 11 5 11 12 5 12 11 5 13 11 5 14 11 5 15 11 5
495 223968 4 4 1 2 6 1 6 7 1 9 6 1 13 6 1
496 224353 7 7 1 4 14 1 7 14 1 9 14 1 10 14 1 11 14 1 12 14 1 13 14 1
497 224411 1 1 1 13 1 1
498 224777 6 3 1 1 6 50 1 6 3 6 7 50 6 7 3 11 6 50 11 6 3
499 224801 1 1 1 14 0 1
500 225198 6 3 1 1 15 50 1 15 14 4 15 50 4 15 14 8 15 50 8 15 14
501 225485 3 3 1 2 5 1 4 5 1 15 5 1
502 225520 1 1 1 11 14 1
503 225566 1 1 1 3 5 1
504 225594 1 1 1 6 8 6
505 225748 7 7 1 0 4 1 2 4 1 3 4 1 4 5 1 5 4 1 8 4 1 15 4 1
506 225980 6 2 3 1 3 1 14 3 1 1 12 1 14 12 1 1 15 4 14 15 4
507 226298 7 7 1 0 7 1 1 7 1 2 7 1 7 8 1 11 7 1 12 7 1 13 7 1
508 226369 3 3 1 2 3 1 10 3 1 12 3 1
509 226378 1 1 1 4 8 1
510 227018 14 14 1 0 15 1 1 15 1 2 15 1 3 15 1 4 15 1 5 15 1 6 15 1 7 15 1 8 15 1 9 15 1 10 15 1 13 15 1 14 15 1 15 0 1
511 227031 1 1 1 4 7 1
512 227413 14 14 1 0 1 1 1 0 1 2 0 1 3 0 1 4 0 1 6 0 1 8 0 1 9 0 1 10 0 1 11 0 1 12 0 1 13 0 1 14 0 1 15 0 1
513 227502 1 1 1 14 6 1
514 227868 10 5 2 4 0 1 8 0 1 10 0 1 11 0 1 13 0 1 4 7 1 8 7 1 10 7 1 11 7 1 13 7 1
515 227877 1 1 1 5 10 2
516 228224 12 12 1 1 12 1 2 12 1 3 12 1 6 12 1 7 12 1 8 12 1 10 12 1 11 12 1 12 13 1 13 12 1 14 12 1 15 12 1
517 228649 7 7 1 1 3 1 4 3 1 5 3 1 6 3 1 10 3 1 12 3 1 13 3 1
518 228706 1 1 1 4 6 1
519 228762 5 5 1 3 9 1 4 9 1 8 9 1 9 10 1 14 9 1
520 229026 3 3 1 2 0 2 3 0 2 6 0 2
521 229153 6 2 1 5 9 50 5 9 50 5 9 23 11 9 50 11 9 50 11 9 23
522 229319 3 3 1 6 1 1 8 1 1 14 1 1
523 229413 3 3 1 3 6 1 9 6 1 10 6 1
524 229966 6 2 1 11 9 50 11 9 50 11 9 38 15 9 50 15 9 50 15 9 38
525 230024 2 2 1 0 7 20 12 7 20
