16 526
0 5 1 1 1 1 7 1
1 6 1 1 1 14 3 1
2 31 4 2 1 0 13 50 0 13 26 8 13 50 8 13 26
3 40 1 1 1 5 6 1
4 60 2 2 1 0 8 1 14 8 1
5 213 7 7 1 1 15 1 7 15 1 8 15 1 10 15 1 11 15 1 12 15 1 13 15 1
6 220 2 2 1 1 2 1 10 2 1
7 297 5 5 1 4 15 1 6 15 1 10 15 1 13 15 1 15 0 1
8 410 10 5 2 0 11 47 6 11 47 9 11 47 12 11 47 14 11 47 0 15 47 6 15 47 9 15 47 12 15 47 14 15 47
9 461 6 2 1 8 3 50 8 3 50 8 3 38 15 3 50 15 3 50 15 3 38
10 482 2 2 1 6 11 25 14 11 25
11 516 2 2 1 1 9 1 4 9 1
12 535 2 2 1 1 8 31 9 8 31
13 559 2 2 1 3 6 1 6 7 1
14 574 1 1 1 10 9 1
15 579 1 1 1 13 14 1
16 584 1 1 1 4 14 1
17 591 1 1 1 4 7 1
18 591 1 1 1 13 5 1
19 2901 180 12 15 0 1 4 1 0 4 3 0 4 4 0 4 6 0 4 8 0 4 10 0 4 11 0 4 12 0 4 13 0 4 14 0 4 15 0 4 0 1 4 1 2 4 3 1 4 4 1 4 6 1 4 8 1 4 10 1 4 11 1 4 12 1 4 13 1 4 14 1 4 15 1 4 0 3 4 1 3 4 3 4 4 4 3 4 6 3 4 8 3 4 10 3 4 11 3 4 12 3 4 13 3 4 14 3 4 15 3 4 0 4 4 1 4 4 3 4 4 4 5 4 6 4 4 8 4 4 10 4 4 11 4 4 12 4 4 13 4 4 14 4 4 15 4 4 0 5 4 1 5 4 3 5 4 4 5 4 6 5 4 8 5 4 10 5 4 11 5 4 12 5 4 13 5 4 14 5 4 15 5 4 0 6 8 1 6 8 3 6 8 4 6 8 6 7 8 8 6 8 10 6 8 11 6 8 12 6 8 13 6 8 14 6 8 15 6 8 0 7 5 1 7 5 3 7 5 4 7 5 6 7 5 8 7 5 10 7 5 11 7 5 12 7 5 13 7 5 14 7 5 15 7 5 0 8 4 1 8 4 3 8 4 4 8 4 6 8 4 8 9 4 10 8 4 11 8 4 12 8 4 13 8 4 14 8 4 15 8 4 0 9 4 1 9 4 3 9 4 4 9 4 6 9 4 8 9 4 10 9 4 11 9 4 12 9 4 13 9 4 14 9 4 15 9 4 0 10 4 1 10 4 3 10 4 4 10 4 6 10 4 8 10 4 10 11 4 11 10 4 12 10 4 13 10 4 14 10 4 15 10 4 0 11 4 1 11 4 3 11 4 4 11 4 6 11 4 8 11 4 10 11 4 11 12 4 12 11 4 13 11 4 14 11 4 15 11 4 0 12 4 1 12 4 3 12 4 4 12 4 6 12 4 8 12 4 10 12 4 11 12 4 12 13 4 13 12 4 14 12 4 15 12 4 0 13 4 1 13 4 3 13 4 4 13 4 6 13 4 8 13 4 10 13 4 11 13 4 12 13 4 13 14 4 14 13 4 15 13 4 0 14 4 1 14 4 3 14 4 4 14 4 6 14 4 8 14 4 10 14 4 11 14 4 12 14 4 13 14 4 14 15 4 15 14 4 0 15 4 1 15 4 3 15 4 4 15 4 6 15 4 8 15 4 10 15 4 11 15 4 12 15 4 13 15 4 14 15 4 15 0 4
20 2945 2 2 1 5 3 21 14 3 21
21 2947 1 1 1 2 14 1
22 2988 3 3 1 0 14 2 6 14 2 12 14 2
23 3143 15 15 1 0 2 1 1 2 1 2 3 1 3 2 1 4 2 1 5 2 1 6 2 1 8 2 1 9 2 1 10 2 1 11 2 1 12 2 1 13 2 1 14 2 1 15 2 1
24 3152 1 1 1 8 4 1
25 3287 7 7 1 0 2 1 3 2 1 4 2 1 6 2 1 8 2 1 10 2 1 13 2 1
26 3351 7 7 1 1 9 1 3 9 1 4 9 1 6 9 1 10 9 1 12 9 1 14 9 1
27 3473 12 12 1 0 3 1 1 3 1 2 3 1 3 4 1 7 3 1 8 3 1 9 3 1 10 3 1 12 3 1 13 3 1 14 3 1 15 3 1
28 3602 6 3 1 2 13 50 2 13 10 9 13 50 9 13 10 14 13 50 14 13 10
29 3605 1 1 1 6 15 1
30 3734 6 2 1 6 12 50 6 12 50 6 12 18 9 12 50 9 12 50 9 12 18
31 3841 6 2 3 3 8 49 10 8 49 3 11 49 10 11 49 3 15 49 10 15 49
32 3882 1 1 1 10 3 1
33 3920 2 2 1 7 4 19 11 4 19
34 3933 3 3 1 8 3 2 13 3 2 14 3 2
35 4024 6 3 1 8 0 50 8 0 13 13 0 50 13 0 13 14 0 50 14 0 13
36 4127 7 7 1 0 7 1 3 7 1 4 7 1 7 8 1 9 7 1 10 7 1 13 7 1
37 4170 3 3 1 10 2 1 13 2 1 14 2 1
38 4265 10 5 2 0 4 1 1 4 1 3 4 1 5 4 1 7 4 1 0 7 1 1 7 1 3 7 1 5 7 1 7 8 1
39 4438 14 14 1 1 12 1 2 12 1 4 12 1 5 12 1 6 12 1 7 12 1 8 12 1 9 12 1 10 12 1 11 12 1 12 13 1 13 12 1 14 12 1 15 12 1
40 4485 2 2 1 4 6 1 8 6 1
41 4497 1 1 1 14 15 1
42 4517 1 1 1 1 2 1
43 4592 3 3 1 2 12 2 5 12 2 6 12 2
44 4624 2 2 1 10 11 1 14 10 1
45 4675 3 3 1 3 4 2 6 4 2 14 4 2
46 4943 16 1 16 1 0 2 1 2 1 1 2 2 1 3 1 1 4 1 1 5 1 1 6 1 1 7 1 1 8 2 1 9 1 1 10 1 1 11 1 1 12 1 1 13 1 1 14 2 1 15 1
47 5056 13 13 1 0 12 1 1 12 1 2 12 1 3 12 1 5 12 1 8 12 1 9 12 1 10 12 1 11 12 1 12 13 1 13 12 1 14 12 1 15 12 1
48 5077 5 5 1 5 13 1 8 13 1 10 13 1 12 13 1 15 13 1
49 5079 1 1 1 2 11 11
50 5202 7 7 1 1 11 1 2 11 1 3 11 1 8 11 1 10 11 1 11 12 1 13 11 1
51 5225 1 1 1 1 9 1
52 5262 6 2 3 6 0 49 14 0 49 6 7 49 14 7 49 6 13 49 14 13 49
53 5410 14 14 1 0 12 1 1 12 1 2 12 1 3 12 1 4 12 1 5 12 1 6 12 1 7 12 1 8 12 1 9 12 1 12 13 1 13 12 1 14 12 1 15 12 1
54 5586 14 14 1 0 3 1 1 3 1 2 3 1 3 4 1 4 3 1 5 3 1 6 3 1 8 3 1 10 3 1 11 3 1 12 3 1 13 3 1 14 3 1 15 3 1
55 5744 7 7 1 1 12 1 2 12 1 4 12 1 8 12 1 9 12 1 10 12 1 11 12 1
56 5812 7 7 1 0 6 1 2 6 1 3 6 1 4 6 1 10 6 1 13 6 1 15 6 1
57 5906 6 3 1 1 8 50 1 8 13 5 8 50 5 8 13 8 9 50 8 9 13
58 5985 6 2 1 5 6 50 5 6 50 5 6 18 6 5 50 6 5 50 6 5 18
59 5989 2 2 1 7 3 1 14 3 1
60 6108 13 13 1 0 15 1 1 15 1 2 15 1 3 15 1 5 15 1 6 15 1 7 15 1 9 15 1 10 15 1 11 15 1 12 15 1 14 15 1 15 0 1
61 6113 1 1 1 2 8 1
62 6146 2 2 1 9 10 25 14 10 25
63 6157 1 1 1 14 2 1
64 6311 14 14 1 0 3 1 1 3 1 2 3 1 3 4 1 4 3 1 5 3 1 6 3 1 8 3 1 9 3 1 10 3 1 11 3 1 12 3 1 14 3 1 15 3 1
65 6321 1 1 1 12 4 1
66 6326 1 1 1 0 11 1
67 6514 10 5 2 0 5 1 3 5 1 8 5 1 9 5 1 11 5 1 0 11 1 3 11 1 8 11 1 9 11 1 11 12 1
68 6622 12 6 2 2 0 1 3 0 1 6 0 1 9 0 1 10 0 1 15 0 1 2 11 1 3 11 1 6 11 1 9 11 1 10 11 1 15 11 1
69 6640 1 1 1 15 0 1
70 6673 1 1 1 8 10 2
71 6675 1 1 1 9 8 1
72 6685 3 3 1 0 15 1 2 15 1 15 0 1
73 6762 4 4 1 0 8 1 10 8 1 12 8 1 13 8 1
74 6793 4 4 1 4 9 1 5 9 1 7 9 1 13 9 1
75 6860 3 3 1 2 7 1 9 7 1 12 7 1
76 6870 1 1 1 2 14 1
77 7042 10 5 2 3 7 1 4 7 1 5 7 1 12 7 1 13 7 1 3 11 1 4 11 1 5 11 1 12 11 1 13 11 1
78 7152 13 13 1 0 11 1 1 11 1 2 11 1 4 11 1 5 11 1 6 11 1 7 11 1 8 11 1 9 11 1 10 11 1 11 12 1 14 11 1 15 11 1
79 7153 1 1 1 8 12 1
80 7172 3 3 1 0 3 1 6 3 1 8 3 1
81 7267 7 7 1 1 6 1 2 6 1 4 6 1 9 6 1 12 6 1 13 6 1 15 6 1
82 7281 1 1 1 12 13 1
83 7298 2 2 1 4 15 5 15 0 5
84 7456 6 3 1 0 10 50 0 10 10 5 10 50 5 10 10 13 10 50 13 10 10
85 7521 7 7 1 3 9 1 5 9 1 6 9 1 8 9 1 12 9 1 13 9 1 14 9 1
86 9987 182 13 14 1 0 40 2 0 40 3 0 40 4 0 40 5 0 40 7 0 40 8 0 40 9 0 40 11 0 40 12 0 40 13 0 40 14 0 40 15 0 40 1 2 20 2 1 20 3 1 20 4 1 20 5 1 20 7 1 20 8 1 20 9 1 20 11 1 20 12 1 20 13 1 20 14 1 20 15 1 20 1 2 20 2 3 20 3 2 20 4 2 20 5 2 20 7 2 20 8 2 20 9 2 20 11 2 20 12 2 20 13 2 20 14 2 20 15 2 20 1 3 20 2 3 20 3 4 20 4 3 20 5 3 20 7 3 20 8 3 20 9 3 20 11 3 20 12 3 20 13 3 20 14 3 20 15 3 20 1 4 20 2 4 20 3 4 20 4 5 20 5 4 20 7 4 20 8 4 20 9 4 20 11 4 20 12 4 20 13 4 20 14 4 20 15 4 20 1 5 20 2 5 20 3 5 20 4 5 20 5 6 20 7 5 20 8 5 20 9 5 20 11 5 20 12 5 20 13 5 20 14 5 20 15 5 20 1 7 23 2 7 23 3 7 23 4 7 23 5 7 23 7 8 23 8 7 23 9 7 23 11 7 23 12 7 23 13 7 23 14 7 23 15 7 23 1 8 20 2 8 20 3 8 20 4 8 20 5 8 20 7 8 20 8 9 20 9 8 20 11 8 20 12 8 20 13 8 20 14 8 20 15 8 20 1 9 20 2 9 20 3 9 20 4 9 20 5 9 20 7 9 20 8 9 20 9 10 20 11 9 20 12 9 20 13 9 20 14 9 20 15 9 20 1 10 41 2 10 41 3 10 41 4 10 41 5 10 41 7 10 41 8 10 41 9 10 41 11 10 41 12 10 41 13 10 41 14 10 41 15 10 41 1 11 20 2 11 20 3 11 20 4 11 20 5 11 20 7 11 20 8 11 20 9 11 20 11 12 20 12 11 20 13 11 20 14 11 20 15 11 20 1 12 20 2 12 20 3 12 20 4 12 20 5 12 20 7 12 20 8 12 20 9 12 20 11 12 20 12 13 20 13 12 20 14 12 20 15 12 20 1 13 20 2 13 20 3 13 20 4 13 20 5 13 20 7 13 20 8 13 20 9 13 20 11 13 20 12 13 20 13 14 20 14 13 20 15 13 20 1 15 20 2 15 20 3 15 20 4 15 20 5 15 20 7 15 20 8 15 20 9 15 20 11 15 20 12 15 20 13 15 20 14 15 20 15 0 20
87 12508 180 12 15 0 1 4 2 0 4 3 0 4 4 0 4 5 0 4 6 0 4 7 0 4 9 0 4 10 0 4 11 0 4 13 0 4 15 0 4 0 1 4 2 1 4 3 1 4 4 1 4 5 1 4 6 1 4 7 1 4 9 1 4 10 1 4 11 1 4 13 1 4 15 1 4 0 2 4 2 3 4 3 2 4 4 2 4 5 2 4 6 2 4 7 2 4 9 2 4 10 2 4 11 2 4 13 2 4 15 2 4 0 3 4 2 3 4 3 4 4 4 3 4 5 3 4 6 3 4 7 3 4 9 3 4 10 3 4 11 3 4 13 3 4 15 3 4 0 4 4 2 4 4 3 4 4 4 5 4 5 4 4 6 4 4 7 4 4 9 4 4 10 4 4 11 4 4 13 4 4 15 4 4 0 5 8 2 5 8 3 5 8 4 5 8 5 6 8 6 5 8 7 5 8 9 5 8 10 5 8 11 5 8 13 5 8 15 5 8 0 6 5 2 6 5 3 6 5 4 6 5 5 6 5 6 7 5 7 6 5 9 6 5 10 6 5 11 6 5 13 6 5 15 6 5 0 7 4 2 7 4 3 7 4 4 7 4 5 7 4 6 7 4 7 8 4 9 7 4 10 7 4 11 7 4 13 7 4 15 7 4 0 8 4 2 8 4 3 8 4 4 8 4 5 8 4 6 8 4 7 8 4 9 8 4 10 8 4 11 8 4 13 8 4 15 8 4 0 9 4 2 9 4 3 9 4 4 9 4 5 9 4 6 9 4 7 9 4 9 10 4 10 9 4 11 9 4 13 9 4 15 9 4 0 10 4 2 10 4 3 10 4 4 10 4 5 10 4 6 10 4 7 10 4 9 10 4 10 11 4 11 10 4 13 10 4 15 10 4 0 11 4 2 11 4 3 11 4 4 11 4 5 11 4 6 11 4 7 11 4 9 11 4 10 11 4 11 12 4 13 11 4 15 11 4 0 12 4 2 12 4 3 12 4 4 12 4 5 12 4 6 12 4 7 12 4 9 12 4 10 12 4 11 12 4 13 12 4 15 12 4 0 13 4 2 13 4 3 13 4 4 13 4 5 13 4 6 13 4 7 13 4 9 13 4 10 13 4 11 13 4 13 14 4 15 13 4 0 14 4 2 14 4 3 14 4 4 14 4 5 14 4 6 14 4 7 14 4 9 14 4 10 14 4 11 14 4 13 14 4 15 14 4
88 12635 11 1 11 4 0 3 4 1 3 4 2 3 4 3 6 4 5 3 4 6 2 4 8 6 4 9 3 4 10 3 4 11 3 4 14 3
89 12672 3 3 1 5 10 2 11 10 2 12 10 2
90 12691 1 1 1 8 4 1
91 13111 28 14 1 0 13 50 0 13 8 1 13 50 1 13 8 2 13 50 2 13 8 3 13 50 3 13 8 4 13 50 4 13 8 5 13 50 5 13 8 6 13 50 6 13 8 7 13 50 7 13 8 8 13 50 8 13 8 10 13 50 10 13 8 11 13 50 11 13 8 13 14 50 13 14 8 14 13 50 14 13 8 15 13 50 15 13 8
92 13143 4 4 1 4 5 1 5 4 1 13 4 1 15 4 1
93 13144 1 1 1 11 6 1
94 13187 1 1 1 2 0 1
95 13199 2 2 1 3 14 1 4 14 1
96 13213 1 1 1 5 9 2
97 13279 7 7 1 0 12 1 4 12 1 7 12 1 8 12 1 11 12 1 13 12 1 15 12 1
98 13279 1 1 1 9 13 1
99 13303 2 2 1 9 10 22 11 10 22
100 13351 7 7 1 0 9 1 2 9 1 3 9 1 4 9 1 10 9 1 12 9 1 13 9 1
101 13764 28 14 1 0 1 50 0 1 8 1 2 50 1 2 8 2 1 50 2 1 8 4 1 50 4 1 8 5 1 50 5 1 8 6 1 50 6 1 8 7 1 50 7 1 8 8 1 50 8 1 8 9 1 50 9 1 8 10 1 50 10 1 8 11 1 50 11 1 8 12 1 50 12 1 8 13 1 50 13 1 8 15 1 50 15 1 8
102 13852 2 2 1 2 0 5 3 0 5
103 13864 1 1 1 14 3 1
104 13874 2 2 1 1 5 25 5 6 25
105 13917 1 1 1 11 1 1
106 14106 14 14 1 0 3 1 1 3 1 2 3 1 3 4 1 5 3 1 6 3 1 7 3 1 8 3 1 9 3 1 11 3 1 12 3 1 13 3 1 14 3 1 15 3 1
107 14175 6 2 3 8 3 1 14 3 1 8 10 1 14 10 1 8 15 4 14 15 4
108 14352 7 7 1 1 8 1 2 8 1 3 8 1 4 8 1 6 8 1 12 8 1 13 8 1
109 14360 1 1 1 12 14 1
110 14362 1 1 1 4 2 1
111 14524 13 13 1 0 8 1 1 8 1 3 8 1 5 8 1 6 8 1 8 9 1 9 8 1 10 8 1 11 8 1 12 8 1 13 8 1 14 8 1 15 8 1
112 14672 13 13 1 0 3 1 1 3 1 2 3 1 3 4 1 4 3 1 5 3 1 6 3 1 7 3 1 8 3 1 9 3 1 12 3 1 14 3 1 15 3 1
113 14705 2 2 1 1 12 1 13 12 1
114 17255 210 6 7 1 0 50 1 0 50 1 0 50 1 0 50 1 0 46 2 0 50 2 0 50 2 0 50 2 0 50 2 0 46 8 0 50 8 0 50 8 0 50 8 0 50 8 0 46 9 0 50 9 0 50 9 0 50 9 0 50 9 0 46 13 0 50 13 0 50 13 0 50 13 0 50 13 0 46 14 0 50 14 0 50 14 0 50 14 0 50 14 0 46 1 2 50 1 2 50 1 2 50 1 2 50 1 2 46 2 1 50 2 1 50 2 1 50 2 1 50 2 1 46 8 1 50 8 1 50 8 1 50 8 1 50 8 1 46 9 1 50 9 1 50 9 1 50 9 1 50 9 1 46 13 1 50 13 1 50 13 1 50 13 1 50 13 1 46 14 1 50 14 1 50 14 1 50 14 1 50 14 1 46 1 5 50 1 5 50 1 5 50 1 5 50 1 5 46 2 5 50 2 5 50 2 5 50 2 5 50 2 5 46 8 5 50 8 5 50 8 5 50 8 5 50 8 5 46 9 5 50 9 5 50 9 5 50 9 5 50 9 5 46 13 5 50 13 5 50 13 5 50 13 5 50 13 5 46 14 5 50 14 5 50 14 5 50 14 5 50 14 5 46 1 6 50 1 6 50 1 6 50 1 6 50 1 6 46 2 6 50 2 6 50 2 6 50 2 6 50 2 6 46 8 6 50 8 6 50 8 6 50 8 6 50 8 6 46 9 6 50 9 6 50 9 6 50 9 6 50 9 6 46 13 6 50 13 6 50 13 6 50 13 6 50 13 6 46 14 6 50 14 6 50 14 6 50 14 6 50 14 6 46 1 7 50 1 7 50 1 7 50 1 7 50 1 7 46 2 7 50 2 7 50 2 7 50 2 7 50 2 7 46 8 7 50 8 7 50 8 7 50 8 7 50 8 7 46 9 7 50 9 7 50 9 7 50 9 7 50 9 7 46 13 7 50 13 7 50 13 7 50 13 7 50 13 7 46 14 7 50 14 7 50 14 7 50 14 7 50 14 7 46 1 13 50 1 13 50 1 13 50 1 13 50 1 13 47 2 13 50 2 13 50 2 13 50 2 13 50 2 13 47 8 13 50 8 13 50 8 13 50 8 13 50 8 13 47 9 13 50 9 13 50 9 13 50 9 13 50 9 13 47 13 14 50 13 14 50 13 14 50 13 14 50 13 14 47 14 13 50 14 13 50 14 13 50 14 13 50 14 13 47 1 15 50 1 15 50 1 15 50 1 15 50 1 15 47 2 15 50 2 15 50 2 15 50 2 15 50 2 15 47 8 15 50 8 15 50 8 15 50 8 15 50 8 15 47 9 15 50 9 15 50 9 15 50 9 15 50 9 15 47 13 15 50 13 15 50 13 15 50 13 15 50 13 15 47 14 15 50 14 15 50 14 15 50 14 15 50 14 15 47
115 17385 10 5 2 4 3 1 6 3 1 8 3 1 9 3 1 15 3 1 4 14 1 6 14 1 8 14 1 9 14 1 15 14 1
116 17474 4 4 1 0 13 1 1 13 1 4 13 1 12 13 1
117 17588 14 14 1 0 8 1 1 8 1 2 8 1 3 8 1 4 8 1 5 8 1 6 8 1 7 8 1 8 9 1 10 8 1 11 8 1 13 8 1 14 8 1 15 8 1
118 17645 7 7 1 0 12 1 1 12 1 3 12 1 4 12 1 5 12 1 6 12 1 11 12 1
119 17654 1 1 1 14 0 1
120 20333 203 7 7 2 0 50 2 0 50 2 0 50 2 0 48 5 0 50 5 0 50 5 0 50 5 0 48 6 0 50 6 0 50 6 0 50 6 0 48 9 0 50 9 0 50 9 0 50 9 0 48 10 0 50 10 0 50 10 0 50 10 0 48 11 0 50 11 0 50 11 0 50 11 0 48 15 0 50 15 0 50 15 0 50 15 0 48 2 3 50 2 3 50 2 3 50 2 3 48 5 2 50 5 2 50 5 2 50 5 2 48 6 2 50 6 2 50 6 2 50 6 2 48 9 2 50 9 2 50 9 2 50 9 2 48 10 2 50 10 2 50 10 2 50 10 2 48 11 2 50 11 2 50 11 2 50 11 2 48 15 2 50 15 2 50 15 2 50 15 2 48 2 3 50 2 3 50 2 3 50 2 3 50 2 3 12 5 3 50 5 3 50 5 3 50 5 3 50 5 3 12 6 3 50 6 3 50 6 3 50 6 3 50 6 3 12 9 3 50 9 3 50 9 3 50 9 3 50 9 3 12 10 3 50 10 3 50 10 3 50 10 3 50 10 3 12 11 3 50 11 3 50 11 3 50 11 3 50 11 3 12 15 3 50 15 3 50 15 3 50 15 3 50 15 3 12 2 4 50 2 4 50 2 4 50 2 4 48 5 4 50 5 4 50 5 4 50 5 4 48 6 4 50 6 4 50 6 4 50 6 4 48 9 4 50 9 4 50 9 4 50 9 4 48 10 4 50 10 4 50 10 4 50 10 4 48 11 4 50 11 4 50 11 4 50 11 4 48 15 4 50 15 4 50 15 4 50 15 4 48 2 7 50 2 7 50 2 7 50 2 7 48 5 7 50 5 7 50 5 7 50 5 7 48 6 7 50 6 7 50 6 7 50 6 7 48 9 7 50 9 7 50 9 7 50 9 7 48 10 7 50 10 7 50 10 7 50 10 7 48 11 7 50 11 7 50 11 7 50 11 7 48 15 7 50 15 7 50 15 7 50 15 7 48 2 12 50 2 12 50 2 12 50 2 12 48 5 12 50 5 12 50 5 12 50 5 12 48 6 12 50 6 12 50 6 12 50 6 12 48 9 12 50 9 12 50 9 12 50 9 12 48 10 12 50 10 12 50 10 12 50 10 12 48 11 12 50 11 12 50 11 12 50 11 12 48 15 12 50 15 12 50 15 12 50 15 12 48 2 14 50 2 14 50 2 14 50 2 14 48 5 14 50 5 14 50 5 14 50 5 14 48 6 14 50 6 14 50 6 14 50 6 14 48 9 14 50 9 14 50 9 14 50 9 14 48 10 14 50 10 14 50 10 14 50 10 14 48 11 14 50 11 14 50 11 14 50 11 14 48 15 14 50 15 14 50 15 14 50 15 14 48
121 20352 1 1 1 11 14 1
122 20352 1 1 1 6 1 1
123 20355 1 1 1 15 5 1
124 20499 6 2 3 13 4 1 15 4 1 13 5 1 15 5 1 13 9 4 15 9 4
125 20514 1 1 1 15 12 1
126 20531 2 2 1 14 2 21 15 2 21
127 20533 2 2 1 10 4 1 13 4 1
128 20703 10 5 2 2 0 1 4 0 1 5 0 1 14 0 1 15 0 1 2 9 1 4 9 1 5 9 1 14 9 1 15 9 1
129 20708 1 1 1 1 3 1
130 20723 1 1 1 12 14 1
131 20962 15 15 1 0 14 1 1 14 1 2 14 1 3 14 1 4 14 1 5 14 1 6 14 1 7 14 1 8 14 1 10 14 1 11 14 1 12 14 1 13 14 1 14 15 1 15 14 1
132 21075 7 7 1 0 3 1 1 3 1 3 4 1 7 3 1 8 3 1 10 3 1 14 3 1
133 21076 1 1 1 10 11 1
134 21146 5 5 1 1 7 1 3 7 1 4 7 1 5 7 1 14 7 1
135 21198 2 2 1 1 6 1 8 6 1
136 21220 1 1 1 11 8 1
137 21380 13 1 1 10 5 50 10 5 50 10 5 50 10 5 50 10 5 50 10 5 50 10 5 50 10 5 50 10 5 50 10 5 50 10 5 50 10 5 50 10 5 38
138 21382 2 2 1 8 6 5 9 6 5
139 24266 225 15 15 0 1 26 1 0 26 2 0 26 3 0 26 4 0 26 5 0 26 7 0 26 8 0 26 9 0 26 10 0 26 11 0 26 12 0 26 13 0 26 14 0 26 15 0 26 0 1 24 1 2 24 2 1 24 3 1 24 4 1 24 5 1 24 7 1 24 8 1 24 9 1 24 10 1 24 11 1 24 12 1 24 13 1 24 14 1 24 15 1 24 0 2 24 1 2 24 2 3 24 3 2 24 4 2 24 5 2 24 7 2 24 8 2 24 9 2 24 10 2 24 11 2 24 12 2 24 13 2 24 14 2 24 15 2 24 0 3 24 1 3 24 2 3 24 3 4 24 4 3 24 5 3 24 7 3 24 8 3 24 9 3 24 10 3 24 11 3 24 12 3 24 13 3 24 14 3 24 15 3 24 0 4 24 1 4 24 2 4 24 3 4 24 4 5 24 5 4 24 7 4 24 8 4 24 9 4 24 10 4 24 11 4 24 12 4 24 13 4 24 14 4 24 15 4 24 0 5 24 1 5 24 2 5 24 3 5 24 4 5 24 5 6 24 7 5 24 8 5 24 9 5 24 10 5 24 11 5 24 12 5 24 13 5 24 14 5 24 15 5 24 0 6 26 1 6 26 2 6 26 3 6 26 4 6 26 5 6 26 7 6 26 8 6 26 9 6 26 10 6 26 11 6 26 12 6 26 13 6 26 14 6 26 15 6 26 0 7 24 1 7 24 2 7 24 3 7 24 4 7 24 5 7 24 7 8 24 8 7 24 9 7 24 10 7 24 11 7 24 12 7 24 13 7 24 14 7 24 15 7 24 0 9 24 1 9 24 2 9 24 3 9 24 4 9 24 5 9 24 7 9 24 8 9 24 9 10 24 10 9 24 11 9 24 12 9 24 13 9 24 14 9 24 15 9 24 0 10 24 1 10 24 2 10 24 3 10 24 4 10 24 5 10 24 7 10 24 8 10 24 9 10 24 10 11 24 11 10 24 12 10 24 13 10 24 14 10 24 15 10 24 0 11 24 1 11 24 2 11 24 3 11 24 4 11 24 5 11 24 7 11 24 8 11 24 9 11 24 10 11 24 11 12 24 12 11 24 13 11 24 14 11 24 15 11 24 0 12 24 1 12 24 2 12 24 3 12 24 4 12 24 5 12 24 7 12 24 8 12 24 9 12 24 10 12 24 11 12 24 12 13 24 13 12 24 14 12 24 15 12 24 0 13 24 1 13 24 2 13 24 3 13 24 4 13 24 5 13 24 7 13 24 8 13 24 9 13 24 10 13 24 11 13 24 12 13 24 13 14 24 14 13 24 15 13 24 0 14 24 1 14 24 2 14 24 3 14 24 4 14 24 5 14 24 7 14 24 8 14 24 9 14 24 10 14 24 11 14 24 12 14 24 13 14 24 14 15 24 15 14 24 0 15 47 1 15 47 2 15 47 3 15 47 4 15 47 5 15 47 7 15 47 8 15 47 9 15 47 10 15 47 11 15 47 12 15 47 13 15 47 14 15 47 15 0 47
140 24312 3 3 1 0 4 1 6 4 1 14 4 1
141 24392 6 2 1 8 11 50 8 11 50 8 11 11 15 11 50 15 11 50 15 11 11
142 24437 1 1 1 6 11 1
143 24519 3 3 1 0 2 1 14 2 1 15 2 1
144 24590 7 7 1 0 6 1 4 6 1 5 6 1 8 6 1 10 6 1 11 6 1 13 6 1
145 24631 4 2 1 2 9 50 2 9 5 5 9 50 5 9 5
146 24646 2 2 1 3 8 1 15 8 1
147 24663 1 1 1 5 6 1
148 24693 2 2 1 1 9 1 5 9 1
149 24737 6 3 1 3 14 50 3 14 3 5 14 50 5 14 3 11 14 50 11 14 3
150 24846 7 7 1 0 1 1 1 0 1 4 0 1 6 0 1 10 0 1 11 0 1 15 0 1
151 24915 6 2 3 2 7 1 14 7 1 2 10 1 14 10 1 2 15 4 14 15 4
152 25050 13 13 1 1 14 1 2 14 1 3 14 1 5 14 1 6 14 1 7 14 1 8 14 1 9 14 1 10 14 1 11 14 1 12 14 1 13 14 1 15 14 1
153 25082 2 2 1 4 14 21 10 14 21
154 25088 1 1 1 0 11 1
155 25180 8 8 1 0 6 1 3 6 1 6 7 1 8 6 1 9 6 1 10 6 1 14 6 1 15 6 1
156 25207 2 2 1 2 0 1 6 0 1
157 25220 1 1 1 2 12 1
158 25325 10 5 2 3 8 1 4 8 1 6 8 1 7 8 1 13 8 1 3 11 1 4 11 1 6 11 1 7 11 1 13 11 1
159 25588 14 14 1 0 1 1 1 0 1 2 0 1 5 0 1 6 0 1 7 0 1 8 0 1 9 0 1 10 0 1 11 0 1 12 0 1 13 0 1 14 0 1 15 0 1
160 25676 3 3 1 3 1 2 14 1 2 15 1 2
161 25677 1 1 1 11 12 1
162 25711 4 2 1 14 2 50 14 2 26 15 2 50 15 2 26
163 25809 2 2 1 3 4 24 13 4 24
164 25947 10 5 2 2 10 1 7 10 1 8 10 1 9 10 1 12 10 1 2 14 1 7 14 1 8 14 1 9 14 1 12 14 1
165 25998 2 2 1 10 6 31 11 6 31
166 26002 1 1 1 13 4 1
167 26004 1 1 1 11 1 1
168 28308 180 12 15 1 0 4 2 0 4 3 0 4 5 0 4 7 0 4 9 0 4 10 0 4 11 0 4 12 0 4 13 0 4 14 0 4 15 0 4 1 2 4 2 1 4 3 1 4 5 1 4 7 1 4 9 1 4 10 1 4 11 1 4 12 1 4 13 1 4 14 1 4 15 1 4 1 2 4 2 3 4 3 2 4 5 2 4 7 2 4 9 2 4 10 2 4 11 2 4 12 2 4 13 2 4 14 2 4 15 2 4 1 3 4 2 3 4 3 4 4 5 3 4 7 3 4 9 3 4 10 3 4 11 3 4 12 3 4 13 3 4 14 3 4 15 3 4 1 4 4 2 4 4 3 4 4 5 4 4 7 4 4 9 4 4 10 4 4 11 4 4 12 4 4 13 4 4 14 4 4 15 4 4 1 5 8 2 5 8 3 5 8 5 6 8 7 5 8 9 5 8 10 5 8 11 5 8 12 5 8 13 5 8 14 5 8 15 5 8 1 6 5 2 6 5 3 6 5 5 6 5 7 6 5 9 6 5 10 6 5 11 6 5 12 6 5 13 6 5 14 6 5 15 6 5 1 7 4 2 7 4 3 7 4 5 7 4 7 8 4 9 7 4 10 7 4 11 7 4 12 7 4 13 7 4 14 7 4 15 7 4 1 8 4 2 8 4 3 8 4 5 8 4 7 8 4 9 8 4 10 8 4 11 8 4 12 8 4 13 8 4 14 8 4 15 8 4 1 9 4 2 9 4 3 9 4 5 9 4 7 9 4 9 10 4 10 9 4 11 9 4 12 9 4 13 9 4 14 9 4 15 9 4 1 10 4 2 10 4 3 10 4 5 10 4 7 10 4 9 10 4 10 11 4 11 10 4 12 10 4 13 10 4 14 10 4 15 10 4 1 11 4 2 11 4 3 11 4 5 11 4 7 11 4 9 11 4 10 11 4 11 12 4 12 11 4 13 11 4 14 11 4 15 11 4 1 13 4 2 13 4 3 13 4 5 13 4 7 13 4 9 13 4 10 13 4 11 13 4 12 13 4 13 14 4 14 13 4 15 13 4 1 14 4 2 14 4 3 14 4 5 14 4 7 14 4 9 14 4 10 14 4 11 14 4 12 14 4 13 14 4 14 15 4 15 14 4 1 15 4 2 15 4 3 15 4 5 15 4 7 15 4 9 15 4 10 15 4 11 15 4 12 15 4 13 15 4 14 15 4 15 0 4
169 28494 15 3 5 3 0 1 10 0 1 12 0 1 3 6 1 10 6 1 12 6 1 3 7 1 10 7 1 12 7 1 3 12 1 10 12 1 12 13 1 3 14 1 10 14 1 12 14 1
170 30972 180 12 15 0 1 4 1 0 4 2 0 4 4 0 4 5 0 4 6 0 4 7 0 4 8 0 4 10 0 4 11 0 4 12 0 4 15 0 4 0 1 4 1 2 4 2 1 4 4 1 4 5 1 4 6 1 4 7 1 4 8 1 4 10 1 4 11 1 4 12 1 4 15 1 4 0 2 4 1 2 4 2 3 4 4 2 4 5 2 4 6 2 4 7 2 4 8 2 4 10 2 4 11 2 4 12 2 4 15 2 4 0 4 4 1 4 4 2 4 4 4 5 4 5 4 4 6 4 4 7 4 4 8 4 4 10 4 4 11 4 4 12 4 4 15 4 4 0 5 4 1 5 4 2 5 4 4 5 4 5 6 4 6 5 4 7 5 4 8 5 4 10 5 4 11 5 4 12 5 4 15 5 4 0 6 8 1 6 8 2 6 8 4 6 8 5 6 8 6 7 8 7 6 8 8 6 8 10 6 8 11 6 8 12 6 8 15 6 8 0 7 5 1 7 5 2 7 5 4 7 5 5 7 5 6 7 5 7 8 5 8 7 5 10 7 5 11 7 5 12 7 5 15 7 5 0 8 4 1 8 4 2 8 4 4 8 4 5 8 4 6 8 4 7 8 4 8 9 4 10 8 4 11 8 4 12 8 4 15 8 4 0 9 4 1 9 4 2 9 4 4 9 4 5 9 4 6 9 4 7 9 4 8 9 4 10 9 4 11 9 4 12 9 4 15 9 4 0 10 4 1 10 4 2 10 4 4 10 4 5 10 4 6 10 4 7 10 4 8 10 4 10 11 4 11 10 4 12 10 4 15 10 4 0 11 4 1 11 4 2 11 4 4 11 4 5 11 4 6 11 4 7 11 4 8 11 4 10 11 4 11 12 4 12 11 4 15 11 4 0 12 4 1 12 4 2 12 4 4 12 4 5 12 4 6 12 4 7 12 4 8 12 4 10 12 4 11 12 4 12 13 4 15 12 4 0 13 4 1 13 4 2 13 4 4 13 4 5 13 4 6 13 4 7 13 4 8 13 4 10 13 4 11 13 4 12 13 4 15 13 4 0 14 4 1 14 4 2 14 4 4 14 4 5 14 4 6 14 4 7 14 4 8 14 4 10 14 4 11 14 4 12 14 4 15 14 4 0 15 4 1 15 4 2 15 4 4 15 4 5 15 4 6 15 4 7 15 4 8 15 4 10 15 4 11 15 4 12 15 4 15 0 4
171 31037 5 5 1 0 10 1 6 10 1 10 11 1 11 10 1 13 10 1
172 31038 1 1 1 12 8 1
173 31047 1 1 1 4 6 1
174 31054 1 1 1 6 2 1
175 31057 1 1 1 7 3 1
176 31067 1 1 1 0 5 1
177 31081 1 1 1 1 12 1
178 31081 1 1 1 13 3 7
179 31086 1 1 1 14 6 1
180 31088 1 1 1 15 0 1
181 31155 4 4 1 2 0 1 3 0 1 5 0 1 10 0 1
182 31255 15 3 5 3 0 1 5 0 1 13 0 1 3 1 1 5 1 1 13 1 1 3 8 1 5 8 1 13 8 1 3 10 1 5 10 1 13 10 1 3 12 1 5 12 1 13 12 1
183 31307 2 2 1 10 14 24 15 14 24
184 31408 7 7 1 0 14 1 1 14 1 2 14 1 6 14 1 9 14 1 11 14 1 15 14 1
185 31429 2 2 1 4 1 21 5 1 21
186 31512 11 11 1 0 15 1 3 15 1 4 15 1 5 15 1 6 15 1 7 15 1 11 15 1 12 15 1 13 15 1 14 15 1 15 0 1
187 31527 1 1 1 6 8 1
188 31677 10 5 2 4 1 1 8 1 1 9 1 1 12 1 1 15 1 1 4 10 1 8 10 1 9 10 1 12 10 1 15 10 1
189 31686 1 1 1 3 4 1
190 31790 11 1 11 7 0 3 7 2 3 7 4 3 7 5 6 7 8 3 7 8 2 7 10 6 7 12 3 7 13 3 7 14 3 7 15 3
191 31832 6 3 1 7 2 50 7 2 5 11 2 50 11 2 5 14 2 50 14 2 5
192 31844 1 1 1 15 12 1
193 31896 7 7 1 2 9 1 3 9 1 5 9 1 6 9 1 7 9 1 10 9 1 15 9 1
194 31948 7 7 1 1 2 1 2 3 1 4 2 1 8 2 1 12 2 1 13 2 1 15 2 1
195 31954 1 1 1 9 4 6
196 32056 7 7 1 4 3 1 7 3 1 9 3 1 10 3 1 11 3 1 12 3 1 13 3 1
197 32080 5 5 1 5 12 1 6 12 1 8 12 1 9 12 1 12 13 1
198 32121 6 2 1 5 10 50 5 10 50 5 10 23 14 10 50 14 10 50 14 10 23
199 32127 1 1 1 15 12 1
200 32393 14 14 1 0 12 1 1 12 1 2 12 1 3 12 1 4 12 1 5 12 1 6 12 1 7 12 1 9 12 1 10 12 1 11 12 1 12 13 1 13 12 1 14 12 1
201 32403 3 3 1 3 6 1 6 7 1 8 6 1
202 32475 1 1 1 7 15 1
203 32476 1 1 1 5 1 1
204 32479 1 1 1 5 13 1
205 32480 1 1 1 1 5 1
206 32652 12 12 1 0 12 1 1 12 1 2 12 1 3 12 1 5 12 1 6 12 1 7 12 1 9 12 1 10 12 1 11 12 1 12 13 1 15 12 1
207 32701 6 2 1 8 7 50 8 7 50 8 7 18 10 7 50 10 7 50 10 7 18
208 32701 2 2 1 8 13 1 12 13 1
209 32762 1 1 1 15 9 1
210 32837 10 5 2 0 2 47 2 3 47 6 2 47 11 2 47 12 2 47 0 11 47 2 11 47 6 11 47 11 12 47 12 11 47
211 32840 1 1 1 15 0 1
212 32854 1 1 1 9 14 1
213 32862 1 1 1 13 7 1
214 32961 6 2 1 11 9 50 11 9 50 11 9 18 12 9 50 12 9 50 12 9 18
215 32977 1 1 1 15 14 1
216 33143 13 13 1 1 8 1 2 8 1 3 8 1 4 8 1 6 8 1 8 9 1 9 8 1 10 8 1 11 8 1 12 8 1 13 8 1 14 8 1 15 8 1
217 33307 13 13 1 0 5 1 1 5 1 3 5 1 4 5 1 5 6 1 6 5 1 7 5 1 8 5 1 10 5 1 11 5 1 12 5 1 14 5 1 15 5 1
218 33318 1 1 1 9 7 1
219 33330 1 1 1 15 13 1
220 33339 3 3 1 0 7 1 2 7 1 11 7 1
221 33355 1 1 1 6 14 1
222 33652 14 14 1 0 10 1 1 10 1 3 10 1 5 10 1 6 10 1 7 10 1 8 10 1 9 10 1 10 11 1 11 10 1 12 10 1 13 10 1 14 10 1 15 10 1
223 33726 7 7 1 1 15 1 7 15 1 10 15 1 11 15 1 12 15 1 13 15 1 14 15 1
224 33765 4 4 1 2 1 1 7 1 1 12 1 1 14 1 1
225 33818 3 3 1 0 4 1 3 4 1 14 4 1
226 33859 2 2 1 4 12 22 5 12 22
227 33883 1 1 1 14 6 1
228 33995 13 13 1 0 8 1 3 8 1 4 8 1 5 8 1 6 8 1 8 9 1 9 8 1 10 8 1 11 8 1 12 8 1 13 8 1 14 8 1 15 8 1
229 34077 7 7 1 0 10 1 2 10 1 5 10 1 9 10 1 11 10 1 12 10 1 15 10 1
230 34234 14 14 1 0 6 1 1 6 1 3 6 1 4 6 1 5 6 1 6 7 1 7 6 1 8 6 1 9 6 1 10 6 1 12 6 1 13 6 1 14 6 1 15 6 1
231 34361 10 5 2 0 1 1 1 2 1 7 1 1 13 1 1 15 1 1 0 15 1 1 15 1 7 15 1 13 15 1 15 0 1
232 34390 4 4 1 0 15 1 4 15 1 8 15 1 13 15 1
233 34413 6 3 1 2 1 50 2 1 10 4 1 50 4 1 10 13 1 50 13 1 10
234 34422 1 1 1 2 7 1
235 34535 11 1 11 4 1 3 4 2 3 4 3 3 4 5 6 4 6 3 4 7 2 4 9 6 4 10 3 4 11 3 4 13 3 4 15 3
236 34549 1 1 1 9 1 1
237 34786 13 13 1 0 2 1 1 2 1 2 3 1 3 2 1 4 2 1 5 2 1 6 2 1 7 2 1 8 2 1 10 2 1 12 2 1 13 2 1 14 2 1
238 34802 2 2 1 5 10 25 14 10 25
239 34962 14 14 1 0 15 1 1 15 1 2 15 1 3 15 1 4 15 1 5 15 1 6 15 1 7 15 1 9 15 1 10 15 1 11 15 1 12 15 1 13 15 1 14 15 1
240 34976 1 1 1 12 8 1
241 34990 1 1 1 10 2 6
242 35073 5 5 1 1 6 1 2 6 1 3 6 1 7 6 1 13 6 1
243 35095 3 3 1 0 3 2 8 3 2 12 3 2
244 35171 7 7 1 0 14 1 5 14 1 6 14 1 7 14 1 8 14 1 11 14 1 15 14 1
245 35178 3 3 1 2 14 2 4 14 2 14 15 2
246 35301 14 14 1 0 6 1 1 6 1 2 6 1 3 6 1 4 6 1 5 6 1 6 7 1 7 6 1 8 6 1 9 6 1 11 6 1 12 6 1 13 6 1 14 6 1
247 35332 5 5 1 1 2 1 8 1 1 10 1 1 12 1 1 15 1 1
248 35375 7 7 1 2 13 1 3 13 1 4 13 1 6 13 1 7 13 1 12 13 1 13 14 1
249 35446 4 2 1 10 13 50 10 13 2 13 14 50 13 14 2
250 35465 1 1 1 3 9 1
251 35654 7 7 1 1 7 1 4 7 1 6 7 1 7 8 1 9 7 1 12 7 1 13 7 1
252 35943 18 3 1 7 4 50 7 4 50 7 4 50 7 4 50 7 4 50 7 4 29 10 4 50 10 4 50 10 4 50 10 4 50 10 4 50 10 4 29 15 4 50 15 4 50 15 4 50 15 4 50 15 4 50 15 4 29
253 35953 2 2 1 13 2 25 15 2 25
254 35960 1 1 1 11 6 6
255 35968 1 1 1 2 7 1
256 36034 2 2 1 1 8 47 2 8 47
257 36044 1 1 1 7 0 1
258 36320 13 13 1 0 12 1 1 12 1 4 12 1 5 12 1 6 12 1 7 12 1 8 12 1 10 12 1 11 12 1 12 13 1 13 12 1 14 12 1 15 12 1
259 36331 2 2 1 14 15 22 15 0 22
260 36343 2 1 1 11 7 50 11 7 9
261 36369 1 1 1 0 4 1
262 37252 70 14 5 2 4 5 3 4 5 4 5 5 5 4 5 6 4 5 7 4 5 8 4 5 9 4 5 10 4 5 11 4 5 12 4 5 13 4 5 14 4 5 15 4 5 2 5 5 3 5 5 4 5 5 5 6 5 6 5 5 7 5 5 8 5 5 9 5 5 10 5 5 11 5 5 12 5 5 13 5 5 14 5 5 15 5 5 2 7 5 3 7 5 4 7 5 5 7 5 6 7 5 7 8 5 8 7 5 9 7 5 10 7 5 11 7 5 12 7 5 13 7 5 14 7 5 15 7 5 2 9 5 3 9 5 4 9 5 5 9 5 6 9 5 7 9 5 8 9 5 9 10 5 10 9 5 11 9 5 12 9 5 13 9 5 14 9 5 15 9 5 2 12 5 3 12 5 4 12 5 5 12 5 6 12 5 7 12 5 8 12 5 9 12 5 10 12 5 11 12 5 12 13 5 13 12 5 14 12 5 15 12 5
263 37262 1 1 1 3 5 1
264 37294 3 3 1 3 9 2 8 9 2 10 9 2
265 37298 1 1 1 0 3 1
266 38386 75 15 5 0 1 4 1 2 4 2 1 4 3 1 4 4 1 4 5 1 4 7 1 4 8 1 4 9 1 4 10 1 4 11 1 4 12 1 4 13 1 4 14 1 4 15 1 4 0 3 4 1 3 4 2 3 4 3 4 4 4 3 4 5 3 4 7 3 4 8 3 4 9 3 4 10 3 4 11 3 4 12 3 4 13 3 4 14 3 4 15 3 4 0 7 4 1 7 4 2 7 4 3 7 4 4 7 4 5 7 4 7 8 4 8 7 4 9 7 4 10 7 4 11 7 4 12 7 4 13 7 4 14 7 4 15 7 4 0 14 4 1 14 4 2 14 4 3 14 4 4 14 4 5 14 4 7 14 4 8 14 4 9 14 4 10 14 4 11 14 4 12 14 4 13 14 4 14 15 4 15 14 4 0 15 4 1 15 4 2 15 4 3 15 4 4 15 4 5 15 4 7 15 4 8 15 4 9 15 4 10 15 4 11 15 4 12 15 4 13 15 4 14 15 4 15 0 4
267 38386 1 1 1 12 6 1
268 38392 1 1 1 9 7 1
269 38395 1 1 1 13 4 1
270 38550 14 14 1 0 11 1 1 11 1 2 11 1 3 11 1 4 11 1 5 11 1 7 11 1 8 11 1 9 11 1 10 11 1 12 11 1 13 11 1 14 11 1 15 11 1
271 38567 1 1 1 3 1 1
272 38568 2 2 1 0 7 25 8 7 25
273 38599 3 3 1 2 3 2 5 2 2 9 2 2
274 38610 1 1 1 10 12 1
275 38614 1 1 1 14 8 1
276 38792 6 3 1 1 6 50 1 6 10 8 6 50 8 6 10 9 6 50 9 6 10
277 38803 2 2 1 4 6 1 5 6 1
278 38803 1 1 1 14 9 1
279 38827 2 2 1 3 12 21 8 12 21
280 38840 1 1 1 3 0 1
281 39005 14 14 1 0 7 1 1 7 1 3 7 1 4 7 1 5 7 1 6 7 1 7 8 1 8 7 1 9 7 1 11 7 1 12 7 1 13 7 1 14 7 1 15 7 1
282 39039 2 2 1 8 9 21 15 8 21
283 39039 1 1 1 1 5 1
284 39054 4 4 1 0 11 1 4 11 1 7 11 1 15 11 1
285 39121 6 2 1 1 4 50 1 4 50 1 4 23 8 4 50 8 4 50 8 4 23
286 39142 1 1 1 11 12 1
287 39381 24 4 1 2 6 50 2 6 50 2 6 50 2 6 50 2 6 50 2 6 45 11 6 50 11 6 50 11 6 50 11 6 50 11 6 50 11 6 45 12 6 50 12 6 50 12 6 50 12 6 50 12 6 50 12 6 45 14 6 50 14 6 50 14 6 50 14 6 50 14 6 50 14 6 45
288 39451 6 2 1 3 13 50 3 13 50 3 13 38 5 13 50 5 13 50 5 13 38
289 39466 1 1 1 1 2 1
290 39582 7 7 1 3 4 1 5 3 1 6 3 1 9 3 1 10 3 1 11 3 1 12 3 1
291 39645 2 2 1 1 4 31 11 4 31
292 39742 7 7 1 0 1 1 2 0 1 3 0 1 8 0 1 11 0 1 13 0 1 14 0 1
293 39749 2 2 1 3 5 22 4 5 22
294 39761 1 1 1 1 4 1
295 39809 2 2 1 2 0 5 13 0 5
296 42414 210 6 7 2 4 50 2 4 50 2 4 50 2 4 50 2 4 46 7 4 50 7 4 50 7 4 50 7 4 50 7 4 46 9 4 50 9 4 50 9 4 50 9 4 50 9 4 46 10 4 50 10 4 50 10 4 50 10 4 50 10 4 46 12 4 50 12 4 50 12 4 50 12 4 50 12 4 46 15 4 50 15 4 50 15 4 50 15 4 50 15 4 46 2 5 50 2 5 50 2 5 50 2 5 50 2 5 46 7 5 50 7 5 50 7 5 50 7 5 50 7 5 46 9 5 50 9 5 50 9 5 50 9 5 50 9 5 46 10 5 50 10 5 50 10 5 50 10 5 50 10 5 46 12 5 50 12 5 50 12 5 50 12 5 50 12 5 46 15 5 50 15 5 50 15 5 50 15 5 50 15 5 46 2 8 50 2 8 50 2 8 50 2 8 50 2 8 46 7 8 50 7 8 50 7 8 50 7 8 50 7 8 46 9 8 50 9 8 50 9 8 50 9 8 50 9 8 46 10 8 50 10 8 50 10 8 50 10 8 50 10 8 46 12 8 50 12 8 50 12 8 50 12 8 50 12 8 46 15 8 50 15 8 50 15 8 50 15 8 50 15 8 46 2 9 50 2 9 50 2 9 50 2 9 50 2 9 46 7 9 50 7 9 50 7 9 50 7 9 50 7 9 46 9 10 50 9 10 50 9 10 50 9 10 50 9 10 46 10 9 50 10 9 50 10 9 50 10 9 50 10 9 46 12 9 50 12 9 50 12 9 50 12 9 50 12 9 46 15 9 50 15 9 50 15 9 50 15 9 50 15 9 46 2 10 50 2 10 50 2 10 50 2 10 50 2 10 46 7 10 50 7 10 50 7 10 50 7 10 50 7 10 46 9 10 50 9 10 50 9 10 50 9 10 50 9 10 46 10 11 50 10 11 50 10 11 50 10 11 50 10 11 46 12 10 50 12 10 50 12 10 50 12 10 50 12 10 46 15 10 50 15 10 50 15 10 50 15 10 50 15 10 46 2 11 50 2 11 50 2 11 50 2 11 50 2 11 47 7 11 50 7 11 50 7 11 50 7 11 50 7 11 47 9 11 50 9 11 50 9 11 50 9 11 50 9 11 47 10 11 50 10 11 50 10 11 50 10 11 50 10 11 47 12 11 50 12 11 50 12 11 50 12 11 50 12 11 47 15 11 50 15 11 50 15 11 50 15 11 50 15 11 47 2 13 50 2 13 50 2 13 50 2 13 50 2 13 47 7 13 50 7 13 50 7 13 50 7 13 50 7 13 47 9 13 50 9 13 50 9 13 50 9 13 50 9 13 47 10 13 50 10 13 50 10 13 50 10 13 50 10 13 47 12 13 50 12 13 50 12 13 50 12 13 50 12 13 47 15 13 50 15 13 50 15 13 50 15 13 50 15 13 47
297 42590 14 14 1 0 6 1 1 6 1 2 6 1 3 6 1 4 6 1 5 6 1 6 7 1 7 6 1 8 6 1 9 6 1 11 6 1 12 6 1 14 6 1 15 6 1
298 42591 1 1 1 6 15 1
299 42604 1 1 1 7 15 1
300 42801 14 14 1 0 3 1 1 3 1 2 3 1 3 4 1 5 3 1 6 3 1 7 3 1 8 3 1 10 3 1 11 3 1 12 3 1 13 3 1 14 3 1 15 3 1
301 42836 3 3 1 3 9 1 7 9 1 11 9 1
302 42912 7 7 1 0 1 1 2 0 1 4 0 1 5 0 1 10 0 1 11 0 1 12 0 1
303 42953 7 7 1 2 4 1 4 5 1 5 4 1 6 4 1 8 4 1 13 4 1 14 4 1
304 43047 6 2 3 8 4 49 12 4 49 8 11 49 12 11 49 8 12 49 12 13 49
305 43056 1 1 1 14 10 1
306 43270 10 5 2 5 2 1 9 2 1 10 2 1 13 2 1 15 2 1 5 10 1 9 10 1 10 11 1 13 10 1 15 10 1
307 43292 4 4 1 6 8 1 8 9 1 9 8 1 12 8 1
308 43295 1 1 1 1 2 1
309 43350 5 5 1 1 10 1 6 10 1 9 10 1 11 10 1 14 10 1
310 43517 10 5 2 2 1 1 6 1 1 7 1 1 8 1 1 14 1 1 2 10 1 6 10 1 7 10 1 8 10 1 14 10 1
311 43542 1 1 1 8 4 1
312 43549 1 1 1 1 8 1
313 43604 5 5 1 0 4 1 1 4 1 5 4 1 13 4 1 14 4 1
314 43685 7 7 1 0 4 1 1 4 1 5 4 1 9 4 1 11 4 1 13 4 1 14 4 1
315 43904 15 15 1 0 1 1 1 2 1 2 1 1 3 1 1 4 1 1 5 1 1 6 1 1 7 1 1 9 1 1 10 1 1 11 1 1 12 1 1 13 1 1 14 1 1 15 1 1
316 43909 1 1 1 2 6 1
317 43921 1 1 1 11 10 1
318 43932 1 1 1 7 14 1
319 43933 1 1 1 9 10 1
320 44032 13 13 1 0 13 1 1 13 1 3 13 1 4 13 1 6 13 1 7 13 1 8 13 1 9 13 1 10 13 1 11 13 1 13 14 1 14 13 1 15 13 1
321 44049 1 1 1 11 13 1
322 44285 16 1 16 7 0 2 7 1 1 7 2 2 7 3 1 7 4 1 7 5 1 7 6 1 7 8 1 7 8 2 7 9 1 7 10 1 7 11 1 7 12 1 7 13 1 7 14 2 7 15 1
323 44418 16 1 16 1 0 2 1 2 1 1 2 2 1 3 1 1 4 1 1 5 1 1 6 1 1 7 1 1 8 2 1 9 1 1 10 1 1 11 1 1 12 1 1 13 1 1 14 2 1 15 1
324 44515 6 3 1 1 4 50 1 4 13 14 4 50 14 4 13 15 4 50 15 4 13
325 44583 3 3 1 7 0 1 8 0 1 13 0 1
326 44739 11 1 11 14 1 3 14 3 3 14 6 3 14 7 6 14 8 3 14 9 2 14 10 6 14 11 3 14 12 3 14 13 3 14 15 3
327 44846 10 5 2 0 2 1 8 2 1 9 2 1 13 2 1 14 2 1 0 5 1 8 5 1 9 5 1 13 5 1 14 5 1
328 45072 13 13 1 1 2 1 2 3 1 5 2 1 6 2 1 7 2 1 8 2 1 9 2 1 10 2 1 11 2 1 12 2 1 13 2 1 14 2 1 15 2 1
329 45308 12 12 1 1 12 1 3 12 1 4 12 1 5 12 1 6 12 1 7 12 1 8 12 1 10 12 1 11 12 1 12 13 1 13 12 1 15 12 1
330 45334 1 1 1 8 10 1
331 45345 1 1 1 4 0 1
332 45348 1 1 1 1 11 1
333 45365 1 1 1 9 15 1
334 45378 1 1 1 6 13 1
335 45402 1 1 1 13 2 1
336 45444 3 3 1 4 5 1 6 5 1 15 5 1
337 45445 1 1 1 12 7 1
338 45463 2 2 1 6 2 23 8 2 23
339 45507 7 7 1 1 2 1 2 3 1 7 2 1 8 2 1 10 2 1 13 2 1 15 2 1
340 45605 7 7 1 1 12 1 5 12 1 6 12 1 9 12 1 10 12 1 13 12 1 15 12 1
341 45831 13 13 1 1 2 1 2 3 1 3 2 1 4 2 1 5 2 1 6 2 1 7 2 1 8 2 1 9 2 1 10 2 1 12 2 1 14 2 1 15 2 1
342 45841 1 1 1 2 14 1
343 45977 10 5 2 3 5 47 5 6 47 7 5 47 9 5 47 15 5 47 3 8 47 5 8 47 7 8 47 9 8 47 15 8 47
344 46123 12 1 1 1 3 50 1 3 50 1 3 50 1 3 50 1 3 50 1 3 50 1 3 50 1 3 50 1 3 50 1 3 50 1 3 50 1 3 33
345 46319 11 1 11 2 0 3 2 1 3 2 3 3 2 4 6 2 6 3 2 7 2 2 8 6 2 9 3 2 11 3 2 12 3 2 15 3
346 46320 1 1 1 11 0 1
347 46484 10 5 2 2 12 1 8 12 1 11 12 1 13 12 1 14 12 1 2 13 1 8 13 1 11 13 1 13 14 1 14 13 1
348 46511 2 2 1 0 15 1 7 15 1
349 46618 7 7 1 1 7 1 3 7 1 6 7 1 7 8 1 8 7 1 12 7 1 14 7 1
350 46673 2 2 1 4 0 21 8 0 21
351 46683 1 1 1 14 9 1
352 46688 1 1 1 12 4 1
353 46697 2 2 1 1 10 25 5 10 25
354 46946 14 14 1 0 7 1 1 7 1 3 7 1 4 7 1 5 7 1 6 7 1 7 8 1 8 7 1 9 7 1 11 7 1 12 7 1 13 7 1 14 7 1 15 7 1
355 47130 14 14 1 0 9 1 1 9 1 2 9 1 3 9 1 4 9 1 5 9 1 6 9 1 7 9 1 8 9 1 9 10 1 11 9 1 13 9 1 14 9 1 15 9 1
356 47137 1 1 1 1 2 1
357 47259 7 7 1 0 8 1 5 8 1 9 8 1 10 8 1 12 8 1 13 8 1 15 8 1
358 47353 7 7 1 2 3 1 3 4 1 5 3 1 7 3 1 8 3 1 13 3 1 14 3 1
359 47373 2 2 1 10 1 1 12 1 1
360 47377 2 2 1 3 12 22 9 12 22
361 47403 2 2 1 1 5 1 15 5 1
362 47407 1 1 1 2 14 1
363 47427 1 1 1 8 14 1
364 50330 225 15 15 0 1 8 1 0 8 2 0 8 3 0 8 4 0 8 5 0 8 7 0 8 8 0 8 9 0 8 10 0 8 11 0 8 12 0 8 13 0 8 14 0 8 15 0 8 0 1 8 1 2 8 2 1 8 3 1 8 4 1 8 5 1 8 7 1 8 8 1 8 9 1 8 10 1 8 11 1 8 12 1 8 13 1 8 14 1 8 15 1 8 0 2 8 1 2 8 2 3 8 3 2 8 4 2 8 5 2 8 7 2 8 8 2 8 9 2 8 10 2 8 11 2 8 12 2 8 13 2 8 14 2 8 15 2 8 0 3 8 1 3 8 2 3 8 3 4 8 4 3 8 5 3 8 7 3 8 8 3 8 9 3 8 10 3 8 11 3 8 12 3 8 13 3 8 14 3 8 15 3 8 0 4 8 1 4 8 2 4 8 3 4 8 4 5 8 5 4 8 7 4 8 8 4 8 9 4 8 10 4 8 11 4 8 12 4 8 13 4 8 14 4 8 15 4 8 0 6 8 1 6 8 2 6 8 3 6 8 4 6 8 5 6 8 7 6 8 8 6 8 9 6 8 10 6 8 11 6 8 12 6 8 13 6 8 14 6 8 15 6 8 0 7 8 1 7 8 2 7 8 3 7 8 4 7 8 5 7 8 7 8 8 8 7 8 9 7 8 10 7 8 11 7 8 12 7 8 13 7 8 14 7 8 15 7 8 0 8 16 1 8 16 2 8 16 3 8 16 4 8 16 5 8 16 7 8 16 8 9 16 9 8 16 10 8 16 11 8 16 12 8 16 13 8 16 14 8 16 15 8 16 0 9 8 1 9 8 2 9 8 3 9 8 4 9 8 5 9 8 7 9 8 8 9 8 9 10 8 10 9 8 11 9 8 12 9 8 13 9 8 14 9 8 15 9 8 0 10 8 1 10 8 2 10 8 3 10 8 4 10 8 5 10 8 7 10 8 8 10 8 9 10 8 10 11 8 11 10 8 12 10 8 13 10 8 14 10 8 15 10 8 0 11 9 1 11 9 2 11 9 3 11 9 4 11 9 5 11 9 7 11 9 8 11 9 9 11 9 10 11 9 11 12 9 12 11 9 13 11 9 14 11 9 15 11 9 0 12 8 1 12 8 2 12 8 3 12 8 4 12 8 5 12 8 7 12 8 8 12 8 9 12 8 10 12 8 11 12 8 12 13 8 13 12 8 14 12 8 15 12 8 0 13 8 1 13 8 2 13 8 3 13 8 4 13 8 5 13 8 7 13 8 8 13 8 9 13 8 10 13 8 11 13 8 12 13 8 13 14 8 14 13 8 15 13 8 0 14 8 1 14 8 2 14 8 3 14 8 4 14 8 5 14 8 7 14 8 8 14 8 9 14 8 10 14 8 11 14 8 12 14 8 13 14 8 14 15 8 15 14 8 0 15 8 1 15 8 2 15 8 3 15 8 4 15 8 5 15 8 7 15 8 8 15 8 9 15 8 10 15 8 11 15 8 12 15 8 13 15 8 14 15 8 15 0 8
365 50354 2 2 1 7 14 1 13 14 1
366 50628 14 14 1 0 4 1 1 4 1 2 4 1 3 4 1 4 5 1 7 4 1 8 4 1 9 4 1 10 4 1 11 4 1 12 4 1 13 4 1 14 4 1 15 4 1
367 50641 2 2 1 11 5 2 14 5 2
368 50649 1 1 1 4 2 1
369 50659 1 1 1 11 1 1
370 50794 13 13 1 0 14 1 1 14 1 2 14 1 3 14 1 5 14 1 7 14 1 8 14 1 9 14 1 10 14 1 11 14 1 12 14 1 14 15 1 15 14 1
371 50804 1 1 1 2 3 6
372 50805 1 1 1 5 14 1
373 50819 2 2 1 5 2 1 7 2 1
374 50991 7 7 1 1 9 1 8 9 1 9 10 1 11 9 1 13 9 1 14 9 1 15 9 1
375 51142 7 7 1 2 4 1 3 4 1 5 4 1 7 4 1 10 4 1 11 4 1 14 4 1
376 51261 6 2 1 3 4 50 3 4 50 3 4 11 9 4 50 9 4 50 9 4 11
377 51319 2 2 1 11 6 1 12 6 1
378 51325 1 1 1 12 6 1
379 51330 1 1 1 9 15 1
380 51371 2 2 1 2 14 1 9 14 1
381 51383 1 1 1 4 1 1
382 51524 12 12 1 0 1 1 2 0 1 4 0 1 5 0 1 6 0 1 8 0 1 10 0 1 11 0 1 12 0 1 13 0 1 14 0 1 15 0 1
383 51658 14 14 1 0 8 1 2 8 1 3 8 1 4 8 1 5 8 1 6 8 1 7 8 1 8 9 1 9 8 1 11 8 1 12 8 1 13 8 1 14 8 1 15 8 1
384 51698 4 4 1 1 13 1 6 13 1 12 13 1 15 13 1
385 51699 1 1 1 15 0 1
386 51746 4 4 1 0 12 1 1 12 1 4 12 1 13 12 1
387 51850 10 5 2 0 2 1 8 2 1 9 2 1 10 2 1 13 2 1 0 3 1 8 3 1 9 3 1 10 3 1 13 3 1
388 51976 3 3 1 2 5 1 4 5 1 7 5 1
389 51979 1 1 1 5 6 1
390 52107 2 2 1 2 5 1 7 5 1
391 52108 1 1 1 9 13 1
392 52265 10 5 2 0 1 47 3 1 47 8 1 47 9 1 47 12 1 47 0 14 47 3 14 47 8 14 47 9 14 47 12 14 47
393 52332 7 7 1 2 6 1 4 6 1 5 6 1 6 7 1 9 6 1 12 6 1 15 6 1
394 52335 1 1 1 2 10 1
395 52430 13 13 1 0 5 1 1 5 1 2 5 1 3 5 1 4 5 1 5 6 1 6 5 1 7 5 1 8 5 1 10 5 1 12 5 1 13 5 1 15 5 1
396 52453 2 2 1 13 14 21 15 14 21
397 52455 1 1 1 1 15 1
398 52686 10 5 2 3 10 1 5 10 1 6 10 1 7 10 1 11 10 1 3 12 1 5 12 1 6 12 1 7 12 1 11 12 1
399 52699 1 1 1 4 13 11
400 52745 3 3 1 8 13 2 11 13 2 12 13 2
401 52840 10 5 2 2 3 1 4 3 1 12 3 1 13 3 1 15 3 1 2 13 1 4 13 1 12 13 1 13 14 1 15 13 1
402 53032 13 13 1 0 8 1 1 8 1 2 8 1 3 8 1 5 8 1 6 8 1 7 8 1 8 9 1 9 8 1 10 8 1 11 8 1 13 8 1 15 8 1
403 53157 10 5 2 0 11 1 8 11 1 10 11 1 11 12 1 14 11 1 0 13 1 8 13 1 10 13 1 11 13 1 14 13 1
404 53316 12 6 2 0 1 1 4 1 1 9 1 1 11 1 1 14 1 1 15 1 1 0 15 1 4 15 1 9 15 1 11 15 1 14 15 1 15 0 1
405 53442 13 13 1 2 8 1 3 8 1 4 8 1 5 8 1 6 8 1 7 8 1 8 9 1 9 8 1 10 8 1 11 8 1 12 8 1 13 8 1 14 8 1
406 53462 3 3 1 8 5 2 10 5 2 12 5 2
407 53477 1 1 1 6 13 1
408 53580 7 7 1 5 7 1 6 7 1 7 8 1 8 7 1 12 7 1 14 7 1 15 7 1
409 53766 7 7 1 0 6 1 1 6 1 4 6 1 7 6 1 10 6 1 11 6 1 15 6 1
410 53770 1 1 1 12 15 1
411 53826 3 3 1 0 1 2 11 0 2 12 0 2
412 54076 13 13 1 0 9 1 2 9 1 3 9 1 4 9 1 5 9 1 6 9 1 7 9 1 8 9 1 9 10 1 10 9 1 13 9 1 14 9 1 15 9 1
413 54174 7 7 1 2 8 1 3 8 1 4 8 1 5 8 1 8 9 1 13 8 1 15 8 1
414 54214 1 1 1 9 5 1
415 54278 7 7 1 1 2 1 6 1 1 7 1 1 8 1 1 11 1 1 12 1 1 14 1 1
416 54289 1 1 1 3 8 1
417 54342 3 3 1 2 9 2 3 9 2 9 10 2
418 54353 1 1 1 3 2 1
419 54388 2 2 1 4 5 44 6 4 44
420 54567 11 1 11 13 0 3 13 1 3 13 2 3 13 3 6 13 4 3 13 5 2 13 10 6 13 11 3 13 14 3 13 14 3 13 15 3
421 54584 1 1 1 14 0 1
422 54626 2 2 1 5 4 41 13 4 41
423 54638 3 3 1 1 10 2 7 10 2 13 10 2
424 54777 14 14 1 1 5 1 2 5 1 3 5 1 4 5 1 5 6 1 6 5 1 8 5 1 9 5 1 10 5 1 11 5 1 12 5 1 13 5 1 14 5 1 15 5 1
425 54897 13 13 1 0 1 1 2 0 1 3 0 1 4 0 1 5 0 1 6 0 1 9 0 1 10 0 1 11 0 1 12 0 1 13 0 1 14 0 1 15 0 1
426 54945 3 3 1 6 4 2 9 4 2 12 4 2
427 54962 1 1 1 7 14 1
428 55012 3 3 1 0 8 9 3 8 9 10 8 9
429 55096 7 7 1 0 4 1 1 4 1 2 4 1 7 4 1 9 4 1 12 4 1 15 4 1
430 55108 2 2 1 4 5 20 7 5 20
431 55110 1 1 1 10 15 1
432 55140 3 3 1 5 14 2 7 14 2 10 14 2
433 55317 14 14 1 0 5 1 1 5 1 2 5 1 3 5 1 4 5 1 5 6 1 6 5 1 7 5 1 8 5 1 9 5 1 10 5 1 11 5 1 12 5 1 13 5 1
434 55468 10 5 2 5 2 47 7 2 47 8 2 47 12 2 47 15 2 47 5 9 47 7 9 47 8 9 47 12 9 47 15 9 47
435 55470 1 1 1 1 15 1
436 55479 1 1 1 14 5 1
437 55577 6 2 3 1 2 1 5 2 1 1 7 1 5 7 1 1 15 4 5 15 4
438 55807 14 14 1 0 9 1 1 9 1 2 9 1 3 9 1 4 9 1 5 9 1 7 9 1 8 9 1 10 9 1 11 9 1 12 9 1 13 9 1 14 9 1 15 9 1
439 55811 1 1 1 9 8 1
440 55893 7 7 1 1 2 1 4 1 1 5 1 1 8 1 1 12 1 1 14 1 1 15 1 1
441 55898 1 1 1 10 12 1
442 55912 1 1 1 5 9 1
443 56156 15 15 1 1 15 1 2 15 1 3 15 1 4 15 1 5 15 1 6 15 1 7 15 1 8 15 1 9 15 1 10 15 1 11 15 1 12 15 1 13 15 1 14 15 1 15 0 1
444 56182 2 1 1 11 6 50 11 6 9
445 56183 1 1 1 8 5 1
446 56186 1 1 1 11 2 1
447 56199 1 1 1 6 7 1
448 56454 14 14 1 1 2 1 2 3 1 3 2 1 4 2 1 5 2 1 7 2 1 8 2 1 9 2 1 10 2 1 11 2 1 12 2 1 13 2 1 14 2 1 15 2 1
449 56480 1 1 1 15 14 1
450 56567 5 5 1 0 11 1 5 11 1 11 12 1 12 11 1 13 11 1
451 56627 7 7 1 0 5 1 5 6 1 6 5 1 8 5 1 12 5 1 14 5 1 15 5 1
452 56632 1 1 1 10 0 1
453 56634 1 1 1 0 10 1
454 56838 16 1 16 6 0 2 6 1 1 6 2 2 6 3 1 6 4 1 6 5 1 6 7 1 6 7 1 6 8 2 6 9 1 6 10 1 6 11 1 6 12 1 6 13 1 6 14 2 6 15 1
455 56840 1 1 1 7 10 1
456 56934 7 7 1 1 13 1 4 13 1 5 13 1 9 13 1 10 13 1 12 13 1 13 14 1
457 56948 2 2 1 1 12 31 14 12 31
458 57075 10 5 2 1 8 1 2 8 1 8 9 1 11 8 1 12 8 1 1 10 1 2 10 1 8 10 1 11 10 1 12 10 1
459 57091 1 1 1 15 14 1
460 57102 1 1 1 7 0 11
461 57181 4 4 1 1 2 1 6 1 1 10 1 1 15 1 1
462 57193 1 1 1 0 2 18
463 57232 1 1 1 7 10 1
464 57304 4 4 1 0 11 1 6 11 1 10 11 1 14 11 1
465 57477 12 12 1 0 9 1 1 9 1 3 9 1 4 9 1 6 9 1 7 9 1 8 9 1 9 10 1 10 9 1 13 9 1 14 9 1 15 9 1
466 57490 1 1 1 12 7 1
467 57570 7 7 1 0 5 1 4 5 1 5 6 1 9 5 1 10 5 1 12 5 1 13 5 1
468 57582 1 1 1 1 8 1
469 57673 3 3 1 2 0 2 7 0 2 14 0 2
470 57681 1 1 1 5 3 1
471 57740 7 7 1 0 11 1 1 11 1 2 11 1 3 11 1 7 11 1 8 11 1 13 11 1
472 57985 14 14 1 1 0 1 2 0 1 3 0 1 4 0 1 5 0 1 6 0 1 7 0 1 8 0 1 10 0 1 11 0 1 12 0 1 13 0 1 14 0 1 15 0 1
473 57990 1 1 1 3 12 1
474 58001 1 1 1 6 13 1
475 58020 1 1 1 13 8 1
476 58245 15 15 1 0 13 1 1 13 1 2 13 1 4 13 1 5 13 1 6 13 1 7 13 1 8 13 1 9 13 1 10 13 1 11 13 1 12 13 1 13 14 1 14 13 1 15 13 1
477 58264 1 1 1 15 11 2
478 58311 1 1 1 4 7 1
479 58327 1 1 1 12 2 1
480 58332 1 1 1 11 2 1
481 58346 3 3 1 1 15 1 3 15 1 14 15 1
482 58425 7 7 1 1 14 1 3 14 1 4 14 1 7 14 1 9 14 1 10 14 1 12 14 1
483 58476 5 5 1 1 7 1 6 7 1 7 8 1 8 7 1 15 7 1
484 58689 13 13 1 0 1 1 2 1 1 3 1 1 4 1 1 6 1 1 8 1 1 9 1 1 10 1 1 11 1 1 12 1 1 13 1 1 14 1 1 15 1 1
485 58698 1 1 1 11 10 1
486 58708 1 1 1 7 11 1
487 58832 7 7 1 0 7 1 1 7 1 4 7 1 8 7 1 9 7 1 11 7 1 14 7 1
488 58902 3 3 1 6 5 2 13 5 2 15 5 2
489 58947 1 1 1 10 0 1
490 58959 1 1 1 11 13 1
491 58961 1 1 1 8 5 7
492 58976 2 2 1 1 15 24 5 15 24
493 58987 1 1 1 0 2 1
494 59042 4 4 1 0 13 1 2 13 1 13 14 1 14 13 1
495 59045 1 1 1 12 13 1
496 59099 1 1 1 10 2 1
497 59265 14 14 1 0 3 1 1 3 1 2 3 1 3 4 1 4 3 1 5 3 1 7 3 1 8 3 1 9 3 1 10 3 1 11 3 1 12 3 1 13 3 1 14 3 1
498 59288 1 1 1 15 10 1
499 59373 6 2 3 0 4 49 5 4 49 0 13 49 5 13 49 0 15 49 5 15 49
500 59399 1 1 1 6 8 6
501 59409 1 1 1 15 14 1
502 59414 1 1 1 9 8 1
503 59416 1 1 1 4 8 3
504 60423 75 15 5 0 4 4 1 4 4 2 4 4 3 4 4 4 5 4 5 4 4 6 4 4 7 4 4 8 4 4 9 4 4 10 4 4 11 4 4 12 4 4 13 4 4 15 4 4 0 5 4 1 5 4 2 5 4 3 5 4 4 5 4 5 6 4 6 5 4 7 5 4 8 5 4 9 5 4 10 5 4 11 5 4 12 5 4 13 5 4 15 5 4 0 10 4 1 10 4 2 10 4 3 10 4 4 10 4 5 10 4 6 10 4 7 10 4 8 10 4 9 10 4 10 11 4 11 10 4 12 10 4 13 10 4 15 10 4 0 11 4 1 11 4 2 11 4 3 11 4 4 11 4 5 11 4 6 11 4 7 11 4 8 11 4 9 11 4 10 11 4 11 12 4 12 11 4 13 11 4 15 11 4 0 12 4 1 12 4 2 12 4 3 12 4 4 12 4 5 12 4 6 12 4 7 12 4 8 12 4 9 12 4 10 12 4 11 12 4 12 13 4 13 12 4 15 12 4
505 60427 1 1 1 1 7 1
506 60457 6 2 3 2 1 49 15 1 49 2 5 49 15 5 49 2 10 49 15 10 49
507 60464 2 2 1 4 13 5 10 13 5
508 60483 2 2 1 0 12 24 8 12 24
509 60553 11 1 11 15 0 3 15 2 3 15 3 3 15 4 6 15 5 3 15 7 2 15 9 6 15 10 3 15 12 3 15 13 3 15 14 3
510 62751 182 13 14 0 1 40 1 0 40 2 0 40 3 0 40 4 0 40 6 0 40 7 0 40 8 0 40 10 0 40 11 0 40 12 0 40 13 0 40 15 0 40 0 1 20 1 2 20 2 1 20 3 1 20 4 1 20 6 1 20 7 1 20 8 1 20 10 1 20 11 1 20 12 1 20 13 1 20 15 1 20 0 2 20 1 2 20 2 3 20 3 2 20 4 2 20 6 2 20 7 2 20 8 2 20 10 2 20 11 2 20 12 2 20 13 2 20 15 2 20 0 3 20 1 3 20 2 3 20 3 4 20 4 3 20 6 3 20 7 3 20 8 3 20 10 3 20 11 3 20 12 3 20 13 3 20 15 3 20 0 4 20 1 4 20 2 4 20 3 4 20 4 5 20 6 4 20 7 4 20 8 4 20 10 4 20 11 4 20 12 4 20 13 4 20 15 4 20 0 5 20 1 5 20 2 5 20 3 5 20 4 5 20 6 5 20 7 5 20 8 5 20 10 5 20 11 5 20 12 5 20 13 5 20 15 5 20 0 6 23 1 6 23 2 6 23 3 6 23 4 6 23 6 7 23 7 6 23 8 6 23 10 6 23 11 6 23 12 6 23 13 6 23 15 6 23 0 7 20 1 7 20 2 7 20 3 7 20 4 7 20 6 7 20 7 8 20 8 7 20 10 7 20 11 7 20 12 7 20 13 7 20 15 7 20 0 8 20 1 8 20 2 8 20 3 8 20 4 8 20 6 8 20 7 8 20 8 9 20 10 8 20 11 8 20 12 8 20 13 8 20 15 8 20 0 11 41 1 11 41 2 11 41 3 11 41 4 11 41 6 11 41 7 11 41 8 11 41 10 11 41 11 12 41 12 11 41 13 11 41 15 11 41 0 12 20 1 12 20 2 12 20 3 12 20 4 12 20 6 12 20 7 12 20 8 12 20 10 12 20 11 12 20 12 13 20 13 12 20 15 12 20 0 13 20 1 13 20 2 13 20 3 13 20 4 13 20 6 13 20 7 13 20 8 13 20 10 13 20 11 13 20 12 13 20 13 14 20 15 13 20 0 14 20 1 14 20 2 14 20 3 14 20 4 14 20 6 14 20 7 14 20 8 14 20 10 14 20 11 14 20 12 14 20 13 14 20 15 14 20 0 15 20 1 15 20 2 15 20 3 15 20 4 15 20 6 15 20 7 15 20 8 15 20 10 15 20 11 15 20 12 15 20 13 15 20 15 0 20
511 62897 13 13 1 0 12 1 1 12 1 2 12 1 3 12 1 5 12 1 6 12 1 7 12 1 9 12 1 10 12 1 11 12 1 12 13 1 14 12 1 15 12 1
512 63129 16 1 16 0 1 2 0 1 1 0 2 2 0 3 1 0 4 1 0 5 1 0 6 1 0 7 1 0 8 2 0 9 1 0 10 1 0 11 1 0 12 1 0 13 1 0 14 2 0 15 1
513 63297 18 3 1 2 13 50 2 13 50 2 13 50 2 13 50 2 13 50 2 13 29 6 13 50 6 13 50 6 13 50 6 13 50 6 13 50 6 13 29 14 13 50 14 13 50 14 13 50 14 13 50 14 13 50 14 13 29
514 63363 4 4 1 4 10 1 5 10 1 12 10 1 15 10 1
515 63374 2 2 1 10 12 25 13 12 25
516 63396 1 1 1 8 10 1
517 63422 4 4 1 4 1 1 6 1 1 9 1 1 10 1 1
518 63480 1 1 1 10 13 1
519 63518 1 1 1 12 15 3
520 63599 10 5 2 0 11 1 2 11 1 6 11 1 9 11 1 14 11 1 0 14 1 2 14 1 6 14 1 9 14 1 14 15 1
521 63613 1 1 1 2 10 1
522 63638 3 3 1 1 8 2 9 8 2 11 8 2
523 66209 210 6 7 0 1 50 0 1 50 0 1 50 0 1 50 0 1 46 2 1 50 2 1 50 2 1 50 2 1 50 2 1 46 3 1 50 3 1 50 3 1 50 3 1 50 3 1 46 7 1 50 7 1 50 7 1 50 7 1 50 7 1 46 8 1 50 8 1 50 8 1 50 8 1 50 8 1 46 10 1 50 10 1 50 10 1 50 10 1 50 10 1 46 0 2 50 0 2 50 0 2 50 0 2 50 0 2 46 2 3 50 2 3 50 2 3 50 2 3 50 2 3 46 3 2 50 3 2 50 3 2 50 3 2 50 3 2 46 7 2 50 7 2 50 7 2 50 7 2 50 7 2 46 8 2 50 8 2 50 8 2 50 8 2 50 8 2 46 10 2 50 10 2 50 10 2 50 10 2 50 10 2 46 0 7 50 0 7 50 0 7 50 0 7 50 0 7 46 2 7 50 2 7 50 2 7 50 2 7 50 2 7 46 3 7 50 3 7 50 3 7 50 3 7 50 3 7 46 7 8 50 7 8 50 7 8 50 7 8 50 7 8 46 8 7 50 8 7 50 8 7 50 8 7 50 8 7 46 10 7 50 10 7 50 10 7 50 10 7 50 10 7 46 0 8 50 0 8 50 0 8 50 0 8 50 0 8 46 2 8 50 2 8 50 2 8 50 2 8 50 2 8 46 3 8 50 3 8 50 3 8 50 3 8 50 3 8 46 7 8 50 7 8 50 7 8 50 7 8 50 7 8 46 8 9 50 8 9 50 8 9 50 8 9 50 8 9 46 10 8 50 10 8 50 10 8 50 10 8 50 10 8 46 0 9 50 0 9 50 0 9 50 0 9 50 0 9 46 2 9 50 2 9 50 2 9 50 2 9 50 2 9 46 3 9 50 3 9 50 3 9 50 3 9 50 3 9 46 7 9 50 7 9 50 7 9 50 7 9 50 7 9 46 8 9 50 8 9 50 8 9 50 8 9 50 8 9 46 10 9 50 10 9 50 10 9 50 10 9 50 10 9 46 0 11 50 0 11 50 0 11 50 0 11 50 0 11 47 2 11 50 2 11 50 2 11 50 2 11 50 2 11 47 3 11 50 3 11 50 3 11 50 3 11 50 3 11 47 7 11 50 7 11 50 7 11 50 7 11 50 7 11 47 8 11 50 8 11 50 8 11 50 8 11 50 8 11 47 10 11 50 10 11 50 10 11 50 10 11 50 10 11 47 0 13 50 0 13 50 0 13 50 0 13 50 0 13 47 2 13 50 2 13 50 2 13 50 2 13 50 2 13 47 3 13 50 3 13 50 3 13 50 3 13 50 3 13 47 7 13 50 7 13 50 7 13 50 7 13 50 7 13 47 8 13 50 8 13 50 8 13 50 8 13 50 8 13 47 10 13 50 10 13 50 10 13 50 10 13 50 10 13 47
524 66252 2 2 1 3 2 1 9 2 1
525 66271 3 3 1 2 11 2 4 11 2 5 11 2
