16 526
0 0 1 1 1 15 4 1
1 10 7 7 1 0 8 1 1 8 1 3 8 1 4 8 1 7 8 1 8 9 1 10 8 1
2 11 1 1 1 4 12 1
3 14 1 1 1 7 5 1
4 17 2 2 1 3 15 21 14 15 21
5 19 1 1 1 0 5 3
6 21 1 1 1 11 13 1
7 217 75 15 5 0 1 4 1 2 4 2 1 4 3 1 4 5 1 4 6 1 4 7 1 4 8 1 4 9 1 4 10 1 4 11 1 4 12 1 4 13 1 4 14 1 4 15 1 4 0 3 4 1 3 4 2 3 4 3 4 4 5 3 4 6 3 4 7 3 4 8 3 4 9 3 4 10 3 4 11 3 4 12 3 4 13 3 4 14 3 4 15 3 4 0 7 4 1 7 4 2 7 4 3 7 4 5 7 4 6 7 4 7 8 4 8 7 4 9 7 4 10 7 4 11 7 4 12 7 4 13 7 4 14 7 4 15 7 4 0 8 4 1 8 4 2 8 4 3 8 4 5 8 4 6 8 4 7 8 4 8 9 4 9 8 4 10 8 4 11 8 4 12 8 4 13 8 4 14 8 4 15 8 4 0 9 4 1 9 4 2 9 4 3 9 4 5 9 4 6 9 4 7 9 4 8 9 4 9 10 4 10 9 4 11 9 4 12 9 4 13 9 4 14 9 4 15 9 4
8 218 1 1 1 3 7 1
9 243 6 2 1 8 11 50 8 11 50 8 11 18 10 11 50 10 11 50 10 11 18
10 699 203 7 7 3 4 50 3 4 50 3 4 50 3 4 48 6 4 50 6 4 50 6 4 50 6 4 48 7 4 50 7 4 50 7 4 50 7 4 48 12 4 50 12 4 50 12 4 50 12 4 48 13 4 50 13 4 50 13 4 50 13 4 48 14 4 50 14 4 50 14 4 50 14 4 48 15 4 50 15 4 50 15 4 50 15 4 48 3 6 50 3 6 50 3 6 50 3 6 48 6 7 50 6 7 50 6 7 50 6 7 48 7 6 50 7 6 50 7 6 50 7 6 48 12 6 50 12 6 50 12 6 50 12 6 48 13 6 50 13 6 50 13 6 50 13 6 48 14 6 50 14 6 50 14 6 50 14 6 48 15 6 50 15 6 50 15 6 50 15 6 48 3 7 50 3 7 50 3 7 50 3 7 50 3 7 12 6 7 50 6 7 50 6 7 50 6 7 50 6 7 12 7 8 50 7 8 50 7 8 50 7 8 50 7 8 12 12 7 50 12 7 50 12 7 50 12 7 50 12 7 12 13 7 50 13 7 50 13 7 50 13 7 50 13 7 12 14 7 50 14 7 50 14 7 50 14 7 50 14 7 12 15 7 50 15 7 50 15 7 50 15 7 50 15 7 12 3 9 50 3 9 50 3 9 50 3 9 48 6 9 50 6 9 50 6 9 50 6 9 48 7 9 50 7 9 50 7 9 50 7 9 48 12 9 50 12 9 50 12 9 50 12 9 48 13 9 50 13 9 50 13 9 50 13 9 48 14 9 50 14 9 50 14 9 50 14 9 48 15 9 50 15 9 50 15 9 50 15 9 48 3 11 50 3 11 50 3 11 50 3 11 48 6 11 50 6 11 50 6 11 50 6 11 48 7 11 50 7 11 50 7 11 50 7 11 48 12 11 50 12 11 50 12 11 50 12 11 48 13 11 50 13 11 50 13 11 50 13 11 48 14 11 50 14 11 50 14 11 50 14 11 48 15 11 50 15 11 50 15 11 50 15 11 48 3 14 50 3 14 50 3 14 50 3 14 48 6 14 50 6 14 50 6 14 50 6 14 48 7 14 50 7 14 50 7 14 50 7 14 48 12 14 50 12 14 50 12 14 50 12 14 48 13 14 50 13 14 50 13 14 50 13 14 48 14 15 50 14 15 50 14 15 50 14 15 48 15 14 50 15 14 50 15 14 50 15 14 48 3 15 50 3 15 50 3 15 50 3 15 48 6 15 50 6 15 50 6 15 50 6 15 48 7 15 50 7 15 50 7 15 50 7 15 48 12 15 50 12 15 50 12 15 50 12 15 48 13 15 50 13 15 50 13 15 50 13 15 48 14 15 50 14 15 50 14 15 50 14 15 48 15 0 50 15 0 50 15 0 50 15 0 48
11 701 4 4 1 1 6 1 3 6 1 6 7 1 8 6 1
12 702 1 1 1 9 12 1
13 722 10 5 2 4 5 1 10 5 1 11 5 1 13 5 1 15 5 1 4 11 1 10 11 1 11 12 1 13 11 1 15 11 1
14 729 1 1 1 4 13 1
15 732 1 1 1 11 10 1
16 738 3 3 1 7 2 2 8 2 2 12 2 2
17 1245 180 12 15 0 1 4 1 0 4 2 0 4 3 0 4 4 0 4 5 0 4 6 0 4 7 0 4 8 0 4 11 0 4 12 0 4 13 0 4 0 1 4 1 2 4 2 1 4 3 1 4 4 1 4 5 1 4 6 1 4 7 1 4 8 1 4 11 1 4 12 1 4 13 1 4 0 2 4 1 2 4 2 3 4 3 2 4 4 2 4 5 2 4 6 2 4 7 2 4 8 2 4 11 2 4 12 2 4 13 2 4 0 3 4 1 3 4 2 3 4 3 4 4 4 3 4 5 3 4 6 3 4 7 3 4 8 3 4 11 3 4 12 3 4 13 3 4 0 4 4 1 4 4 2 4 4 3 4 4 4 5 4 5 4 4 6 4 4 7 4 4 8 4 4 11 4 4 12 4 4 13 4 4 0 6 8 1 6 8 2 6 8 3 6 8 4 6 8 5 6 8 6 7 8 7 6 8 8 6 8 11 6 8 12 6 8 13 6 8 0 7 5 1 7 5 2 7 5 3 7 5 4 7 5 5 7 5 6 7 5 7 8 5 8 7 5 11 7 5 12 7 5 13 7 5 0 8 4 1 8 4 2 8 4 3 8 4 4 8 4 5 8 4 6 8 4 7 8 4 8 9 4 11 8 4 12 8 4 13 8 4 0 9 4 1 9 4 2 9 4 3 9 4 4 9 4 5 9 4 6 9 4 7 9 4 8 9 4 11 9 4 12 9 4 13 9 4 0 10 4 1 10 4 2 10 4 3 10 4 4 10 4 5 10 4 6 10 4 7 10 4 8 10 4 11 10 4 12 10 4 13 10 4 0 11 4 1 11 4 2 11 4 3 11 4 4 11 4 5 11 4 6 11 4 7 11 4 8 11 4 11 12 4 12 11 4 13 11 4 0 12 4 1 12 4 2 12 4 3 12 4 4 12 4 5 12 4 6 12 4 7 12 4 8 12 4 11 12 4 12 13 4 13 12 4 0 13 4 1 13 4 2 13 4 3 13 4 4 13 4 5 13 4 6 13 4 7 13 4 8 13 4 11 13 4 12 13 4 13 14 4 0 14 4 1 14 4 2 14 4 3 14 4 4 14 4 5 14 4 6 14 4 7 14 4 8 14 4 11 14 4 12 14 4 13 14 4 0 15 4 1 15 4 2 15 4 3 15 4 4 15 4 5 15 4 6 15 4 7 15 4 8 15 4 11 15 4 12 15 4 13 15 4
18 1269 13 13 1 0 10 1 1 10 1 2 10 1 4 10 1 5 10 1 6 10 1 7 10 1 9 10 1 11 10 1 12 10 1 13 10 1 14 10 1 15 10 1
19 1274 1 1 1 4 8 1
20 1319 13 13 1 0 15 1 1 15 1 2 15 1 3 15 1 4 15 1 5 15 1 6 15 1 8 15 1 9 15 1 11 15 1 13 15 1 14 15 1 15 0 1
21 1328 4 4 1 1 0 8 3 0 8 5 0 8 14 0 8
22 1336 2 2 1 5 12 1 15 12 1
23 1337 1 1 1 5 4 1
24 1360 6 2 3 5 1 49 7 1 49 5 4 49 7 4 49 5 11 49 7 11 49
25 1397 15 15 1 0 3 1 1 3 1 2 3 1 3 4 1 4 3 1 6 3 1 7 3 1 8 3 1 9 3 1 10 3 1 11 3 1 12 3 1 13 3 1 14 3 1 15 3 1
26 1412 12 12 1 0 12 1 2 12 1 3 12 1 4 12 1 5 12 1 8 12 1 9 12 1 11 12 1 12 13 1 13 12 1 14 12 1 15 12 1
27 1414 2 2 1 2 12 25 5 12 25
28 1437 11 11 1 0 9 1 1 9 1 2 9 1 4 9 1 5 9 1 8 9 1 9 10 1 10 9 1 12 9 1 13 9 1 15 9 1
29 1469 14 14 1 0 9 1 2 9 1 3 9 1 4 9 1 5 9 1 6 9 1 7 9 1 8 9 1 9 10 1 10 9 1 11 9 1 12 9 1 13 9 1 14 9 1
30 1472 2 2 1 4 13 1 10 13 1
31 1473 1 1 1 6 9 1
32 1481 2 2 1 3 10 1 7 10 1
33 1484 1 1 1 12 2 1
34 1491 3 3 1 3 11 2 5 11 2 15 11 2
35 1517 18 3 1 3 11 50 3 11 50 3 11 50 3 11 50 3 11 50 3 11 29 14 11 50 14 11 50 14 11 50 14 11 50 14 11 50 14 11 29 15 11 50 15 11 50 15 11 50 15 11 50 15 11 50 15 11 29
36 1519 2 2 1 5 4 25 14 4 25
37 1550 14 14 1 0 5 1 1 5 1 2 5 1 4 5 1 6 5 1 7 5 1 8 5 1 9 5 1 10 5 1 11 5 1 12 5 1 13 5 1 14 5 1 15 5 1
38 1557 7 7 1 5 11 1 6 11 1 7 11 1 11 12 1 13 11 1 14 11 1 15 11 1
39 1581 7 7 1 3 2 1 4 2 1 5 2 1 7 2 1 12 2 1 13 2 1 14 2 1
40 1589 7 7 1 1 10 1 4 10 1 8 10 1 11 10 1 13 10 1 14 10 1 15 10 1
41 1590 1 1 1 10 11 1
42 1592 1 1 1 6 9 1
43 1598 3 3 1 7 0 9 11 0 9 12 0 9
44 1601 3 3 1 0 6 1 5 6 1 12 6 1
45 1602 1 1 1 9 14 1
46 1606 2 2 1 9 13 45 10 13 45
47 1608 2 2 1 4 7 24 8 7 24
48 1626 6 3 1 6 11 50 6 11 14 12 11 50 12 11 14 14 11 50 14 11 14
49 1666 15 15 1 1 11 1 2 11 1 3 11 1 4 11 1 5 11 1 6 11 1 7 11 1 8 11 1 9 11 1 10 11 1 11 12 1 12 11 1 13 11 1 14 11 1 15 11 1
50 1674 1 1 1 10 8 1
51 1879 75 15 5 0 4 5 1 4 5 2 4 5 3 4 5 4 5 5 5 4 5 6 4 5 7 4 5 8 4 5 9 4 5 11 4 5 12 4 5 13 4 5 14 4 5 15 4 5 0 5 5 1 5 5 2 5 5 3 5 5 4 5 5 5 6 5 6 5 5 7 5 5 8 5 5 9 5 5 11 5 5 12 5 5 13 5 5 14 5 5 15 5 5 0 8 5 1 8 5 2 8 5 3 8 5 4 8 5 5 8 5 6 8 5 7 8 5 8 9 5 9 8 5 11 8 5 12 8 5 13 8 5 14 8 5 15 8 5 0 11 5 1 11 5 2 11 5 3 11 5 4 11 5 5 11 5 6 11 5 7 11 5 8 11 5 9 11 5 11 12 5 12 11 5 13 11 5 14 11 5 15 11 5 0 12 5 1 12 5 2 12 5 3 12 5 4 12 5 5 12 5 6 12 5 7 12 5 8 12 5 9 12 5 11 12 5 12 13 5 13 12 5 14 12 5 15 12 5
52 1879 1 1 1 2 1 1
53 1896 5 5 1 2 13 1 3 13 1 6 13 1 7 13 1 8 13 1
54 1898 1 1 1 0 10 1
55 1924 13 13 1 1 9 1 2 9 1 3 9 1 6 9 1 7 9 1 8 9 1 9 10 1 10 9 1 11 9 1 12 9 1 13 9 1 14 9 1 15 9 1
56 1931 1 1 1 9 10 1
57 2100 60 15 4 0 4 5 1 4 5 2 4 5 3 4 5 4 5 5 5 4 5 6 4 5 7 4 5 9 4 5 10 4 5 11 4 5 12 4 5 13 4 5 14 4 5 15 4 5 0 5 9 1 5 9 2 5 9 3 5 9 4 5 9 5 6 9 6 5 9 7 5 9 9 5 9 10 5 9 11 5 9 12 5 9 13 5 9 14 5 9 15 5 9 0 6 5 1 6 5 2 6 5 3 6 5 4 6 5 5 6 5 6 7 5 7 6 5 9 6 5 10 6 5 11 6 5 12 6 5 13 6 5 14 6 5 15 6 5 0 8 5 1 8 5 2 8 5 3 8 5 4 8 5 5 8 5 6 8 5 7 8 5 9 8 5 10 8 5 11 8 5 12 8 5 13 8 5 14 8 5 15 8 5
58 2102 1 1 1 2 1 1
59 2152 16 1 16 1 0 2 1 2 1 1 2 2 1 3 1 1 4 1 1 5 1 1 6 1 1 7 1 1 8 2 1 9 1 1 10 1 1 11 1 1 12 1 1 13 1 1 14 2 1 15 1
60 2152 2 2 1 9 4 1 12 4 1
61 2153 1 1 1 5 12 1
62 2186 13 13 1 0 13 1 2 13 1 3 13 1 5 13 1 6 13 1 8 13 1 9 13 1 10 13 1 11 13 1 12 13 1 13 14 1 14 13 1 15 13 1
63 2204 4 2 1 4 11 50 4 11 26 9 11 50 9 11 26
64 2205 1 1 1 6 11 1
65 2216 2 2 1 1 11 1 2 11 1
66 2220 3 3 1 4 3 2 5 3 2 12 3 2
67 2225 1 1 1 11 6 1
68 2388 60 10 3 2 8 50 2 8 21 3 8 50 3 8 21 4 8 50 4 8 21 5 8 50 5 8 21 8 9 50 8 9 21 9 8 50 9 8 21 10 8 50 10 8 21 12 8 50 12 8 21 14 8 50 14 8 21 15 8 50 15 8 21 2 9 50 2 9 21 3 9 50 3 9 21 4 9 50 4 9 21 5 9 50 5 9 21 8 9 50 8 9 21 9 10 50 9 10 21 10 9 50 10 9 21 12 9 50 12 9 21 14 9 50 14 9 21 15 9 50 15 9 21 2 11 50 2 11 8 3 11 50 3 11 8 4 11 50 4 11 8 5 11 50 5 11 8 8 11 50 8 11 8 9 11 50 9 11 8 10 11 50 10 11 8 12 11 50 12 11 8 14 11 50 14 11 8 15 11 50 15 11 8
69 2395 2 2 1 4 0 46 6 0 46
70 2399 1 1 1 14 11 2
71 2416 7 7 1 0 13 1 2 13 1 3 13 1 8 13 1 10 13 1 14 13 1 15 13 1
72 2425 5 5 1 6 2 6 7 2 6 8 2 6 10 2 6 15 2 6
73 2440 6 3 1 7 13 50 7 13 10 9 13 50 9 13 10 13 14 50 13 14 10
74 2446 2 2 1 2 10 24 10 11 24
75 2449 2 2 1 11 15 25 13 15 25
76 2481 7 7 1 0 3 1 4 3 1 6 3 1 7 3 1 8 3 1 13 3 1 14 3 1
77 2487 1 1 1 11 12 1
78 2490 1 1 1 6 11 1
79 2507 12 1 1 3 11 50 3 11 50 3 11 50 3 11 50 3 11 50 3 11 50 3 11 50 3 11 50 3 11 50 3 11 50 3 11 50 3 11 33
80 2516 4 2 1 11 15 50 11 15 26 12 15 50 12 15 26
81 2516 1 1 1 3 7 1
82 2530 13 13 1 0 11 1 1 11 1 2 11 1 3 11 1 4 11 1 6 11 1 7 11 1 8 11 1 10 11 1 11 12 1 13 11 1 14 11 1 15 11 1
83 2537 1 1 1 1 4 2
84 2549 4 4 1 0 10 8 1 10 8 6 10 8 9 10 8
85 2557 4 4 1 3 4 1 8 4 1 12 4 1 14 4 1
86 2593 10 5 2 6 4 1 8 4 1 10 4 1 12 4 1 14 4 1 6 13 1 8 13 1 10 13 1 12 13 1 14 13 1
87 2616 6 3 1 0 13 50 0 13 5 3 13 50 3 13 5 7 13 50 7 13 5
88 2618 1 1 1 6 14 1
89 2619 1 1 1 9 12 1
90 2622 1 1 1 0 11 1
91 2625 2 2 1 0 3 22 4 3 22
92 2625 1 1 1 3 10 1
93 2634 1 1 1 12 11 1
94 2675 13 13 1 0 13 1 1 13 1 2 13 1 3 13 1 4 13 1 6 13 1 7 13 1 8 13 1 9 13 1 10 13 1 11 13 1 13 14 1 15 13 1
95 2677 1 1 1 7 14 1
96 2685 2 2 1 0 12 1 2 12 1
97 2690 1 1 1 10 2 1
98 2721 15 3 5 1 6 1 4 6 1 13 6 1 1 10 1 4 10 1 13 10 1 1 12 1 4 12 1 13 12 1 1 13 1 4 13 1 13 14 1 1 15 1 4 15 1 13 15 1
99 2722 1 1 1 3 4 1
100 2727 2 2 1 5 0 47 14 0 47
101 2741 4 4 1 4 2 32 5 2 32 12 2 32 13 2 32
102 2777 13 13 1 0 10 1 2 10 1 4 10 1 5 10 1 6 10 1 7 10 1 8 10 1 10 11 1 11 10 1 12 10 1 13 10 1 14 10 1 15 10 1
103 2790 1 1 1 13 14 1
104 2792 1 1 1 3 13 1
105 2798 1 1 1 5 0 1
106 2817 7 7 1 2 12 1 3 12 1 6 12 1 9 12 1 11 12 1 13 12 1 14 12 1
107 2823 4 4 1 0 3 1 4 3 1 7 3 1 12 3 1
108 2826 1 1 1 11 8 1
109 2828 1 1 1 1 6 1
110 2869 13 13 1 0 7 1 1 7 1 2 7 1 3 7 1 4 7 1 5 7 1 6 7 1 7 8 1 9 7 1 10 7 1 12 7 1 13 7 1 15 7 1
111 2882 7 7 1 0 5 1 2 5 1 3 5 1 4 5 1 8 5 1 10 5 1 12 5 1
112 2882 1 1 1 12 1 3
113 2886 1 1 1 12 6 1
114 2902 7 7 1 0 3 1 1 3 1 3 4 1 5 3 1 7 3 1 13 3 1 15 3 1
115 2906 1 1 1 6 9 3
116 2966 14 14 1 0 10 1 1 10 1 2 10 1 4 10 1 5 10 1 6 10 1 7 10 1 8 10 1 10 11 1 11 10 1 12 10 1 13 10 1 14 10 1 15 10 1
117 2969 1 1 1 9 14 1
118 2978 1 1 1 4 8 1
119 2983 3 3 1 5 9 9 11 9 9 13 9 9
120 3005 14 14 1 1 15 1 2 15 1 3 15 1 5 15 1 6 15 1 7 15 1 8 15 1 9 15 1 10 15 1 11 15 1 12 15 1 13 15 1 14 15 1 15 0 1
121 3021 2 2 1 2 14 1 14 15 1
122 3039 2 2 1 13 2 19 14 2 19
123 3195 60 15 4 0 1 5 1 0 5 2 0 5 3 0 5 4 0 5 5 0 5 6 0 5 7 0 5 8 0 5 9 0 5 10 0 5 11 0 5 12 0 5 14 0 5 15 0 5 0 4 9 1 4 9 2 4 9 3 4 9 4 5 9 5 4 9 6 4 9 7 4 9 8 4 9 9 4 9 10 4 9 11 4 9 12 4 9 14 4 9 15 4 9 0 11 5 1 11 5 2 11 5 3 11 5 4 11 5 5 11 5 6 11 5 7 11 5 8 11 5 9 11 5 10 11 5 11 12 5 12 11 5 14 11 5 15 11 5 0 14 5 1 14 5 2 14 5 3 14 5 4 14 5 5 14 5 6 14 5 7 14 5 8 14 5 9 14 5 10 14 5 11 14 5 12 14 5 14 15 5 15 14 5
124 3195 1 1 1 9 11 1
125 3200 1 1 1 4 8 1
126 3234 10 5 2 7 3 1 8 3 1 12 3 1 13 3 1 14 3 1 7 10 1 8 10 1 12 10 1 13 10 1 14 10 1
127 3248 4 2 1 11 12 50 11 12 26 13 12 50 13 12 26
128 3270 14 14 1 0 1 1 1 2 1 2 1 1 3 1 1 4 1 1 6 1 1 7 1 1 8 1 1 9 1 1 10 1 1 12 1 1 13 1 1 14 1 1 15 1 1
129 3459 70 14 5 0 1 5 1 2 5 2 1 5 3 1 5 4 1 5 5 1 5 8 1 5 9 1 5 10 1 5 11 1 5 12 1 5 13 1 5 14 1 5 15 1 5 0 3 5 1 3 5 2 3 5 3 4 5 4 3 5 5 3 5 8 3 5 9 3 5 10 3 5 11 3 5 12 3 5 13 3 5 14 3 5 15 3 5 0 5 5 1 5 5 2 5 5 3 5 5 4 5 5 5 6 5 8 5 5 9 5 5 10 5 5 11 5 5 12 5 5 13 5 5 14 5 5 15 5 5 0 7 5 1 7 5 2 7 5 3 7 5 4 7 5 5 7 5 8 7 5 9 7 5 10 7 5 11 7 5 12 7 5 13 7 5 14 7 5 15 7 5 0 14 5 1 14 5 2 14 5 3 14 5 4 14 5 5 14 5 8 14 5 9 14 5 10 14 5 11 14 5 12 14 5 13 14 5 14 15 5 15 14 5
130 3459 1 1 1 9 3 1
131 3462 1 1 1 13 14 1
132 3501 10 5 2 0 10 1 3 10 1 5 10 1 10 11 1 15 10 1 0 15 1 3 15 1 5 15 1 10 15 1 15 0 1
133 3517 6 3 1 5 1 50 5 1 12 7 1 50 7 1 12 14 1 50 14 1 12
134 3557 13 13 1 0 6 1 1 6 1 2 6 1 3 6 1 4 6 1 5 6 1 6 7 1 7 6 1 8 6 1 10 6 1 11 6 1 13 6 1 14 6 1
135 3565 2 2 1 9 3 1 10 3 1
136 3573 7 7 1 1 8 1 2 8 1 6 8 1 8 9 1 9 8 1 10 8 1 11 8 1
137 3595 10 5 2 0 2 1 10 2 1 12 2 1 14 2 1 15 2 1 0 8 1 10 8 1 12 8 1 14 8 1 15 8 1
138 3596 1 1 1 14 12 1
139 3725 60 15 4 0 3 5 1 3 5 2 3 5 3 4 5 4 3 5 5 3 5 6 3 5 7 3 5 8 3 5 9 3 5 11 3 5 12 3 5 13 3 5 14 3 5 15 3 5 0 4 9 1 4 9 2 4 9 3 4 9 4 5 9 5 4 9 6 4 9 7 4 9 8 4 9 9 4 9 11 4 9 12 4 9 13 4 9 14 4 9 15 4 9 0 10 5 1 10 5 2 10 5 3 10 5 4 10 5 5 10 5 6 10 5 7 10 5 8 10 5 9 10 5 11 10 5 12 10 5 13 10 5 14 10 5 15 10 5 0 11 5 1 11 5 2 11 5 3 11 5 4 11 5 5 11 5 6 11 5 7 11 5 8 11 5 9 11 5 11 12 5 12 11 5 13 11 5 14 11 5 15 11 5
140 3801 24 8 3 5 0 29 6 0 29 8 0 29 10 0 29 11 0 29 12 0 29 13 0 29 14 0 29 5 9 26 6 9 26 8 9 26 10 9 26 11 9 26 12 9 26 13 9 26 14 9 26 5 11 26 6 11 26 8 11 26 10 11 26 11 12 26 12 11 26 13 11 26 14 11 26
141 3814 7 7 1 0 10 1 1 10 1 6 10 1 7 10 1 9 10 1 11 10 1 12 10 1
142 3817 1 1 1 13 6 1
143 3827 4 4 1 2 6 1 4 6 1 5 6 1 8 6 1
144 3833 1 1 1 12 13 1
145 3833 1 1 1 3 5 1
146 3854 10 5 2 6 1 1 7 1 1 9 1 1 11 1 1 15 1 1 6 5 1 7 5 1 9 5 1 11 5 1 15 5 1
147 3856 1 1 1 2 1 1
148 3858 1 1 1 6 3 1
149 3871 7 7 1 0 7 1 2 7 1 3 7 1 6 7 1 7 8 1 12 7 1 14 7 1
150 3872 1 1 1 9 7 1
151 3873 1 1 1 12 6 1
152 3873 1 1 1 12 13 1
153 3876 1 1 1 14 7 1
154 3877 1 1 1 6 14 1
155 3927 14 14 1 0 14 1 1 14 1 2 14 1 3 14 1 4 14 1 5 14 1 6 14 1 7 14 1 8 14 1 9 14 1 11 14 1 12 14 1 14 15 1 15 14 1
156 3930 1 1 1 12 5 1
157 3936 1 1 1 11 4 1
158 3967 14 14 1 0 14 1 1 14 1 2 14 1 3 14 1 4 14 1 5 14 1 6 14 1 7 14 1 8 14 1 10 14 1 12 14 1 13 14 1 14 15 1 15 14 1
159 3971 1 1 1 9 0 2
160 4006 14 14 1 1 2 1 2 3 1 3 2 1 4 2 1 5 2 1 6 2 1 7 2 1 8 2 1 9 2 1 11 2 1 12 2 1 13 2 1 14 2 1 15 2 1
161 4015 3 3 1 3 5 1 6 5 1 10 5 1
162 4020 2 2 1 2 5 31 4 5 31
163 4021 1 1 1 9 12 1
164 4060 14 14 1 0 15 1 1 15 1 2 15 1 3 15 1 4 15 1 5 15 1 7 15 1 8 15 1 9 15 1 10 15 1 11 15 1 12 15 1 13 15 1 14 15 1
165 4068 7 7 1 2 10 1 4 10 1 5 10 1 6 10 1 9 10 1 11 10 1 12 10 1
166 4084 6 3 1 0 4 50 0 4 10 4 5 50 4 5 10 9 4 50 9 4 10
167 4091 1 1 1 6 5 1
168 4099 6 3 1 0 5 50 0 5 10 7 5 50 7 5 10 8 5 50 8 5 10
169 4120 4 4 1 6 5 32 9 5 32 12 5 32 15 5 32
170 4124 3 3 1 1 5 1 2 5 1 10 5 1
171 4141 6 2 1 9 10 50 9 10 50 9 10 38 10 9 50 10 9 50 10 9 38
172 4145 1 1 1 11 5 1
173 4160 6 2 3 5 3 49 7 3 49 5 4 49 7 4 49 5 8 49 7 8 49
174 4182 13 1 1 6 14 50 6 14 50 6 14 50 6 14 50 6 14 50 6 14 50 6 14 50 6 14 50 6 14 50 6 14 50 6 14 50 6 14 50 6 14 38
175 4201 7 7 1 0 15 1 1 15 1 3 15 1 9 15 1 11 15 1 14 15 1 15 0 1
176 4206 2 2 1 8 9 1 11 9 1
177 4261 30 10 3 0 8 1 3 8 1 5 8 1 6 8 1 8 9 1 9 8 1 12 8 1 13 8 1 14 8 1 15 8 1 0 9 1 3 9 1 5 9 1 6 9 1 8 9 1 9 10 1 12 9 1 13 9 1 14 9 1 15 9 1 0 15 1 3 15 1 5 15 1 6 15 1 8 15 1 9 15 1 12 15 1 13 15 1 14 15 1 15 0 1
178 4264 1 1 1 7 2 1
179 4279 7 7 1 0 11 1 6 11 1 7 11 1 10 11 1 11 12 1 14 11 1 15 11 1
180 4292 7 7 1 3 8 1 6 8 1 10 8 1 11 8 1 12 8 1 13 8 1 15 8 1
181 4292 1 1 1 6 2 1
182 4293 1 1 1 5 2 7
183 4303 4 4 1 8 15 32 10 15 32 12 15 32 13 15 32
184 4341 14 14 1 0 2 1 1 2 1 2 3 1 3 2 1 4 2 1 5 2 1 6 2 1 7 2 1 8 2 1 10 2 1 11 2 1 13 2 1 14 2 1 15 2 1
185 4349 2 2 1 4 2 1 5 2 1
186 4367 6 3 1 4 2 50 4 2 13 6 2 50 6 2 13 9 2 50 9 2 13
187 4536 60 15 4 0 2 5 1 2 5 3 2 5 4 2 5 5 2 5 6 2 5 7 2 5 8 2 5 9 2 5 10 2 5 11 2 5 12 2 5 13 2 5 14 2 5 15 2 5 0 5 9 1 5 9 3 5 9 4 5 9 5 6 9 6 5 9 7 5 9 8 5 9 9 5 9 10 5 9 11 5 9 12 5 9 13 5 9 14 5 9 15 5 9 0 14 5 1 14 5 3 14 5 4 14 5 5 14 5 6 14 5 7 14 5 8 14 5 9 14 5 10 14 5 11 14 5 12 14 5 13 14 5 14 15 5 15 14 5 0 15 5 1 15 5 3 15 5 4 15 5 5 15 5 6 15 5 7 15 5 8 15 5 9 15 5 10 15 5 11 15 5 12 15 5 13 15 5 14 15 5 15 0 5
188 4537 1 1 1 14 8 1
189 4540 2 2 1 8 3 31 15 3 31
190 4701 75 15 5 0 1 4 1 2 4 2 1 4 3 1 4 4 1 4 5 1 4 6 1 4 7 1 4 9 1 4 10 1 4 11 1 4 12 1 4 13 1 4 14 1 4 15 1 4 0 2 4 1 2 4 2 3 4 3 2 4 4 2 4 5 2 4 6 2 4 7 2 4 9 2 4 10 2 4 11 2 4 12 2 4 13 2 4 14 2 4 15 2 4 0 8 4 1 8 4 2 8 4 3 8 4 4 8 4 5 8 4 6 8 4 7 8 4 9 8 4 10 8 4 11 8 4 12 8 4 13 8 4 14 8 4 15 8 4 0 10 4 1 10 4 2 10 4 3 10 4 4 10 4 5 10 4 6 10 4 7 10 4 9 10 4 10 11 4 11 10 4 12 10 4 13 10 4 14 10 4 15 10 4 0 14 4 1 14 4 2 14 4 3 14 4 4 14 4 5 14 4 6 14 4 7 14 4 9 14 4 10 14 4 11 14 4 12 14 4 13 14 4 14 15 4 15 14 4
191 4706 2 2 1 5 14 21 7 14 21
192 4710 2 2 1 2 3 22 4 2 22
193 4711 1 1 1 2 12 1
194 4757 13 13 1 0 7 1 1 7 1 2 7 1 3 7 1 4 7 1 5 7 1 6 7 1 8 7 1 9 7 1 10 7 1 11 7 1 12 7 1 15 7 1
195 4758 1 1 1 9 6 1
196 4777 12 6 2 2 5 1 3 5 1 10 5 1 12 5 1 13 5 1 14 5 1 2 13 1 3 13 1 10 13 1 12 13 1 13 14 1 14 13 1
197 4786 1 1 1 6 11 1
198 4818 13 13 1 0 1 1 1 0 1 2 0 1 3 0 1 4 0 1 5 0 1 8 0 1 10 0 1 11 0 1 12 0 1 13 0 1 14 0 1 15 0 1
199 4830 10 5 2 5 9 1 7 9 1 9 10 1 12 9 1 13 9 1 5 14 1 7 14 1 9 14 1 12 14 1 13 14 1
200 4830 1 1 1 10 8 1
201 4871 14 14 1 0 12 1 1 12 1 2 12 1 3 12 1 4 12 1 6 12 1 7 12 1 8 12 1 9 12 1 10 12 1 11 12 1 12 13 1 13 12 1 15 12 1
202 4872 2 2 1 2 4 19 5 4 19
203 4929 24 8 3 0 3 29 3 4 29 7 3 29 8 3 29 9 3 29 11 3 29 13 3 29 14 3 29 0 10 26 3 10 26 7 10 26 8 10 26 9 10 26 11 10 26 13 10 26 14 10 26 0 12 26 3 12 26 7 12 26 8 12 26 9 12 26 11 12 26 13 12 26 14 12 26
204 4956 14 14 1 0 4 1 2 4 1 3 4 1 4 5 1 5 4 1 6 4 1 7 4 1 8 4 1 9 4 1 11 4 1 12 4 1 13 4 1 14 4 1 15 4 1
205 4973 7 7 1 2 6 1 5 6 1 6 7 1 7 6 1 8 6 1 13 6 1 14 6 1
206 4973 1 1 1 7 9 1
207 5002 10 5 2 0 1 1 10 0 1 11 0 1 12 0 1 15 0 1 0 12 1 10 12 1 11 12 1 12 13 1 15 12 1
208 5002 1 1 1 7 13 1
209 5079 30 10 3 0 4 1 1 4 1 3 4 1 4 5 1 5 4 1 11 4 1 12 4 1 13 4 1 14 4 1 15 4 1 0 9 1 1 9 1 3 9 1 4 9 1 5 9 1 11 9 1 12 9 1 13 9 1 14 9 1 15 9 1 0 10 1 1 10 1 3 10 1 4 10 1 5 10 1 11 10 1 12 10 1 13 10 1 14 10 1 15 10 1
210 5082 2 2 1 0 5 46 4 5 46
211 5088 2 2 1 0 2 24 14 2 24
212 5092 2 2 1 12 9 20 15 9 20
213 5093 1 1 1 0 13 6
214 5095 1 1 1 15 14 1
215 5097 1 1 1 15 7 1
216 5105 2 2 1 5 15 41 8 15 41
217 5105 1 1 1 2 3 1
218 5120 6 3 1 3 11 50 3 11 12 11 12 50 11 12 12 12 11 50 12 11 12
219 5132 6 3 1 0 10 50 0 10 10 6 10 50 6 10 10 7 10 50 7 10 10
220 5165 13 13 1 0 5 1 1 5 1 2 5 1 3 5 1 4 5 1 5 6 1 6 5 1 7 5 1 10 5 1 11 5 1 13 5 1 14 5 1 15 5 1
221 5169 2 2 1 5 10 1 14 10 1
222 5216 24 4 1 3 9 50 3 9 50 3 9 50 3 9 50 3 9 50 3 9 45 4 9 50 4 9 50 4 9 50 4 9 50 4 9 50 4 9 45 8 9 50 8 9 50 8 9 50 8 9 50 8 9 50 8 9 45 14 9 50 14 9 50 14 9 50 14 9 50 14 9 50 14 9 45
223 5221 2 2 1 6 0 1 10 0 1
224 5222 1 1 1 2 3 1
225 5225 2 2 1 10 3 2 11 3 2
226 5237 7 7 1 3 0 1 5 0 1 7 0 1 10 0 1 11 0 1 12 0 1 15 0 1
227 5247 2 2 1 4 0 1 6 0 1
228 5248 2 2 1 6 4 25 7 4 25
229 5415 75 15 5 0 4 5 1 4 5 2 4 5 3 4 5 4 5 5 5 4 5 6 4 5 8 4 5 9 4 5 10 4 5 11 4 5 12 4 5 13 4 5 14 4 5 15 4 5 0 6 5 1 6 5 2 6 5 3 6 5 4 6 5 5 6 5 6 7 5 8 6 5 9 6 5 10 6 5 11 6 5 12 6 5 13 6 5 14 6 5 15 6 5 0 8 5 1 8 5 2 8 5 3 8 5 4 8 5 5 8 5 6 8 5 8 9 5 9 8 5 10 8 5 11 8 5 12 8 5 13 8 5 14 8 5 15 8 5 0 9 5 1 9 5 2 9 5 3 9 5 4 9 5 5 9 5 6 9 5 8 9 5 9 10 5 10 9 5 11 9 5 12 9 5 13 9 5 14 9 5 15 9 5 0 14 5 1 14 5 2 14 5 3 14 5 4 14 5 5 14 5 6 14 5 8 14 5 9 14 5 10 14 5 11 14 5 12 14 5 13 14 5 14 15 5 15 14 5
230 5429 1 1 1 1 2 1
231 5430 1 1 1 8 4 1
232 5559 60 10 3 0 3 50 0 3 21 1 3 50 1 3 21 3 4 50 3 4 21 5 3 50 5 3 21 6 3 50 6 3 21 8 3 50 8 3 21 9 3 50 9 3 21 10 3 50 10 3 21 11 3 50 11 3 21 12 3 50 12 3 21 0 8 50 0 8 21 1 8 50 1 8 21 3 8 50 3 8 21 5 8 50 5 8 21 6 8 50 6 8 21 8 9 50 8 9 21 9 8 50 9 8 21 10 8 50 10 8 21 11 8 50 11 8 21 12 8 50 12 8 21 0 10 50 0 10 8 1 10 50 1 10 8 3 10 50 3 10 8 5 10 50 5 10 8 6 10 50 6 10 8 8 10 50 8 10 8 9 10 50 9 10 8 10 11 50 10 11 8 11 10 50 11 10 8 12 10 50 12 10 8
233 5567 3 3 1 4 5 1 7 5 1 14 5 1
234 5568 1 1 1 10 8 1
235 5589 7 7 1 2 12 1 6 12 1 7 12 1 10 12 1 11 12 1 13 12 1 14 12 1
236 5607 7 7 1 1 6 1 5 6 1 6 7 1 7 6 1 11 6 1 13 6 1 15 6 1
237 5613 3 3 1 0 4 1 6 4 1 10 4 1
238 5629 7 7 1 0 8 1 4 8 1 6 8 1 9 8 1 12 8 1 13 8 1 15 8 1
239 5630 1 1 1 9 4 1
240 5658 13 13 1 0 9 1 2 9 1 3 9 1 4 9 1 5 9 1 6 9 1 7 9 1 9 10 1 10 9 1 12 9 1 13 9 1 14 9 1 15 9 1
241 5665 2 2 1 6 1 25 11 1 25
242 5667 1 1 1 14 7 1
243 5677 2 2 1 5 13 24 6 13 24
244 5693 3 3 1 6 3 2 8 3 2 10 3 2
245 5707 6 3 1 0 9 50 0 9 10 2 9 50 2 9 10 11 9 50 11 9 10
246 5709 1 1 1 15 0 11
247 5729 7 7 1 4 3 1 5 3 1 9 3 1 10 3 1 11 3 1 12 3 1 15 3 1
248 5730 1 1 1 14 11 1
249 6166 182 13 14 0 1 40 1 0 40 2 0 40 3 0 40 4 0 40 6 0 40 7 0 40 9 0 40 10 0 40 12 0 40 13 0 40 14 0 40 15 0 40 0 1 20 1 2 20 2 1 20 3 1 20 4 1 20 6 1 20 7 1 20 9 1 20 10 1 20 12 1 20 13 1 20 14 1 20 15 1 20 0 3 20 1 3 20 2 3 20 3 4 20 4 3 20 6 3 20 7 3 20 9 3 20 10 3 20 12 3 20 13 3 20 14 3 20 15 3 20 0 5 20 1 5 20 2 5 20 3 5 20 4 5 20 6 5 20 7 5 20 9 5 20 10 5 20 12 5 20 13 5 20 14 5 20 15 5 20 0 6 20 1 6 20 2 6 20 3 6 20 4 6 20 6 7 20 7 6 20 9 6 20 10 6 20 12 6 20 13 6 20 14 6 20 15 6 20 0 7 20 1 7 20 2 7 20 3 7 20 4 7 20 6 7 20 7 8 20 9 7 20 10 7 20 12 7 20 13 7 20 14 7 20 15 7 20 0 8 23 1 8 23 2 8 23 3 8 23 4 8 23 6 8 23 7 8 23 9 8 23 10 8 23 12 8 23 13 8 23 14 8 23 15 8 23 0 9 20 1 9 20 2 9 20 3 9 20 4 9 20 6 9 20 7 9 20 9 10 20 10 9 20 12 9 20 13 9 20 14 9 20 15 9 20 0 10 20 1 10 20 2 10 20 3 10 20 4 10 20 6 10 20 7 10 20 9 10 20 10 11 20 12 10 20 13 10 20 14 10 20 15 10 20 0 11 41 1 11 41 2 11 41 3 11 41 4 11 41 6 11 41 7 11 41 9 11 41 10 11 41 12 11 41 13 11 41 14 11 41 15 11 41 0 12 20 1 12 20 2 12 20 3 12 20 4 12 20 6 12 20 7 12 20 9 12 20 10 12 20 12 13 20 13 12 20 14 12 20 15 12 20 0 13 20 1 13 20 2 13 20 3 13 20 4 13 20 6 13 20 7 13 20 9 13 20 10 13 20 12 13 20 13 14 20 14 13 20 15 13 20 0 14 20 1 14 20 2 14 20 3 14 20 4 14 20 6 14 20 7 14 20 9 14 20 10 14 20 12 14 20 13 14 20 14 15 20 15 14 20 0 15 20 1 15 20 2 15 20 3 15 20 4 15 20 6 15 20 7 15 20 9 15 20 10 15 20 12 15 20 13 15 20 14 15 20 15 0 20
250 6167 1 1 1 6 10 1
251 6183 7 7 1 0 11 1 5 11 1 7 11 1 8 11 1 11 12 1 13 11 1 14 11 1
252 6206 10 5 2 1 3 1 2 3 1 4 3 1 5 3 1 12 3 1 1 11 1 2 11 1 4 11 1 5 11 1 12 11 1
253 6213 2 2 1 2 15 1 12 15 1
254 6221 4 4 1 2 10 8 5 10 8 10 11 8 11 10 8
255 6225 1 1 1 8 2 7
256 6248 14 14 1 0 7 1 1 7 1 3 7 1 4 7 1 5 7 1 6 7 1 7 8 1 8 7 1 10 7 1 11 7 1 12 7 1 13 7 1 14 7 1 15 7 1
257 6256 3 3 1 7 8 1 10 8 1 12 8 1
258 6261 1 1 1 12 10 1
259 6264 2 2 1 2 14 1 4 14 1
260 6266 1 1 1 4 7 6
261 6267 1 1 1 9 5 1
262 6275 1 1 1 4 0 1
263 6277 1 1 1 13 2 1
264 6282 2 2 1 8 0 31 11 0 31
265 6325 13 13 1 0 15 1 1 15 1 2 15 1 4 15 1 5 15 1 6 15 1 7 15 1 9 15 1 10 15 1 11 15 1 12 15 1 13 15 1 14 15 1
266 6328 2 2 1 0 11 1 9 11 1
267 6328 1 1 1 12 5 1
268 6329 1 1 1 12 3 1
269 6331 2 2 1 10 11 20 15 11 20
270 6380 14 14 1 0 5 1 1 5 1 2 5 1 3 5 1 5 6 1 6 5 1 7 5 1 8 5 1 9 5 1 11 5 1 12 5 1 13 5 1 14 5 1 15 5 1
271 6403 7 7 1 0 15 1 1 15 1 6 15 1 9 15 1 10 15 1 12 15 1 15 0 1
272 6407 1 1 1 9 11 6
273 6408 1 1 1 13 12 1
274 6410 2 2 1 0 10 24 12 10 24
275 6419 4 4 1 4 5 1 8 4 1 11 4 1 15 4 1
276 6949 225 15 15 0 1 8 1 0 8 2 0 8 3 0 8 4 0 8 5 0 8 6 0 8 7 0 8 9 0 8 10 0 8 11 0 8 12 0 8 13 0 8 14 0 8 15 0 8 0 1 8 1 2 8 2 1 8 3 1 8 4 1 8 5 1 8 6 1 8 7 1 8 9 1 8 10 1 8 11 1 8 12 1 8 13 1 8 14 1 8 15 1 8 0 2 8 1 2 8 2 3 8 3 2 8 4 2 8 5 2 8 6 2 8 7 2 8 9 2 8 10 2 8 11 2 8 12 2 8 13 2 8 14 2 8 15 2 8 0 3 8 1 3 8 2 3 8 3 4 8 4 3 8 5 3 8 6 3 8 7 3 8 9 3 8 10 3 8 11 3 8 12 3 8 13 3 8 14 3 8 15 3 8 0 4 8 1 4 8 2 4 8 3 4 8 4 5 8 5 4 8 6 4 8 7 4 8 9 4 8 10 4 8 11 4 8 12 4 8 13 4 8 14 4 8 15 4 8 0 5 8 1 5 8 2 5 8 3 5 8 4 5 8 5 6 8 6 5 8 7 5 8 9 5 8 10 5 8 11 5 8 12 5 8 13 5 8 14 5 8 15 5 8 0 6 8 1 6 8 2 6 8 3 6 8 4 6 8 5 6 8 6 7 8 7 6 8 9 6 8 10 6 8 11 6 8 12 6 8 13 6 8 14 6 8 15 6 8 0 8 16 1 8 16 2 8 16 3 8 16 4 8 16 5 8 16 6 8 16 7 8 16 9 8 16 10 8 16 11 8 16 12 8 16 13 8 16 14 8 16 15 8 16 0 9 8 1 9 8 2 9 8 3 9 8 4 9 8 5 9 8 6 9 8 7 9 8 9 10 8 10 9 8 11 9 8 12 9 8 13 9 8 14 9 8 15 9 8 0 10 8 1 10 8 2 10 8 3 10 8 4 10 8 5 10 8 6 10 8 7 10 8 9 10 8 10 11 8 11 10 8 12 10 8 13 10 8 14 10 8 15 10 8 0 11 9 1 11 9 2 11 9 3 11 9 4 11 9 5 11 9 6 11 9 7 11 9 9 11 9 10 11 9 11 12 9 12 11 9 13 11 9 14 11 9 15 11 9 0 12 8 1 12 8 2 12 8 3 12 8 4 12 8 5 12 8 6 12 8 7 12 8 9 12 8 10 12 8 11 12 8 12 13 8 13 12 8 14 12 8 15 12 8 0 13 8 1 13 8 2 13 8 3 13 8 4 13 8 5 13 8 6 13 8 7 13 8 9 13 8 10 13 8 11 13 8 12 13 8 13 14 8 14 13 8 15 13 8 0 14 8 1 14 8 2 14 8 3 14 8 4 14 8 5 14 8 6 14 8 7 14 8 9 14 8 10 14 8 11 14 8 12 14 8 13 14 8 14 15 8 15 14 8 0 15 8 1 15 8 2 15 8 3 15 8 4 15 8 5 15 8 6 15 8 7 15 8 9 15 8 10 15 8 11 15 8 12 15 8 13 15 8 14 15 8 15 0 8
277 7463 203 7 7 3 4 50 3 4 50 3 4 50 3 4 48 4 5 50 4 5 50 4 5 50 4 5 48 6 4 50 6 4 50 6 4 50 6 4 48 9 4 50 9 4 50 9 4 50 9 4 48 11 4 50 11 4 50 11 4 50 11 4 48 13 4 50 13 4 50 13 4 50 13 4 48 15 4 50 15 4 50 15 4 50 15 4 48 3 5 50 3 5 50 3 5 50 3 5 48 4 5 50 4 5 50 4 5 50 4 5 48 6 5 50 6 5 50 6 5 50 6 5 48 9 5 50 9 5 50 9 5 50 9 5 48 11 5 50 11 5 50 11 5 50 11 5 48 13 5 50 13 5 50 13 5 50 13 5 48 15 5 50 15 5 50 15 5 50 15 5 48 3 9 50 3 9 50 3 9 50 3 9 50 3 9 12 4 9 50 4 9 50 4 9 50 4 9 50 4 9 12 6 9 50 6 9 50 6 9 50 6 9 50 6 9 12 9 10 50 9 10 50 9 10 50 9 10 50 9 10 12 11 9 50 11 9 50 11 9 50 11 9 50 11 9 12 13 9 50 13 9 50 13 9 50 13 9 50 13 9 12 15 9 50 15 9 50 15 9 50 15 9 50 15 9 12 3 12 50 3 12 50 3 12 50 3 12 48 4 12 50 4 12 50 4 12 50 4 12 48 6 12 50 6 12 50 6 12 50 6 12 48 9 12 50 9 12 50 9 12 50 9 12 48 11 12 50 11 12 50 11 12 50 11 12 48 13 12 50 13 12 50 13 12 50 13 12 48 15 12 50 15 12 50 15 12 50 15 12 48 3 13 50 3 13 50 3 13 50 3 13 48 4 13 50 4 13 50 4 13 50 4 13 48 6 13 50 6 13 50 6 13 50 6 13 48 9 13 50 9 13 50 9 13 50 9 13 48 11 13 50 11 13 50 11 13 50 11 13 48 13 14 50 13 14 50 13 14 50 13 14 48 15 13 50 15 13 50 15 13 50 15 13 48 3 14 50 3 14 50 3 14 50 3 14 48 4 14 50 4 14 50 4 14 50 4 14 48 6 14 50 6 14 50 6 14 50 6 14 48 9 14 50 9 14 50 9 14 50 9 14 48 11 14 50 11 14 50 11 14 50 11 14 48 13 14 50 13 14 50 13 14 50 13 14 48 15 14 50 15 14 50 15 14 50 15 14 48 3 15 50 3 15 50 3 15 50 3 15 48 4 15 50 4 15 50 4 15 50 4 15 48 6 15 50 6 15 50 6 15 50 6 15 48 9 15 50 9 15 50 9 15 50 9 15 48 11 15 50 11 15 50 11 15 50 11 15 48 13 15 50 13 15 50 13 15 50 13 15 48 15 0 50 15 0 50 15 0 50 15 0 48
278 7467 1 1 1 7 5 1
279 7504 13 13 1 0 2 1 1 2 1 2 3 1 3 2 1 4 2 1 5 2 1 6 2 1 7 2 1 9 2 1 10 2 1 11 2 1 14 2 1 15 2 1
280 7508 1 1 1 14 6 1
281 7543 13 13 1 0 9 1 2 9 1 3 9 1 4 9 1 6 9 1 7 9 1 8 9 1 9 10 1 10 9 1 11 9 1 12 9 1 13 9 1 14 9 1
282 7544 2 2 1 11 8 21 12 8 21
283 7556 2 2 1 3 8 25 15 8 25
284 7586 13 13 1 0 15 1 1 15 1 2 15 1 3 15 1 4 15 1 5 15 1 6 15 1 9 15 1 11 15 1 12 15 1 13 15 1 14 15 1 15 0 1
285 7608 7 7 1 2 1 1 3 1 1 4 1 1 5 1 1 6 1 1 9 1 1 12 1 1
286 7610 1 1 1 1 12 1
287 7614 1 1 1 0 15 1
288 7645 14 14 1 0 5 1 1 5 1 2 5 1 3 5 1 4 5 1 5 6 1 7 5 1 9 5 1 10 5 1 11 5 1 12 5 1 13 5 1 14 5 1 15 5 1
289 7645 1 1 1 14 6 1
290 7669 7 7 1 1 3 1 2 3 1 3 4 1 5 3 1 13 3 1 14 3 1 15 3 1
291 7669 1 1 1 6 11 1
292 7714 13 13 1 1 7 1 3 7 1 4 7 1 5 7 1 6 7 1 7 8 1 8 7 1 10 7 1 11 7 1 12 7 1 13 7 1 14 7 1 15 7 1
293 7727 3 3 1 3 15 1 4 15 1 15 0 1
294 7763 14 14 1 0 1 1 1 0 1 2 0 1 4 0 1 5 0 1 6 0 1 8 0 1 9 0 1 10 0 1 11 0 1 12 0 1 13 0 1 14 0 1 15 0 1
295 7766 1 1 1 1 7 1
296 7772 4 2 1 0 10 50 0 10 2 12 10 50 12 10 2
297 7780 6 3 1 6 7 50 6 7 3 7 6 50 7 6 3 11 6 50 11 6 3
298 7813 15 15 1 0 9 1 1 9 1 2 9 1 3 9 1 4 9 1 5 9 1 6 9 1 7 9 1 8 9 1 9 10 1 11 9 1 12 9 1 13 9 1 14 9 1 15 9 1
299 7816 1 1 1 5 2 1
300 7818 1 1 1 6 8 1
301 7847 6 6 1 0 2 1 1 2 1 3 2 1 8 2 1 9 2 1 12 2 1
302 7878 10 5 2 0 10 1 1 10 1 9 10 1 12 10 1 15 10 1 0 14 1 1 14 1 9 14 1 12 14 1 15 14 1
303 7947 24 8 3 3 0 29 7 0 29 8 0 29 9 0 29 11 0 29 12 0 29 14 0 29 15 0 29 3 7 26 7 8 26 8 7 26 9 7 26 11 7 26 12 7 26 14 7 26 15 7 26 3 14 26 7 14 26 8 14 26 9 14 26 11 14 26 12 14 26 14 15 26 15 14 26
304 7974 15 15 1 0 12 1 1 12 1 2 12 1 3 12 1 4 12 1 5 12 1 6 12 1 8 12 1 9 12 1 10 12 1 11 12 1 12 13 1 13 12 1 14 12 1 15 12 1
305 7974 1 1 1 5 7 1
306 7975 1 1 1 10 0 1
307 7978 1 1 1 14 7 1
308 8010 14 14 1 0 4 1 1 4 1 2 4 1 3 4 1 4 5 1 5 4 1 6 4 1 9 4 1 10 4 1 11 4 1 12 4 1 13 4 1 14 4 1 15 4 1
309 8014 1 1 1 1 8 1
310 8060 13 13 1 0 11 1 1 11 1 4 11 1 6 11 1 7 11 1 8 11 1 9 11 1 10 11 1 11 12 1 12 11 1 13 11 1 14 11 1 15 11 1
311 8083 7 7 1 1 8 1 3 8 1 5 8 1 11 8 1 12 8 1 14 8 1 15 8 1
312 8085 4 4 1 2 10 1 9 10 1 12 10 1 13 10 1
313 8090 2 2 1 1 4 45 5 4 45
314 8091 1 1 1 3 12 1
315 8125 10 5 2 1 0 1 5 0 1 6 0 1 9 0 1 12 0 1 1 2 1 5 1 1 6 1 1 9 1 1 12 1 1
316 8156 11 1 11 10 0 3 10 3 3 10 4 3 10 5 6 10 6 3 10 8 2 10 11 6 10 11 3 10 12 3 10 14 3 10 15 3
317 8169 1 1 1 10 11 1
318 8206 14 14 1 0 5 1 2 5 1 3 5 1 4 5 1 5 6 1 6 5 1 7 5 1 8 5 1 9 5 1 11 5 1 12 5 1 13 5 1 14 5 1 15 5 1
319 8219 6 2 1 0 1 50 0 1 50 0 1 23 13 0 50 13 0 50 13 0 23
320 8227 2 2 1 10 2 19 15 2 19
321 8237 1 1 1 11 3 1
322 8255 7 7 1 1 12 1 4 12 1 7 12 1 8 12 1 12 13 1 13 12 1 14 12 1
323 8279 10 5 2 1 4 1 4 5 1 5 4 1 6 4 1 8 4 1 1 8 1 4 8 1 5 8 1 6 8 1 8 9 1
324 8477 75 15 5 0 1 5 1 2 5 2 1 5 4 1 5 5 1 5 6 1 5 7 1 5 8 1 5 9 1 5 10 1 5 11 1 5 12 1 5 13 1 5 14 1 5 15 1 5 0 3 5 1 3 5 2 3 5 4 3 5 5 3 5 6 3 5 7 3 5 8 3 5 9 3 5 10 3 5 11 3 5 12 3 5 13 3 5 14 3 5 15 3 5 0 4 5 1 4 5 2 4 5 4 5 5 5 4 5 6 4 5 7 4 5 8 4 5 9 4 5 10 4 5 11 4 5 12 4 5 13 4 5 14 4 5 15 4 5 0 9 5 1 9 5 2 9 5 4 9 5 5 9 5 6 9 5 7 9 5 8 9 5 9 10 5 10 9 5 11 9 5 12 9 5 13 9 5 14 9 5 15 9 5 0 12 5 1 12 5 2 12 5 4 12 5 5 12 5 6 12 5 7 12 5 8 12 5 9 12 5 10 12 5 11 12 5 12 13 5 13 12 5 14 12 5 15 12 5
325 8504 10 5 2 2 0 1 4 0 1 5 0 1 6 0 1 13 0 1 2 9 1 4 9 1 5 9 1 6 9 1 13 9 1
326 8524 13 13 1 0 12 1 1 12 1 3 12 1 4 12 1 5 12 1 6 12 1 7 12 1 8 12 1 10 12 1 11 12 1 12 13 1 14 12 1 15 12 1
327 8546 12 1 1 1 12 50 1 12 50 1 12 50 1 12 50 1 12 50 1 12 50 1 12 50 1 12 50 1 12 50 1 12 50 1 12 50 1 12 33
328 8724 60 4 15 1 0 2 8 0 2 10 0 2 12 0 2 1 2 2 8 1 2 10 1 2 12 1 2 1 2 2 8 2 2 10 2 2 12 2 2 1 3 2 8 3 2 10 3 2 12 3 2 1 4 2 8 4 2 10 4 2 12 4 2 1 5 5 8 5 5 10 5 5 12 5 5 1 6 3 8 6 3 10 6 3 12 6 3 1 7 2 8 7 2 10 7 2 12 7 2 1 8 2 8 9 2 10 8 2 12 8 2 1 10 2 8 10 2 10 11 2 12 10 2 1 11 2 8 11 2 10 11 2 12 11 2 1 12 2 8 12 2 10 12 2 12 13 2 1 13 2 8 13 2 10 13 2 12 13 2 1 14 2 8 14 2 10 14 2 12 14 2 1 15 2 8 15 2 10 15 2 12 15 2
329 8730 2 2 1 0 2 24 11 2 24
330 8742 4 2 1 13 15 50 13 15 5 14 15 50 14 15 5
331 8744 1 1 1 6 5 3
332 8747 1 1 1 7 15 1
333 8755 6 3 1 8 5 50 8 5 3 9 5 50 9 5 3 12 5 50 12 5 3
334 8758 1 1 1 7 1 1
335 8761 1 1 1 2 1 1
336 8764 1 1 1 2 15 1
337 8781 6 3 1 0 5 50 0 5 12 7 5 50 7 5 12 9 5 50 9 5 12
338 8785 3 3 1 9 6 2 10 6 2 15 6 2
339 8785 1 1 1 4 3 1
340 8791 2 2 1 6 11 5 15 11 5
341 8792 1 1 1 3 9 1
342 8813 10 5 2 1 8 1 2 8 1 9 8 1 12 8 1 14 8 1 1 14 1 2 14 1 9 14 1 12 14 1 14 15 1
343 8817 2 2 1 2 9 22 11 9 22
344 8835 6 2 1 2 0 50 2 0 50 2 0 38 7 0 50 7 0 50 7 0 38
345 8873 11 11 1 0 2 1 1 2 1 2 3 1 6 2 1 7 2 1 8 2 1 9 2 1 10 2 1 12 2 1 13 2 1 15 2 1
346 8888 7 7 1 6 7 1 7 8 1 11 7 1 12 7 1 13 7 1 14 7 1 15 7 1
347 8890 1 1 1 11 4 1
348 8895 1 1 1 2 7 1
349 8898 2 2 1 1 3 19 7 3 19
350 8930 13 13 1 0 5 1 1 5 1 2 5 1 3 5 1 4 5 1 5 6 1 6 5 1 8 5 1 10 5 1 12 5 1 13 5 1 14 5 1 15 5 1
351 8939 1 1 1 14 7 1
352 8979 12 1 1 13 12 50 13 12 50 13 12 50 13 12 50 13 12 50 13 12 50 13 12 50 13 12 50 13 12 50 13 12 50 13 12 50 13 12 33
353 8979 1 1 1 9 15 1
354 8980 1 1 1 4 13 1
355 9002 13 13 1 0 2 1 2 3 1 3 2 1 4 2 1 5 2 1 6 2 1 7 2 1 10 2 1 11 2 1 12 2 1 13 2 1 14 2 1 15 2 1
356 9002 1 1 1 0 4 1
357 9013 7 7 1 0 12 1 2 12 1 4 12 1 6 12 1 8 12 1 9 12 1 13 12 1
358 9017 1 1 1 2 14 1
359 9017 1 1 1 8 7 1
360 9019 2 2 1 4 1 1 7 1 1
361 9036 7 7 1 0 9 1 6 9 1 7 9 1 8 9 1 9 10 1 13 9 1 15 9 1
362 9054 10 5 2 3 8 1 7 8 1 10 8 1 11 8 1 15 8 1 3 11 1 7 11 1 10 11 1 11 12 1 15 11 1
363 9062 2 2 1 3 1 21 9 1 21
364 9072 4 4 1 3 12 1 6 12 1 12 13 1 14 12 1
365 9103 14 14 1 0 15 1 1 15 1 2 15 1 3 15 1 5 15 1 6 15 1 7 15 1 8 15 1 9 15 1 10 15 1 12 15 1 13 15 1 14 15 1 15 0 1
366 9125 7 7 1 0 13 1 1 13 1 3 13 1 4 13 1 9 13 1 12 13 1 15 13 1
367 9133 4 4 1 4 5 1 6 4 1 9 4 1 15 4 1
368 9135 2 2 1 12 13 1 15 12 1
369 9140 2 2 1 3 8 25 11 8 25
370 9152 7 7 1 6 0 1 7 0 1 8 0 1 10 0 1 12 0 1 14 0 1 15 0 1
371 9162 7 7 1 1 6 1 2 6 1 3 6 1 4 6 1 5 6 1 10 6 1 11 6 1
372 9165 2 2 1 9 3 47 11 3 47
373 9165 1 1 1 12 5 1
374 9165 1 1 1 12 13 1
375 9167 1 1 1 4 15 1
376 9173 2 2 1 2 6 24 14 6 24
377 9184 4 4 1 1 15 1 3 15 1 5 15 1 13 15 1
378 9185 2 2 1 7 8 25 11 7 25
379 9189 2 2 1 5 7 1 9 7 1
380 9194 1 1 1 2 7 1
381 9194 1 1 1 15 13 1
382 9198 1 1 1 11 10 1
383 9215 7 7 1 2 4 1 4 5 1 6 4 1 10 4 1 12 4 1 13 4 1 14 4 1
384 9219 1 1 1 3 7 1
385 9220 1 1 1 4 10 1
386 9775 225 15 15 0 1 26 1 0 26 2 0 26 3 0 26 4 0 26 6 0 26 7 0 26 8 0 26 9 0 26 10 0 26 11 0 26 12 0 26 13 0 26 14 0 26 15 0 26 0 1 24 1 2 24 2 1 24 3 1 24 4 1 24 6 1 24 7 1 24 8 1 24 9 1 24 10 1 24 11 1 24 12 1 24 13 1 24 14 1 24 15 1 24 0 2 24 1 2 24 2 3 24 3 2 24 4 2 24 6 2 24 7 2 24 8 2 24 9 2 24 10 2 24 11 2 24 12 2 24 13 2 24 14 2 24 15 2 24 0 3 24 1 3 24 2 3 24 3 4 24 4 3 24 6 3 24 7 3 24 8 3 24 9 3 24 10 3 24 11 3 24 12 3 24 13 3 24 14 3 24 15 3 24 0 4 24 1 4 24 2 4 24 3 4 24 4 5 24 6 4 24 7 4 24 8 4 24 9 4 24 10 4 24 11 4 24 12 4 24 13 4 24 14 4 24 15 4 24 0 5 24 1 5 24 2 5 24 3 5 24 4 5 24 6 5 24 7 5 24 8 5 24 9 5 24 10 5 24 11 5 24 12 5 24 13 5 24 14 5 24 15 5 24 0 6 26 1 6 26 2 6 26 3 6 26 4 6 26 6 7 26 7 6 26 8 6 26 9 6 26 10 6 26 11 6 26 12 6 26 13 6 26 14 6 26 15 6 26 0 7 24 1 7 24 2 7 24 3 7 24 4 7 24 6 7 24 7 8 24 8 7 24 9 7 24 10 7 24 11 7 24 12 7 24 13 7 24 14 7 24 15 7 24 0 9 24 1 9 24 2 9 24 3 9 24 4 9 24 6 9 24 7 9 24 8 9 24 9 10 24 10 9 24 11 9 24 12 9 24 13 9 24 14 9 24 15 9 24 0 10 24 1 10 24 2 10 24 3 10 24 4 10 24 6 10 24 7 10 24 8 10 24 9 10 24 10 11 24 11 10 24 12 10 24 13 10 24 14 10 24 15 10 24 0 11 24 1 11 24 2 11 24 3 11 24 4 11 24 6 11 24 7 11 24 8 11 24 9 11 24 10 11 24 11 12 24 12 11 24 13 11 24 14 11 24 15 11 24 0 12 24 1 12 24 2 12 24 3 12 24 4 12 24 6 12 24 7 12 24 8 12 24 9 12 24 10 12 24 11 12 24 12 13 24 13 12 24 14 12 24 15 12 24 0 13 24 1 13 24 2 13 24 3 13 24 4 13 24 6 13 24 7 13 24 8 13 24 9 13 24 10 13 24 11 13 24 12 13 24 13 14 24 14 13 24 15 13 24 0 14 24 1 14 24 2 14 24 3 14 24 4 14 24 6 14 24 7 14 24 8 14 24 9 14 24 10 14 24 11 14 24 12 14 24 13 14 24 14 15 24 15 14 24 0 15 47 1 15 47 2 15 47 3 15 47 4 15 47 6 15 47 7 15 47 8 15 47 9 15 47 10 15 47 11 15 47 12 15 47 13 15 47 14 15 47 15 0 47
387 9798 13 1 1 2 14 50 2 14 50 2 14 50 2 14 50 2 14 50 2 14 50 2 14 50 2 14 50 2 14 50 2 14 50 2 14 50 2 14 50 2 14 38
388 9833 15 15 1 0 2 1 1 2 1 2 3 1 3 2 1 4 2 1 5 2 1 6 2 1 7 2 1 9 2 1 10 2 1 11 2 1 12 2 1 13 2 1 14 2 1 15 2 1
389 10343 203 7 7 0 6 50 0 6 50 0 6 50 0 6 48 1 6 50 1 6 50 1 6 50 1 6 48 3 6 50 3 6 50 3 6 50 3 6 48 4 6 50 4 6 50 4 6 50 4 6 48 6 7 50 6 7 50 6 7 50 6 7 48 7 6 50 7 6 50 7 6 50 7 6 48 13 6 50 13 6 50 13 6 50 13 6 48 0 8 50 0 8 50 0 8 50 0 8 48 1 8 50 1 8 50 1 8 50 1 8 48 3 8 50 3 8 50 3 8 50 3 8 48 4 8 50 4 8 50 4 8 50 4 8 48 6 8 50 6 8 50 6 8 50 6 8 48 7 8 50 7 8 50 7 8 50 7 8 48 13 8 50 13 8 50 13 8 50 13 8 48 0 9 50 0 9 50 0 9 50 0 9 50 0 9 12 1 9 50 1 9 50 1 9 50 1 9 50 1 9 12 3 9 50 3 9 50 3 9 50 3 9 50 3 9 12 4 9 50 4 9 50 4 9 50 4 9 50 4 9 12 6 9 50 6 9 50 6 9 50 6 9 50 6 9 12 7 9 50 7 9 50 7 9 50 7 9 50 7 9 12 13 9 50 13 9 50 13 9 50 13 9 50 13 9 12 0 10 50 0 10 50 0 10 50 0 10 48 1 10 50 1 10 50 1 10 50 1 10 48 3 10 50 3 10 50 3 10 50 3 10 48 4 10 50 4 10 50 4 10 50 4 10 48 6 10 50 6 10 50 6 10 50 6 10 48 7 10 50 7 10 50 7 10 50 7 10 48 13 10 50 13 10 50 13 10 50 13 10 48 0 11 50 0 11 50 0 11 50 0 11 48 1 11 50 1 11 50 1 11 50 1 11 48 3 11 50 3 11 50 3 11 50 3 11 48 4 11 50 4 11 50 4 11 50 4 11 48 6 11 50 6 11 50 6 11 50 6 11 48 7 11 50 7 11 50 7 11 50 7 11 48 13 11 50 13 11 50 13 11 50 13 11 48 0 12 50 0 12 50 0 12 50 0 12 48 1 12 50 1 12 50 1 12 50 1 12 48 3 12 50 3 12 50 3 12 50 3 12 48 4 12 50 4 12 50 4 12 50 4 12 48 6 12 50 6 12 50 6 12 50 6 12 48 7 12 50 7 12 50 7 12 50 7 12 48 13 12 50 13 12 50 13 12 50 13 12 48 0 14 50 0 14 50 0 14 50 0 14 48 1 14 50 1 14 50 1 14 50 1 14 48 3 14 50 3 14 50 3 14 50 3 14 48 4 14 50 4 14 50 4 14 50 4 14 48 6 14 50 6 14 50 6 14 50 6 14 48 7 14 50 7 14 50 7 14 50 7 14 48 13 14 50 13 14 50 13 14 50 13 14 48
390 10344 1 1 1 9 0 1
391 10351 2 2 1 10 13 1 13 14 1
392 10471 60 4 15 1 0 2 4 0 2 7 0 2 10 0 2 1 2 2 4 2 2 7 2 2 10 2 2 1 3 2 4 3 2 7 3 2 10 3 2 1 4 2 4 5 2 7 4 2 10 4 2 1 5 2 4 5 2 7 5 2 10 5 2 1 6 5 4 6 5 7 6 5 10 6 5 1 7 3 4 7 3 7 8 3 10 7 3 1 8 2 4 8 2 7 8 2 10 8 2 1 9 2 4 9 2 7 9 2 10 9 2 1 10 2 4 10 2 7 10 2 10 11 2 1 11 2 4 11 2 7 11 2 10 11 2 1 12 2 4 12 2 7 12 2 10 12 2 1 13 2 4 13 2 7 13 2 10 13 2 1 14 2 4 14 2 7 14 2 10 14 2 1 15 2 4 15 2 7 15 2 10 15 2
393 10481 1 1 1 8 2 1
394 10488 2 2 1 7 0 22 13 0 22
395 10509 9 1 1 7 6 50 7 6 50 7 6 50 7 6 50 7 6 50 7 6 50 7 6 50 7 6 50 7 6 23
396 10517 2 2 1 6 3 1 10 3 1
397 10532 1 1 1 7 9 1
398 10533 1 1 1 13 3 1
399 10535 1 1 1 2 11 6
400 10562 6 2 1 8 0 50 8 0 50 8 0 11 9 0 50 9 0 50 9 0 11
401 10564 1 1 1 0 3 1
402 10568 1 1 1 8 9 1
403 10583 2 2 1 6 11 19 13 11 19
404 10593 3 3 1 6 14 1 10 14 1 14 15 1
405 10617 14 14 1 0 1 1 1 2 1 2 1 1 3 1 1 4 1 1 5 1 1 6 1 1 7 1 1 9 1 1 10 1 1 11 1 1 12 1 1 14 1 1 15 1 1
406 10617 1 1 1 14 3 1
407 10653 13 1 1 9 10 50 9 10 50 9 10 50 9 10 50 9 10 50 9 10 50 9 10 50 9 10 50 9 10 50 9 10 50 9 10 50 9 10 50 9 10 38
408 10657 3 3 1 3 11 1 4 11 1 15 11 1
409 10664 3 3 1 0 11 1 3 11 1 8 11 1
410 10701 13 13 1 1 7 1 2 7 1 3 7 1 4 7 1 5 7 1 6 7 1 7 8 1 9 7 1 11 7 1 12 7 1 13 7 1 14 7 1 15 7 1
411 10707 3 3 1 0 1 1 4 0 1 12 0 1
412 10711 2 2 1 7 5 21 13 5 21
413 11142 180 12 15 1 0 4 2 0 4 3 0 4 4 0 4 5 0 4 7 0 4 9 0 4 11 0 4 12 0 4 13 0 4 14 0 4 15 0 4 1 2 4 2 1 4 3 1 4 4 1 4 5 1 4 7 1 4 9 1 4 11 1 4 12 1 4 13 1 4 14 1 4 15 1 4 1 2 4 2 3 4 3 2 4 4 2 4 5 2 4 7 2 4 9 2 4 11 2 4 12 2 4 13 2 4 14 2 4 15 2 4 1 3 4 2 3 4 3 4 4 4 3 4 5 3 4 7 3 4 9 3 4 11 3 4 12 3 4 13 3 4 14 3 4 15 3 4 1 4 4 2 4 4 3 4 4 4 5 4 5 4 4 7 4 4 9 4 4 11 4 4 12 4 4 13 4 4 14 4 4 15 4 4 1 5 8 2 5 8 3 5 8 4 5 8 5 6 8 7 5 8 9 5 8 11 5 8 12 5 8 13 5 8 14 5 8 15 5 8 1 6 5 2 6 5 3 6 5 4 6 5 5 6 5 7 6 5 9 6 5 11 6 5 12 6 5 13 6 5 14 6 5 15 6 5 1 7 4 2 7 4 3 7 4 4 7 4 5 7 4 7 8 4 9 7 4 11 7 4 12 7 4 13 7 4 14 7 4 15 7 4 1 8 4 2 8 4 3 8 4 4 8 4 5 8 4 7 8 4 9 8 4 11 8 4 12 8 4 13 8 4 14 8 4 15 8 4 1 9 4 2 9 4 3 9 4 4 9 4 5 9 4 7 9 4 9 10 4 11 9 4 12 9 4 13 9 4 14 9 4 15 9 4 1 10 4 2 10 4 3 10 4 4 10 4 5 10 4 7 10 4 9 10 4 11 10 4 12 10 4 13 10 4 14 10 4 15 10 4 1 11 4 2 11 4 3 11 4 4 11 4 5 11 4 7 11 4 9 11 4 11 12 4 12 11 4 13 11 4 14 11 4 15 11 4 1 13 4 2 13 4 3 13 4 4 13 4 5 13 4 7 13 4 9 13 4 11 13 4 12 13 4 13 14 4 14 13 4 15 13 4 1 14 4 2 14 4 3 14 4 4 14 4 5 14 4 7 14 4 9 14 4 11 14 4 12 14 4 13 14 4 14 15 4 15 14 4 1 15 4 2 15 4 3 15 4 4 15 4 5 15 4 7 15 4 9 15 4 11 15 4 12 15 4 13 15 4 14 15 4 15 0 4
414 11145 1 1 1 4 0 1
415 11148 3 3 1 9 10 1 10 9 1 15 9 1
416 11160 6 3 1 6 7 50 6 7 10 9 7 50 9 7 10 13 7 50 13 7 10
417 11162 1 1 1 6 7 1
418 11178 10 5 2 2 3 1 7 2 1 11 2 1 14 2 1 15 2 1 2 3 1 7 3 1 11 3 1 14 3 1 15 3 1
419 11181 1 1 1 6 7 1
420 11186 1 1 1 10 2 2
421 11188 1 1 1 13 12 1
422 11192 1 1 1 9 3 1
423 11233 12 12 1 1 15 1 2 15 1 3 15 1 4 15 1 7 15 1 8 15 1 9 15 1 10 15 1 11 15 1 12 15 1 13 15 1 15 0 1
424 11247 10 5 2 0 1 1 6 0 1 7 0 1 9 0 1 11 0 1 0 14 1 6 14 1 7 14 1 9 14 1 11 14 1
425 11255 3 3 1 2 0 2 9 0 2 15 0 2
426 11303 13 13 1 0 14 1 1 14 1 2 14 1 4 14 1 5 14 1 6 14 1 8 14 1 10 14 1 11 14 1 12 14 1 13 14 1 14 15 1 15 14 1
427 11335 13 13 1 0 1 1 1 0 1 2 0 1 3 0 1 7 0 1 8 0 1 9 0 1 10 0 1 11 0 1 12 0 1 13 0 1 14 0 1 15 0 1
428 11342 3 3 1 5 6 2 11 6 2 12 6 2
429 11351 2 2 1 1 9 31 4 9 31
430 11353 1 1 1 15 5 1
431 11391 14 7 2 1 2 2 2 3 2 3 2 2 7 2 2 8 2 2 12 2 2 13 2 2 1 7 2 2 7 2 3 7 2 7 8 2 8 7 2 12 7 2 13 7 2
432 11391 2 2 1 1 13 46 8 13 46
433 11398 1 1 1 7 13 1
434 11398 1 1 1 8 3 1
435 11869 203 7 7 1 0 50 1 0 50 1 0 50 1 0 48 2 0 50 2 0 50 2 0 50 2 0 48 3 0 50 3 0 50 3 0 50 3 0 48 5 0 50 5 0 50 5 0 50 5 0 48 7 0 50 7 0 50 7 0 50 7 0 48 10 0 50 10 0 50 10 0 50 10 0 48 11 0 50 11 0 50 11 0 50 11 0 48 1 5 50 1 5 50 1 5 50 1 5 48 2 5 50 2 5 50 2 5 50 2 5 48 3 5 50 3 5 50 3 5 50 3 5 48 5 6 50 5 6 50 5 6 50 5 6 48 7 5 50 7 5 50 7 5 50 7 5 48 10 5 50 10 5 50 10 5 50 10 5 48 11 5 50 11 5 50 11 5 50 11 5 48 1 8 50 1 8 50 1 8 50 1 8 50 1 8 12 2 8 50 2 8 50 2 8 50 2 8 50 2 8 12 3 8 50 3 8 50 3 8 50 3 8 50 3 8 12 5 8 50 5 8 50 5 8 50 5 8 50 5 8 12 7 8 50 7 8 50 7 8 50 7 8 50 7 8 12 10 8 50 10 8 50 10 8 50 10 8 50 10 8 12 11 8 50 11 8 50 11 8 50 11 8 50 11 8 12 1 9 50 1 9 50 1 9 50 1 9 48 2 9 50 2 9 50 2 9 50 2 9 48 3 9 50 3 9 50 3 9 50 3 9 48 5 9 50 5 9 50 5 9 50 5 9 48 7 9 50 7 9 50 7 9 50 7 9 48 10 9 50 10 9 50 10 9 50 10 9 48 11 9 50 11 9 50 11 9 50 11 9 48 1 10 50 1 10 50 1 10 50 1 10 48 2 10 50 2 10 50 2 10 50 2 10 48 3 10 50 3 10 50 3 10 50 3 10 48 5 10 50 5 10 50 5 10 50 5 10 48 7 10 50 7 10 50 7 10 50 7 10 48 10 11 50 10 11 50 10 11 50 10 11 48 11 10 50 11 10 50 11 10 50 11 10 48 1 12 50 1 12 50 1 12 50 1 12 48 2 12 50 2 12 50 2 12 50 2 12 48 3 12 50 3 12 50 3 12 50 3 12 48 5 12 50 5 12 50 5 12 50 5 12 48 7 12 50 7 12 50 7 12 50 7 12 48 10 12 50 10 12 50 10 12 50 10 12 48 11 12 50 11 12 50 11 12 50 11 12 48 1 13 50 1 13 50 1 13 50 1 13 48 2 13 50 2 13 50 2 13 50 2 13 48 3 13 50 3 13 50 3 13 50 3 13 48 5 13 50 5 13 50 5 13 50 5 13 48 7 13 50 7 13 50 7 13 50 7 13 48 10 13 50 10 13 50 10 13 50 10 13 48 11 13 50 11 13 50 11 13 50 11 13 48
436 11875 7 7 1 0 15 1 1 15 1 2 15 1 11 15 1 12 15 1 13 15 1 14 15 1
437 11905 10 5 2 1 2 1 5 1 1 7 1 1 11 1 1 13 1 1 1 11 1 5 11 1 7 11 1 11 12 1 13 11 1
438 11941 15 15 1 0 10 1 1 10 1 2 10 1 3 10 1 4 10 1 5 10 1 6 10 1 7 10 1 8 10 1 9 10 1 10 11 1 11 10 1 12 10 1 13 10 1 14 10 1
439 11976 14 14 1 0 14 1 1 14 1 2 14 1 3 14 1 4 14 1 5 14 1 6 14 1 8 14 1 9 14 1 10 14 1 11 14 1 12 14 1 13 14 1 14 15 1
440 11982 3 3 1 0 13 2 11 13 2 14 13 2
441 12011 13 13 1 0 1 1 4 0 1 5 0 1 6 0 1 7 0 1 8 0 1 9 0 1 10 0 1 11 0 1 12 0 1 13 0 1 14 0 1 15 0 1
442 12012 2 2 1 2 14 25 4 14 25
443 12032 4 2 1 9 11 50 9 11 5 15 11 50 15 11 5
444 12035 1 1 1 3 14 1
445 12037 1 1 1 7 6 1
446 12044 4 4 1 3 10 1 6 10 1 11 10 1 15 10 1
447 12044 1 1 1 11 3 1
448 12045 1 1 1 5 0 1
449 12049 1 1 1 14 4 7
450 12056 2 2 1 2 3 23 6 3 23
451 12059 1 1 1 10 1 1
452 12066 1 1 1 14 1 1
453 12086 5 5 1 0 2 6 6 2 6 7 2 6 9 2 6 13 2 6
454 12137 15 15 1 0 13 1 1 13 1 2 13 1 3 13 1 4 13 1 5 13 1 6 13 1 7 13 1 8 13 1 9 13 1 10 13 1 11 13 1 13 14 1 14 13 1 15 13 1
455 12161 7 7 1 1 4 1 3 4 1 7 4 1 12 4 1 13 4 1 14 4 1 15 4 1
456 12193 15 15 1 0 1 1 1 2 1 2 1 1 3 1 1 5 1 1 6 1 1 7 1 1 8 1 1 9 1 1 10 1 1 11 1 1 12 1 1 13 1 1 14 1 1 15 1 1
457 12204 4 4 1 0 3 1 11 3 1 12 3 1 14 3 1
458 12206 1 1 1 9 2 1
459 12209 1 1 1 7 4 1
460 12240 13 1 1 6 15 50 6 15 50 6 15 50 6 15 50 6 15 50 6 15 50 6 15 50 6 15 50 6 15 50 6 15 50 6 15 50 6 15 50 6 15 38
461 12252 6 3 1 0 11 50 0 11 3 7 11 50 7 11 3 14 11 50 14 11 3
462 12261 4 2 1 8 10 50 8 10 26 10 11 50 10 11 26
463 12280 7 7 1 0 12 1 1 12 1 4 12 1 6 12 1 12 13 1 13 12 1 14 12 1
464 12288 2 2 1 2 1 20 5 1 20
465 12294 4 4 1 3 13 1 4 13 1 7 13 1 13 14 1
466 12720 180 12 15 0 1 4 3 0 4 5 0 4 6 0 4 7 0 4 8 0 4 9 0 4 10 0 4 11 0 4 13 0 4 14 0 4 15 0 4 0 1 4 3 1 4 5 1 4 6 1 4 7 1 4 8 1 4 9 1 4 10 1 4 11 1 4 13 1 4 14 1 4 15 1 4 0 2 4 3 2 4 5 2 4 6 2 4 7 2 4 8 2 4 9 2 4 10 2 4 11 2 4 13 2 4 14 2 4 15 2 4 0 3 4 3 4 4 5 3 4 6 3 4 7 3 4 8 3 4 9 3 4 10 3 4 11 3 4 13 3 4 14 3 4 15 3 4 0 4 4 3 4 4 5 4 4 6 4 4 7 4 4 8 4 4 9 4 4 10 4 4 11 4 4 13 4 4 14 4 4 15 4 4 0 5 8 3 5 8 5 6 8 6 5 8 7 5 8 8 5 8 9 5 8 10 5 8 11 5 8 13 5 8 14 5 8 15 5 8 0 6 5 3 6 5 5 6 5 6 7 5 7 6 5 8 6 5 9 6 5 10 6 5 11 6 5 13 6 5 14 6 5 15 6 5 0 7 4 3 7 4 5 7 4 6 7 4 7 8 4 8 7 4 9 7 4 10 7 4 11 7 4 13 7 4 14 7 4 15 7 4 0 8 4 3 8 4 5 8 4 6 8 4 7 8 4 8 9 4 9 8 4 10 8 4 11 8 4 13 8 4 14 8 4 15 8 4 0 9 4 3 9 4 5 9 4 6 9 4 7 9 4 8 9 4 9 10 4 10 9 4 11 9 4 13 9 4 14 9 4 15 9 4 0 10 4 3 10 4 5 10 4 6 10 4 7 10 4 8 10 4 9 10 4 10 11 4 11 10 4 13 10 4 14 10 4 15 10 4 0 11 4 3 11 4 5 11 4 6 11 4 7 11 4 8 11 4 9 11 4 10 11 4 11 12 4 13 11 4 14 11 4 15 11 4 0 12 4 3 12 4 5 12 4 6 12 4 7 12 4 8 12 4 9 12 4 10 12 4 11 12 4 13 12 4 14 12 4 15 12 4 0 13 4 3 13 4 5 13 4 6 13 4 7 13 4 8 13 4 9 13 4 10 13 4 11 13 4 13 14 4 14 13 4 15 13 4 0 14 4 3 14 4 5 14 4 6 14 4 7 14 4 8 14 4 9 14 4 10 14 4 11 14 4 13 14 4 14 15 4 15 14 4
467 12721 1 1 1 6 12 1
468 12723 2 2 1 6 3 5 12 3 5
469 12738 7 7 1 2 12 1 3 12 1 5 12 1 6 12 1 10 12 1 13 12 1 14 12 1
470 12746 1 1 1 7 10 1
471 12751 1 1 1 5 0 1
472 12755 1 1 1 8 3 1
473 12901 70 14 5 0 4 5 1 4 5 2 4 5 3 4 5 4 5 5 5 4 5 6 4 5 7 4 5 8 4 5 9 4 5 11 4 5 12 4 5 13 4 5 15 4 5 0 5 5 1 5 5 2 5 5 3 5 5 4 5 5 5 6 5 6 5 5 7 5 5 8 5 5 9 5 5 11 5 5 12 5 5 13 5 5 15 5 5 0 8 5 1 8 5 2 8 5 3 8 5 4 8 5 5 8 5 6 8 5 7 8 5 8 9 5 9 8 5 11 8 5 12 8 5 13 8 5 15 8 5 0 11 5 1 11 5 2 11 5 3 11 5 4 11 5 5 11 5 6 11 5 7 11 5 8 11 5 9 11 5 11 12 5 12 11 5 13 11 5 15 11 5 0 15 5 1 15 5 2 15 5 3 15 5 4 15 5 5 15 5 6 15 5 7 15 5 8 15 5 9 15 5 11 15 5 12 15 5 13 15 5 15 0 5
474 12911 2 2 1 4 8 1 12 8 1
475 12915 1 1 1 3 4 1
476 12916 1 1 1 4 5 1
477 12916 1 1 1 5 9 1
478 12935 5 5 1 6 2 1 7 2 1 8 2 1 11 2 1 15 2 1
479 12972 13 13 1 0 13 1 1 13 1 2 13 1 3 13 1 4 13 1 5 13 1 6 13 1 7 13 1 9 13 1 11 13 1 12 13 1 13 14 1 15 13 1
480 12993 7 7 1 1 6 1 2 6 1 4 6 1 5 6 1 11 6 1 12 6 1 13 6 1
481 13012 13 13 1 0 7 1 1 7 1 2 7 1 3 7 1 4 7 1 5 7 1 6 7 1 7 8 1 10 7 1 11 7 1 12 7 1 14 7 1 15 7 1
482 13025 7 7 1 1 15 1 4 15 1 6 15 1 7 15 1 10 15 1 12 15 1 14 15 1
483 13048 10 5 2 0 1 1 4 1 1 10 1 1 11 1 1 13 1 1 0 2 1 4 2 1 10 2 1 11 2 1 13 2 1
484 13095 15 15 1 0 7 1 1 7 1 2 7 1 3 7 1 4 7 1 5 7 1 6 7 1 7 8 1 8 7 1 9 7 1 10 7 1 11 7 1 12 7 1 13 7 1 15 7 1
485 13096 1 1 1 13 2 6
486 13100 2 2 1 7 3 2 9 3 2
487 13118 7 7 1 0 1 1 3 0 1 5 0 1 7 0 1 9 0 1 10 0 1 11 0 1
488 13585 180 12 15 0 1 4 1 0 4 2 0 4 4 0 4 5 0 4 6 0 4 7 0 4 8 0 4 9 0 4 10 0 4 11 0 4 13 0 4 0 1 4 1 2 4 2 1 4 4 1 4 5 1 4 6 1 4 7 1 4 8 1 4 9 1 4 10 1 4 11 1 4 13 1 4 0 2 4 1 2 4 2 3 4 4 2 4 5 2 4 6 2 4 7 2 4 8 2 4 9 2 4 10 2 4 11 2 4 13 2 4 0 3 4 1 3 4 2 3 4 4 3 4 5 3 4 6 3 4 7 3 4 8 3 4 9 3 4 10 3 4 11 3 4 13 3 4 0 4 4 1 4 4 2 4 4 4 5 4 5 4 4 6 4 4 7 4 4 8 4 4 9 4 4 10 4 4 11 4 4 13 4 4 0 5 8 1 5 8 2 5 8 4 5 8 5 6 8 6 5 8 7 5 8 8 5 8 9 5 8 10 5 8 11 5 8 13 5 8 0 6 5 1 6 5 2 6 5 4 6 5 5 6 5 6 7 5 7 6 5 8 6 5 9 6 5 10 6 5 11 6 5 13 6 5 0 7 4 1 7 4 2 7 4 4 7 4 5 7 4 6 7 4 7 8 4 8 7 4 9 7 4 10 7 4 11 7 4 13 7 4 0 8 4 1 8 4 2 8 4 4 8 4 5 8 4 6 8 4 7 8 4 8 9 4 9 8 4 10 8 4 11 8 4 13 8 4 0 10 4 1 10 4 2 10 4 4 10 4 5 10 4 6 10 4 7 10 4 8 10 4 9 10 4 10 11 4 11 10 4 13 10 4 0 11 4 1 11 4 2 11 4 4 11 4 5 11 4 6 11 4 7 11 4 8 11 4 9 11 4 10 11 4 11 12 4 13 11 4 0 12 4 1 12 4 2 12 4 4 12 4 5 12 4 6 12 4 7 12 4 8 12 4 9 12 4 10 12 4 11 12 4 13 12 4 0 13 4 1 13 4 2 13 4 4 13 4 5 13 4 6 13 4 7 13 4 8 13 4 9 13 4 10 13 4 11 13 4 13 14 4 0 14 4 1 14 4 2 14 4 4 14 4 5 14 4 6 14 4 7 14 4 8 14 4 9 14 4 10 14 4 11 14 4 13 14 4 0 15 4 1 15 4 2 15 4 4 15 4 5 15 4 6 15 4 7 15 4 8 15 4 9 15 4 10 15 4 11 15 4 13 15 4
489 13611 13 13 1 0 12 1 1 12 1 2 12 1 3 12 1 4 12 1 6 12 1 7 12 1 8 12 1 10 12 1 11 12 1 12 13 1 14 12 1 15 12 1
490 13615 1 1 1 5 6 1
491 13655 18 3 1 0 9 50 0 9 50 0 9 50 0 9 50 0 9 50 0 9 29 6 9 50 6 9 50 6 9 50 6 9 50 6 9 50 6 9 29 9 10 50 9 10 50 9 10 50 9 10 50 9 10 50 9 10 29
492 13863 75 15 5 0 7 4 1 7 4 2 7 4 3 7 4 4 7 4 5 7 4 6 7 4 7 8 4 8 7 4 9 7 4 10 7 4 11 7 4 12 7 4 13 7 4 15 7 4 0 8 4 1 8 4 2 8 4 3 8 4 4 8 4 5 8 4 6 8 4 7 8 4 8 9 4 9 8 4 10 8 4 11 8 4 12 8 4 13 8 4 15 8 4 0 10 4 1 10 4 2 10 4 3 10 4 4 10 4 5 10 4 6 10 4 7 10 4 8 10 4 9 10 4 10 11 4 11 10 4 12 10 4 13 10 4 15 10 4 0 11 4 1 11 4 2 11 4 3 11 4 4 11 4 5 11 4 6 11 4 7 11 4 8 11 4 9 11 4 10 11 4 11 12 4 12 11 4 13 11 4 15 11 4 0 14 4 1 14 4 2 14 4 3 14 4 4 14 4 5 14 4 6 14 4 7 14 4 8 14 4 9 14 4 10 14 4 11 14 4 12 14 4 13 14 4 15 14 4
493 13867 2 2 1 4 1 21 10 1 21
494 13870 2 2 1 13 10 24 15 10 24
495 13876 1 1 1 6 12 1
496 13877 1 1 1 7 15 1
497 13913 14 14 1 1 10 1 2 10 1 3 10 1 4 10 1 5 10 1 6 10 1 7 10 1 8 10 1 9 10 1 10 11 1 11 10 1 12 10 1 13 10 1 15 10 1
498 13926 7 7 1 2 3 1 8 2 1 10 2 1 11 2 1 12 2 1 13 2 1 15 2 1
499 13966 10 5 2 0 1 1 6 0 1 8 0 1 9 0 1 10 0 1 0 14 1 6 14 1 8 14 1 9 14 1 10 14 1
500 13973 1 1 1 0 8 1
501 13974 1 1 1 8 4 1
502 13977 2 1 1 11 4 50 11 4 9
503 13980 1 1 1 7 10 1
504 14008 13 13 1 0 1 1 1 0 1 2 0 1 3 0 1 4 0 1 5 0 1 6 0 1 7 0 1 8 0 1 10 0 1 11 0 1 13 0 1 15 0 1
505 14031 7 7 1 0 12 1 2 12 1 3 12 1 4 12 1 9 12 1 11 12 1 12 13 1
506 14064 10 5 2 1 10 1 6 10 1 7 10 1 12 10 1 13 10 1 1 15 1 6 15 1 7 15 1 12 15 1 13 15 1
507 14089 15 15 1 0 11 1 1 11 1 2 11 1 3 11 1 4 11 1 5 11 1 6 11 1 7 11 1 8 11 1 9 11 1 10 11 1 11 12 1 12 11 1 14 11 1 15 11 1
508 14089 1 1 1 10 3 1
509 14092 2 2 1 2 3 31 11 3 31
510 14102 2 2 1 9 11 22 14 11 22
511 14146 15 15 1 0 10 1 1 10 1 3 10 1 4 10 1 5 10 1 6 10 1 7 10 1 8 10 1 9 10 1 10 11 1 11 10 1 12 10 1 13 10 1 14 10 1 15 10 1
512 14148 2 2 1 0 8 25 12 8 25
513 14175 15 15 1 0 14 1 1 14 1 2 14 1 3 14 1 4 14 1 5 14 1 6 14 1 7 14 1 8 14 1 10 14 1 11 14 1 12 14 1 13 14 1 14 15 1 15 14 1
514 14215 13 1 1 12 3 50 12 3 50 12 3 50 12 3 50 12 3 50 12 3 50 12 3 50 12 3 50 12 3 50 12 3 50 12 3 50 12 3 50 12 3 38
515 14224 3 3 1 2 14 1 9 14 1 14 15 1
516 14226 1 1 1 11 9 1
517 14409 75 15 5 0 1 5 1 2 5 3 1 5 4 1 5 5 1 5 6 1 5 7 1 5 8 1 5 9 1 5 10 1 5 11 1 5 12 1 5 13 1 5 14 1 5 15 1 5 0 4 5 1 4 5 3 4 5 4 5 5 5 4 5 6 4 5 7 4 5 8 4 5 9 4 5 10 4 5 11 4 5 12 4 5 13 4 5 14 4 5 15 4 5 0 5 5 1 5 5 3 5 5 4 5 5 5 6 5 6 5 5 7 5 5 8 5 5 9 5 5 10 5 5 11 5 5 12 5 5 13 5 5 14 5 5 15 5 5 0 7 5 1 7 5 3 7 5 4 7 5 5 7 5 6 7 5 7 8 5 8 7 5 9 7 5 10 7 5 11 7 5 12 7 5 13 7 5 14 7 5 15 7 5 0 10 5 1 10 5 3 10 5 4 10 5 5 10 5 6 10 5 7 10 5 8 10 5 9 10 5 10 11 5 11 10 5 12 10 5 13 10 5 14 10 5 15 10 5
518 14413 1 1 1 4 10 1
519 14420 3 3 1 0 1 2 3 0 2 12 0 2
520 14441 6 2 1 3 4 50 3 4 50 3 4 38 13 3 50 13 3 50 13 3 38
521 14452 4 4 1 2 13 32 4 13 32 8 13 32 13 14 32
522 14463 7 7 1 0 1 1 4 0 1 6 0 1 9 0 1 10 0 1 11 0 1 13 0 1
523 14472 4 4 1 1 13 1 6 13 1 11 13 1 12 13 1
524 14473 1 1 1 4 14 1
525 14473 1 1 1 8 13 1
