16 526
0 2 1 1 1 12 13 1
1 8 4 2 1 1 12 50 1 12 26 11 12 50 11 12 26
2 14 2 2 1 4 3 2 7 3 2
3 20 7 7 1 0 3 1 1 3 1 5 3 1 7 3 1 8 3 1 9 3 1 13 3 1
4 22 1 1 1 7 8 1
5 28 2 2 1 11 12 21 13 11 21
6 33 2 2 1 1 13 22 14 13 22
7 80 15 15 1 0 12 1 1 12 1 2 12 1 3 12 1 4 12 1 5 12 1 6 12 1 7 12 1 8 12 1 9 12 1 10 12 1 11 12 1 12 13 1 14 12 1 15 12 1
8 94 6 3 1 3 13 50 3 13 10 10 13 50 10 13 10 12 13 50 12 13 10
9 140 14 7 2 1 13 2 5 13 2 8 13 2 10 13 2 12 13 2 13 14 2 15 13 2 1 15 2 5 15 2 8 15 2 10 15 2 12 15 2 13 15 2 15 0 2
10 140 1 1 1 11 2 1
11 141 1 1 1 6 3 1
12 148 2 2 1 5 3 1 15 3 1
13 151 1 1 1 2 5 1
14 151 1 1 1 13 2 1
15 164 10 5 2 4 8 1 7 8 1 11 8 1 13 8 1 15 8 1 4 9 1 7 9 1 11 9 1 13 9 1 15 9 1
16 173 4 4 1 0 13 1 1 13 1 7 13 1 13 14 1
17 185 7 7 1 1 8 1 2 8 1 5 8 1 8 9 1 9 8 1 10 8 1 14 8 1
18 187 1 1 1 8 7 1
19 195 7 7 1 1 3 1 2 3 1 4 3 1 6 3 1 7 3 1 8 3 1 15 3 1
20 223 10 5 2 3 1 1 6 1 1 10 1 1 13 1 1 14 1 1 3 4 1 6 3 1 10 3 1 13 3 1 14 3 1
21 233 2 2 1 2 8 1 4 8 1
22 264 12 6 2 2 0 1 6 0 1 7 0 1 10 0 1 14 0 1 15 0 1 2 13 1 6 13 1 7 13 1 10 13 1 14 13 1 15 13 1
23 328 24 8 3 0 3 29 2 3 29 3 4 29 4 3 29 6 3 29 7 3 29 13 3 29 15 3 29 0 13 26 2 13 26 3 13 26 4 13 26 6 13 26 7 13 26 13 14 26 15 13 26 0 14 26 2 14 26 3 14 26 4 14 26 6 14 26 7 14 26 13 14 26 15 14 26
24 331 1 1 1 11 1 1
25 342 3 3 1 3 4 1 5 4 1 12 4 1
26 352 12 12 1 0 15 1 3 15 1 4 15 1 5 15 1 6 15 1 8 15 1 9 15 1 10 15 1 12 15 1 13 15 1 14 15 1 15 0 1
27 357 2 2 1 1 12 1 7 12 1
28 358 2 2 1 1 0 25 8 0 25
29 358 1 1 1 9 1 1
30 388 10 5 2 3 1 47 7 1 47 8 1 47 9 1 47 14 1 47 3 8 47 7 8 47 8 9 47 9 8 47 14 8 47
31 388 1 1 1 4 1 1
32 400 3 3 1 1 4 1 8 4 1 15 4 1
33 433 15 15 1 0 6 1 1 6 1 2 6 1 3 6 1 4 6 1 5 6 1 6 7 1 8 6 1 9 6 1 10 6 1 11 6 1 12 6 1 13 6 1 14 6 1 15 6 1
34 434 1 1 1 2 7 1
35 437 4 4 1 2 4 8 3 4 8 4 5 8 13 4 8
36 440 3 3 1 11 2 2 13 2 2 15 2 2
37 449 5 5 1 2 10 1 4 10 1 6 10 1 8 10 1 11 10 1
38 467 7 7 1 1 8 1 6 8 1 9 8 1 10 8 1 12 8 1 13 8 1 14 8 1
39 473 3 3 1 4 5 1 5 6 1 11 5 1
40 482 1 1 1 2 7 1
41 488 2 2 1 9 3 1 13 3 1
42 491 2 2 1 9 8 2 11 8 2
43 506 4 4 1 2 7 1 5 7 1 10 7 1 14 7 1
44 509 1 1 1 3 13 1
45 512 1 1 1 6 9 2
46 522 2 2 1 8 10 23 10 11 23
47 525 4 2 1 8 9 50 8 9 2 10 9 50 10 9 2
48 527 2 2 1 5 10 1 11 10 1
49 533 1 1 1 14 4 1
50 554 7 7 1 0 6 1 5 6 1 7 6 1 8 6 1 9 6 1 13 6 1 15 6 1
51 556 1 1 1 9 5 1
52 558 1 1 1 3 14 1
53 561 2 2 1 6 3 1 13 3 1
54 569 1 1 1 14 13 1
55 582 2 2 1 8 6 24 12 6 24
56 594 5 5 1 1 12 1 2 12 1 7 12 1 14 12 1 15 12 1
57 596 1 1 1 0 3 1
58 606 7 7 1 0 15 1 2 15 1 4 15 1 6 15 1 7 15 1 9 15 1 15 0 1
59 632 10 5 2 1 4 1 7 4 1 12 4 1 13 4 1 15 4 1 1 7 1 7 8 1 12 7 1 13 7 1 15 7 1
60 637 2 2 1 2 10 21 4 10 21
61 640 2 2 1 4 10 22 15 10 22
62 649 5 5 1 0 1 1 7 1 1 8 1 1 11 1 1 15 1 1
63 649 1 1 1 9 8 1
64 651 1 1 1 13 15 1
65 664 10 5 2 0 9 1 7 9 1 12 9 1 13 9 1 15 9 1 0 15 1 7 15 1 12 15 1 13 15 1 15 0 1
66 665 1 1 1 2 0 6
67 667 1 1 1 10 12 1
68 700 13 13 1 1 5 1 2 5 1 3 5 1 4 5 1 5 6 1 7 5 1 8 5 1 10 5 1 11 5 1 12 5 1 13 5 1 14 5 1 15 5 1
69 725 14 14 1 0 14 1 1 14 1 2 14 1 3 14 1 4 14 1 6 14 1 7 14 1 8 14 1 9 14 1 10 14 1 11 14 1 12 14 1 13 14 1 15 14 1
70 729 1 1 1 5 7 3
71 731 1 1 1 11 9 1
72 736 2 2 1 5 10 22 6 10 22
73 738 1 1 1 1 4 1
74 745 2 2 1 2 8 25 14 8 25
75 749 1 1 1 7 8 1
76 765 6 3 1 4 5 50 4 5 14 11 4 50 11 4 14 13 4 50 13 4 14
77 766 1 1 1 7 0 1
78 779 3 3 1 7 5 1 10 5 1 15 5 1
79 786 1 1 1 15 12 1
80 787 1 1 1 15 14 1
81 820 13 13 1 0 14 1 2 14 1 4 14 1 5 14 1 6 14 1 7 14 1 8 14 1 9 14 1 10 14 1 11 14 1 12 14 1 14 15 1 15 14 1
82 821 1 1 1 10 11 1
83 822 1 1 1 13 5 1
84 836 6 3 1 2 12 50 2 12 12 9 12 50 9 12 12 12 13 50 12 13 12
85 865 13 13 1 1 5 1 2 5 1 3 5 1 4 5 1 5 6 1 6 5 1 7 5 1 8 5 1 9 5 1 10 5 1 11 5 1 12 5 1 15 5 1
86 881 5 5 1 0 1 1 3 1 1 4 1 1 14 1 1 15 1 1
87 881 1 1 1 6 7 2
88 882 1 1 1 13 14 1
89 897 7 7 1 1 5 1 2 5 1 3 5 1 5 6 1 9 5 1 10 5 1 11 5 1
90 900 3 3 1 4 5 2 13 5 2 14 5 2
91 918 5 5 1 0 5 1 5 6 1 7 5 1 13 5 1 14 5 1
92 1090 75 15 5 0 1 4 1 0 4 2 0 4 4 0 4 5 0 4 6 0 4 7 0 4 8 0 4 9 0 4 10 0 4 11 0 4 12 0 4 13 0 4 14 0 4 15 0 4 0 1 4 1 2 4 2 1 4 4 1 4 5 1 4 6 1 4 7 1 4 8 1 4 9 1 4 10 1 4 11 1 4 12 1 4 13 1 4 14 1 4 15 1 4 0 7 4 1 7 4 2 7 4 4 7 4 5 7 4 6 7 4 7 8 4 8 7 4 9 7 4 10 7 4 11 7 4 12 7 4 13 7 4 14 7 4 15 7 4 0 10 4 1 10 4 2 10 4 4 10 4 5 10 4 6 10 4 7 10 4 8 10 4 9 10 4 10 11 4 11 10 4 12 10 4 13 10 4 14 10 4 15 10 4 0 13 4 1 13 4 2 13 4 4 13 4 5 13 4 6 13 4 7 13 4 8 13 4 9 13 4 10 13 4 11 13 4 12 13 4 13 14 4 14 13 4 15 13 4
93 1093 1 1 1 6 7 1
94 1100 5 5 1 3 6 1 4 6 1 5 6 1 13 6 1 14 6 1
95 1113 7 7 1 0 12 1 1 12 1 3 12 1 7 12 1 8 12 1 9 12 1 11 12 1
96 1116 2 2 1 10 3 1 11 3 1
97 1119 1 1 1 13 10 1
98 1129 3 3 1 3 7 9 4 7 9 15 7 9
99 1134 2 2 1 9 2 1 11 2 1
100 1139 3 3 1 4 14 2 7 14 2 11 14 2
101 1145 2 2 1 1 13 45 5 13 45
102 1146 1 1 1 12 6 3
103 1151 1 1 1 5 10 1
104 1152 1 1 1 3 7 1
105 1660 225 15 15 0 1 26 2 0 26 3 0 26 4 0 26 5 0 26 6 0 26 7 0 26 8 0 26 9 0 26 10 0 26 11 0 26 12 0 26 13 0 26 14 0 26 15 0 26 0 2 24 2 3 24 3 2 24 4 2 24 5 2 24 6 2 24 7 2 24 8 2 24 9 2 24 10 2 24 11 2 24 12 2 24 13 2 24 14 2 24 15 2 24 0 3 24 2 3 24 3 4 24 4 3 24 5 3 24 6 3 24 7 3 24 8 3 24 9 3 24 10 3 24 11 3 24 12 3 24 13 3 24 14 3 24 15 3 24 0 4 24 2 4 24 3 4 24 4 5 24 5 4 24 6 4 24 7 4 24 8 4 24 9 4 24 10 4 24 11 4 24 12 4 24 13 4 24 14 4 24 15 4 24 0 5 24 2 5 24 3 5 24 4 5 24 5 6 24 6 5 24 7 5 24 8 5 24 9 5 24 10 5 24 11 5 24 12 5 24 13 5 24 14 5 24 15 5 24 0 6 24 2 6 24 3 6 24 4 6 24 5 6 24 6 7 24 7 6 24 8 6 24 9 6 24 10 6 24 11 6 24 12 6 24 13 6 24 14 6 24 15 6 24 0 7 26 2 7 26 3 7 26 4 7 26 5 7 26 6 7 26 7 8 26 8 7 26 9 7 26 10 7 26 11 7 26 12 7 26 13 7 26 14 7 26 15 7 26 0 8 24 2 8 24 3 8 24 4 8 24 5 8 24 6 8 24 7 8 24 8 9 24 9 8 24 10 8 24 11 8 24 12 8 24 13 8 24 14 8 24 15 8 24 0 9 24 2 9 24 3 9 24 4 9 24 5 9 24 6 9 24 7 9 24 8 9 24 9 10 24 10 9 24 11 9 24 12 9 24 13 9 24 14 9 24 15 9 24 0 10 24 2 10 24 3 10 24 4 10 24 5 10 24 6 10 24 7 10 24 8 10 24 9 10 24 10 11 24 11 10 24 12 10 24 13 10 24 14 10 24 15 10 24 0 11 24 2 11 24 3 11 24 4 11 24 5 11 24 6 11 24 7 11 24 8 11 24 9 11 24 10 11 24 11 12 24 12 11 24 13 11 24 14 11 24 15 11 24 0 12 24 2 12 24 3 12 24 4 12 24 5 12 24 6 12 24 7 12 24 8 12 24 9 12 24 10 12 24 11 12 24 12 13 24 13 12 24 14 12 24 15 12 24 0 13 24 2 13 24 3 13 24 4 13 24 5 13 24 6 13 24 7 13 24 8 13 24 9 13 24 10 13 24 11 13 24 12 13 24 13 14 24 14 13 24 15 13 24 0 14 24 2 14 24 3 14 24 4 14 24 5 14 24 6 14 24 7 14 24 8 14 24 9 14 24 10 14 24 11 14 24 12 14 24 13 14 24 14 15 24 15 14 24 0 15 47 2 15 47 3 15 47 4 15 47 5 15 47 6 15 47 7 15 47 8 15 47 9 15 47 10 15 47 11 15 47 12 15 47 13 15 47 14 15 47 15 0 47
106 1702 13 13 1 0 6 1 1 6 1 2 6 1 3 6 1 6 7 1 7 6 1 8 6 1 9 6 1 10 6 1 11 6 1 12 6 1 13 6 1 14 6 1
107 1709 1 1 1 8 4 1
108 1710 1 1 1 2 11 1
109 1710 1 1 1 0 8 1
110 1714 2 2 1 8 13 46 11 13 46
111 1721 1 1 1 0 1 1
112 1783 13 13 1 0 4 1 2 4 1 3 4 1 4 5 1 5 4 1 6 4 1 7 4 1 8 4 1 9 4 1 10 4 1 12 4 1 13 4 1 15 4 1
113 1784 1 1 1 11 10 1
114 1806 7 7 1 0 8 1 5 8 1 6 8 1 7 8 1 10 8 1 11 8 1 15 8 1
115 1806 1 1 1 5 11 3
116 1867 30 10 3 0 2 1 1 2 1 4 2 1 5 2 1 6 2 1 7 2 1 8 2 1 9 2 1 13 2 1 14 2 1 0 13 1 1 13 1 4 13 1 5 13 1 6 13 1 7 13 1 8 13 1 9 13 1 13 14 1 14 13 1 0 14 1 1 14 1 4 14 1 5 14 1 6 14 1 7 14 1 8 14 1 9 14 1 13 14 1 14 15 1
117 2369 210 6 7 0 1 50 0 1 50 0 1 50 0 1 50 0 1 46 2 1 50 2 1 50 2 1 50 2 1 50 2 1 46 4 1 50 4 1 50 4 1 50 4 1 50 4 1 46 5 1 50 5 1 50 5 1 50 5 1 50 5 1 46 7 1 50 7 1 50 7 1 50 7 1 50 7 1 46 11 1 50 11 1 50 11 1 50 11 1 50 11 1 46 0 3 50 0 3 50 0 3 50 0 3 50 0 3 46 2 3 50 2 3 50 2 3 50 2 3 50 2 3 46 4 3 50 4 3 50 4 3 50 4 3 50 4 3 46 5 3 50 5 3 50 5 3 50 5 3 50 5 3 46 7 3 50 7 3 50 7 3 50 7 3 50 7 3 46 11 3 50 11 3 50 11 3 50 11 3 50 11 3 46 0 4 50 0 4 50 0 4 50 0 4 50 0 4 46 2 4 50 2 4 50 2 4 50 2 4 50 2 4 46 4 5 50 4 5 50 4 5 50 4 5 50 4 5 46 5 4 50 5 4 50 5 4 50 5 4 50 5 4 46 7 4 50 7 4 50 7 4 50 7 4 50 7 4 46 11 4 50 11 4 50 11 4 50 11 4 50 11 4 46 0 8 50 0 8 50 0 8 50 0 8 50 0 8 46 2 8 50 2 8 50 2 8 50 2 8 50 2 8 46 4 8 50 4 8 50 4 8 50 4 8 50 4 8 46 5 8 50 5 8 50 5 8 50 5 8 50 5 8 46 7 8 50 7 8 50 7 8 50 7 8 50 7 8 46 11 8 50 11 8 50 11 8 50 11 8 50 11 8 46 0 9 50 0 9 50 0 9 50 0 9 50 0 9 46 2 9 50 2 9 50 2 9 50 2 9 50 2 9 46 4 9 50 4 9 50 4 9 50 4 9 50 4 9 46 5 9 50 5 9 50 5 9 50 5 9 50 5 9 46 7 9 50 7 9 50 7 9 50 7 9 50 7 9 46 11 9 50 11 9 50 11 9 50 11 9 50 11 9 46 0 12 50 0 12 50 0 12 50 0 12 50 0 12 47 2 12 50 2 12 50 2 12 50 2 12 50 2 12 47 4 12 50 4 12 50 4 12 50 4 12 50 4 12 47 5 12 50 5 12 50 5 12 50 5 12 50 5 12 47 7 12 50 7 12 50 7 12 50 7 12 50 7 12 47 11 12 50 11 12 50 11 12 50 11 12 50 11 12 47 0 15 50 0 15 50 0 15 50 0 15 50 0 15 47 2 15 50 2 15 50 2 15 50 2 15 50 2 15 47 4 15 50 4 15 50 4 15 50 4 15 50 4 15 47 5 15 50 5 15 50 5 15 50 5 15 50 5 15 47 7 15 50 7 15 50 7 15 50 7 15 50 7 15 47 11 15 50 11 15 50 11 15 50 11 15 50 11 15 47
118 2370 1 1 1 3 9 1
119 2421 15 15 1 0 12 1 1 12 1 3 12 1 4 12 1 5 12 1 6 12 1 7 12 1 8 12 1 9 12 1 10 12 1 11 12 1 12 13 1 13 12 1 14 12 1 15 12 1
120 2427 2 2 1 7 11 21 12 11 21
121 2429 1 1 1 11 6 1
122 2436 2 2 1 5 13 25 10 13 25
123 2443 7 7 1 1 6 1 2 6 1 3 6 1 7 6 1 11 6 1 12 6 1 15 6 1
124 2448 1 1 1 12 13 1
125 2459 7 7 1 0 5 1 2 5 1 3 5 1 4 5 1 5 6 1 13 5 1 14 5 1
126 2460 3 3 1 7 5 2 9 5 2 14 5 2
127 2461 1 1 1 7 8 1
128 2487 10 5 2 0 1 1 4 0 1 10 0 1 11 0 1 14 0 1 0 9 1 4 9 1 10 9 1 11 9 1 14 9 1
129 2502 2 2 1 2 0 31 13 0 31
130 2503 1 1 1 0 6 1
131 2503 1 1 1 8 3 1
132 2518 7 7 1 4 5 1 5 4 1 6 4 1 9 4 1 13 4 1 14 4 1 15 4 1
133 2542 13 13 1 0 13 1 1 13 1 2 13 1 3 13 1 4 13 1 5 13 1 6 13 1 7 13 1 8 13 1 10 13 1 12 13 1 13 14 1 15 13 1
134 2542 1 1 1 13 3 1
135 2567 10 5 2 3 0 1 7 0 1 10 0 1 13 0 1 14 0 1 3 8 1 7 8 1 10 8 1 13 8 1 14 8 1
136 2595 14 14 1 0 11 1 1 11 1 3 11 1 4 11 1 5 11 1 6 11 1 7 11 1 8 11 1 9 11 1 10 11 1 11 12 1 12 11 1 13 11 1 14 11 1
137 2607 6 3 1 5 6 50 5 6 5 6 5 50 6 5 5 15 5 50 15 5 5
138 2621 6 3 1 3 6 50 3 6 10 7 6 50 7 6 10 11 6 50 11 6 10
139 2654 15 15 1 0 7 1 1 7 1 2 7 1 4 7 1 5 7 1 6 7 1 7 8 1 8 7 1 9 7 1 10 7 1 11 7 1 12 7 1 13 7 1 14 7 1 15 7 1
140 2654 1 1 1 8 2 18
141 2660 1 1 1 8 14 1
142 2663 1 1 1 1 5 1
143 2677 7 7 1 1 8 1 2 8 1 4 8 1 5 8 1 7 8 1 12 8 1 14 8 1
144 3280 225 15 15 0 1 8 1 0 8 2 0 8 3 0 8 4 0 8 5 0 8 6 0 8 7 0 8 8 0 8 9 0 8 10 0 8 11 0 8 13 0 8 14 0 8 15 0 8 0 1 8 1 2 8 2 1 8 3 1 8 4 1 8 5 1 8 6 1 8 7 1 8 8 1 8 9 1 8 10 1 8 11 1 8 13 1 8 14 1 8 15 1 8 0 2 8 1 2 8 2 3 8 3 2 8 4 2 8 5 2 8 6 2 8 7 2 8 8 2 8 9 2 8 10 2 8 11 2 8 13 2 8 14 2 8 15 2 8 0 3 8 1 3 8 2 3 8 3 4 8 4 3 8 5 3 8 6 3 8 7 3 8 8 3 8 9 3 8 10 3 8 11 3 8 13 3 8 14 3 8 15 3 8 0 4 8 1 4 8 2 4 8 3 4 8 4 5 8 5 4 8 6 4 8 7 4 8 8 4 8 9 4 8 10 4 8 11 4 8 13 4 8 14 4 8 15 4 8 0 5 8 1 5 8 2 5 8 3 5 8 4 5 8 5 6 8 6 5 8 7 5 8 8 5 8 9 5 8 10 5 8 11 5 8 13 5 8 14 5 8 15 5 8 0 6 8 1 6 8 2 6 8 3 6 8 4 6 8 5 6 8 6 7 8 7 6 8 8 6 8 9 6 8 10 6 8 11 6 8 13 6 8 14 6 8 15 6 8 0 7 16 1 7 16 2 7 16 3 7 16 4 7 16 5 7 16 6 7 16 7 8 16 8 7 16 9 7 16 10 7 16 11 7 16 13 7 16 14 7 16 15 7 16 0 8 8 1 8 8 2 8 8 3 8 8 4 8 8 5 8 8 6 8 8 7 8 8 8 9 8 9 8 8 10 8 8 11 8 8 13 8 8 14 8 8 15 8 8 0 9 8 1 9 8 2 9 8 3 9 8 4 9 8 5 9 8 6 9 8 7 9 8 8 9 8 9 10 8 10 9 8 11 9 8 13 9 8 14 9 8 15 9 8 0 10 9 1 10 9 2 10 9 3 10 9 4 10 9 5 10 9 6 10 9 7 10 9 8 10 9 9 10 9 10 11 9 11 10 9 13 10 9 14 10 9 15 10 9 0 12 8 1 12 8 2 12 8 3 12 8 4 12 8 5 12 8 6 12 8 7 12 8 8 12 8 9 12 8 10 12 8 11 12 8 13 12 8 14 12 8 15 12 8 0 13 8 1 13 8 2 13 8 3 13 8 4 13 8 5 13 8 6 13 8 7 13 8 8 13 8 9 13 8 10 13 8 11 13 8 13 14 8 14 13 8 15 13 8 0 14 8 1 14 8 2 14 8 3 14 8 4 14 8 5 14 8 6 14 8 7 14 8 8 14 8 9 14 8 10 14 8 11 14 8 13 14 8 14 15 8 15 14 8 0 15 8 1 15 8 2 15 8 3 15 8 4 15 8 5 15 8 6 15 8 7 15 8 8 15 8 9 15 8 10 15 8 11 15 8 13 15 8 14 15 8 15 0 8
145 3282 1 1 1 5 2 1
146 3287 1 1 1 4 11 1
147 3301 7 7 1 3 5 1 6 5 1 7 5 1 8 5 1 10 5 1 12 5 1 13 5 1
148 3309 1 1 1 0 3 18
149 3318 5 5 1 1 4 1 3 4 1 4 5 1 10 4 1 14 4 1
150 3325 3 3 1 3 4 1 5 3 1 13 3 1
151 3327 2 2 1 3 14 1 9 14 1
152 3328 1 1 1 13 5 1
153 3332 1 1 1 8 15 1
154 3333 2 2 1 4 11 44 14 11 44
155 3543 75 15 5 0 1 4 1 0 4 2 0 4 3 0 4 4 0 4 5 0 4 6 0 4 7 0 4 8 0 4 9 0 4 10 0 4 11 0 4 13 0 4 14 0 4 15 0 4 0 3 4 1 3 4 2 3 4 3 4 4 4 3 4 5 3 4 6 3 4 7 3 4 8 3 4 9 3 4 10 3 4 11 3 4 13 3 4 14 3 4 15 3 4 0 8 4 1 8 4 2 8 4 3 8 4 4 8 4 5 8 4 6 8 4 7 8 4 8 9 4 9 8 4 10 8 4 11 8 4 13 8 4 14 8 4 15 8 4 0 11 4 1 11 4 2 11 4 3 11 4 4 11 4 5 11 4 6 11 4 7 11 4 8 11 4 9 11 4 10 11 4 11 12 4 13 11 4 14 11 4 15 11 4 0 13 4 1 13 4 2 13 4 3 13 4 4 13 4 5 13 4 6 13 4 7 13 4 8 13 4 9 13 4 10 13 4 11 13 4 13 14 4 14 13 4 15 13 4
156 3543 1 1 1 1 14 1
157 3572 14 14 1 0 10 1 1 10 1 2 10 1 3 10 1 5 10 1 6 10 1 7 10 1 8 10 1 9 10 1 10 11 1 11 10 1 12 10 1 14 10 1 15 10 1
158 3573 1 1 1 10 2 1
159 3579 1 1 1 0 12 1
160 3587 1 1 1 8 2 1
161 3590 1 1 1 3 8 1
162 3599 2 2 1 2 3 1 3 2 1
163 3603 1 1 1 5 11 1
164 3605 2 1 1 14 0 50 14 0 9
165 3680 24 8 3 0 5 29 4 5 29 5 6 29 6 5 29 7 5 29 9 5 29 10 5 29 12 5 29 0 7 26 4 7 26 5 7 26 6 7 26 7 8 26 9 7 26 10 7 26 12 7 26 0 11 26 4 11 26 5 11 26 6 11 26 7 11 26 9 11 26 10 11 26 12 11 26
166 4217 203 7 7 0 1 50 0 1 50 0 1 50 0 1 48 2 1 50 2 1 50 2 1 50 2 1 48 3 1 50 3 1 50 3 1 50 3 1 48 10 1 50 10 1 50 10 1 50 10 1 48 11 1 50 11 1 50 11 1 50 11 1 48 14 1 50 14 1 50 14 1 50 14 1 48 15 1 50 15 1 50 15 1 50 15 1 48 0 4 50 0 4 50 0 4 50 0 4 48 2 4 50 2 4 50 2 4 50 2 4 48 3 4 50 3 4 50 3 4 50 3 4 48 10 4 50 10 4 50 10 4 50 10 4 48 11 4 50 11 4 50 11 4 50 11 4 48 14 4 50 14 4 50 14 4 50 14 4 48 15 4 50 15 4 50 15 4 50 15 4 48 0 10 50 0 10 50 0 10 50 0 10 50 0 10 12 2 10 50 2 10 50 2 10 50 2 10 50 2 10 12 3 10 50 3 10 50 3 10 50 3 10 50 3 10 12 10 11 50 10 11 50 10 11 50 10 11 50 10 11 12 11 10 50 11 10 50 11 10 50 11 10 50 11 10 12 14 10 50 14 10 50 14 10 50 14 10 50 14 10 12 15 10 50 15 10 50 15 10 50 15 10 50 15 10 12 0 11 50 0 11 50 0 11 50 0 11 48 2 11 50 2 11 50 2 11 50 2 11 48 3 11 50 3 11 50 3 11 50 3 11 48 10 11 50 10 11 50 10 11 50 10 11 48 11 12 50 11 12 50 11 12 50 11 12 48 14 11 50 14 11 50 14 11 50 14 11 48 15 11 50 15 11 50 15 11 50 15 11 48 0 12 50 0 12 50 0 12 50 0 12 48 2 12 50 2 12 50 2 12 50 2 12 48 3 12 50 3 12 50 3 12 50 3 12 48 10 12 50 10 12 50 10 12 50 10 12 48 11 12 50 11 12 50 11 12 50 11 12 48 14 12 50 14 12 50 14 12 50 14 12 48 15 12 50 15 12 50 15 12 50 15 12 48 0 14 50 0 14 50 0 14 50 0 14 48 2 14 50 2 14 50 2 14 50 2 14 48 3 14 50 3 14 50 3 14 50 3 14 48 10 14 50 10 14 50 10 14 50 10 14 48 11 14 50 11 14 50 11 14 50 11 14 48 14 15 50 14 15 50 14 15 50 14 15 48 15 14 50 15 14 50 15 14 50 15 14 48 0 15 50 0 15 50 0 15 50 0 15 48 2 15 50 2 15 50 2 15 50 2 15 48 3 15 50 3 15 50 3 15 50 3 15 48 10 15 50 10 15 50 10 15 50 10 15 48 11 15 50 11 15 50 11 15 50 11 15 48 14 15 50 14 15 50 14 15 50 14 15 48 15 0 50 15 0 50 15 0 50 15 0 48
167 4297 32 16 2 0 2 5 1 2 5 2 3 5 3 2 5 4 2 5 5 2 5 6 2 5 7 2 5 8 2 5 9 2 5 10 2 5 11 2 5 12 2 5 13 2 5 14 2 5 15 2 5 0 12 5 1 12 5 2 12 5 3 12 5 4 12 5 5 12 5 6 12 5 7 12 5 8 12 5 9 12 5 10 12 5 11 12 5 12 13 5 13 12 5 14 12 5 15 12 5
168 4315 7 7 1 0 6 1 3 6 1 4 6 1 5 6 1 6 7 1 11 6 1 15 6 1
169 4733 180 12 15 1 0 4 2 0 4 3 0 4 4 0 4 6 0 4 7 0 4 8 0 4 9 0 4 11 0 4 12 0 4 14 0 4 15 0 4 1 2 4 2 1 4 3 1 4 4 1 4 6 1 4 7 1 4 8 1 4 9 1 4 11 1 4 12 1 4 14 1 4 15 1 4 1 2 4 2 3 4 3 2 4 4 2 4 6 2 4 7 2 4 8 2 4 9 2 4 11 2 4 12 2 4 14 2 4 15 2 4 1 3 4 2 3 4 3 4 4 4 3 4 6 3 4 7 3 4 8 3 4 9 3 4 11 3 4 12 3 4 14 3 4 15 3 4 1 4 4 2 4 4 3 4 4 4 5 4 6 4 4 7 4 4 8 4 4 9 4 4 11 4 4 12 4 4 14 4 4 15 4 4 1 5 8 2 5 8 3 5 8 4 5 8 6 5 8 7 5 8 8 5 8 9 5 8 11 5 8 12 5 8 14 5 8 15 5 8 1 6 5 2 6 5 3 6 5 4 6 5 6 7 5 7 6 5 8 6 5 9 6 5 11 6 5 12 6 5 14 6 5 15 6 5 1 7 4 2 7 4 3 7 4 4 7 4 6 7 4 7 8 4 8 7 4 9 7 4 11 7 4 12 7 4 14 7 4 15 7 4 1 8 4 2 8 4 3 8 4 4 8 4 6 8 4 7 8 4 8 9 4 9 8 4 11 8 4 12 8 4 14 8 4 15 8 4 1 9 4 2 9 4 3 9 4 4 9 4 6 9 4 7 9 4 8 9 4 9 10 4 11 9 4 12 9 4 14 9 4 15 9 4 1 10 4 2 10 4 3 10 4 4 10 4 6 10 4 7 10 4 8 10 4 9 10 4 11 10 4 12 10 4 14 10 4 15 10 4 1 11 4 2 11 4 3 11 4 4 11 4 6 11 4 7 11 4 8 11 4 9 11 4 11 12 4 12 11 4 14 11 4 15 11 4 1 12 4 2 12 4 3 12 4 4 12 4 6 12 4 7 12 4 8 12 4 9 12 4 11 12 4 12 13 4 14 12 4 15 12 4 1 13 4 2 13 4 3 13 4 4 13 4 6 13 4 7 13 4 8 13 4 9 13 4 11 13 4 12 13 4 14 13 4 15 13 4 1 15 4 2 15 4 3 15 4 4 15 4 6 15 4 7 15 4 8 15 4 9 15 4 11 15 4 12 15 4 14 15 4 15 0 4
170 4755 6 3 1 0 1 50 0 1 3 12 0 50 12 0 3 15 0 50 15 0 3
171 4810 14 14 1 1 3 1 2 3 1 3 4 1 4 3 1 5 3 1 6 3 1 7 3 1 8 3 1 10 3 1 11 3 1 12 3 1 13 3 1 14 3 1 15 3 1
172 4843 14 14 1 0 15 1 1 15 1 2 15 1 4 15 1 5 15 1 6 15 1 7 15 1 8 15 1 9 15 1 10 15 1 11 15 1 12 15 1 13 15 1 15 0 1
173 4844 1 1 1 11 14 1
174 4846 2 2 1 10 9 21 15 9 21
175 4847 1 1 1 15 0 1
176 4874 14 14 1 0 1 1 1 0 1 2 0 1 3 0 1 4 0 1 5 0 1 7 0 1 8 0 1 9 0 1 10 0 1 12 0 1 13 0 1 14 0 1 15 0 1
177 4880 1 1 1 2 9 1
178 4925 15 15 1 1 8 1 2 8 1 3 8 1 4 8 1 5 8 1 6 8 1 7 8 1 8 9 1 9 8 1 10 8 1 11 8 1 12 8 1 13 8 1 14 8 1 15 8 1
179 4926 1 1 1 1 14 1
180 4926 1 1 1 5 13 1
181 4954 13 13 1 0 15 1 1 15 1 2 15 1 4 15 1 6 15 1 7 15 1 8 15 1 9 15 1 10 15 1 12 15 1 13 15 1 14 15 1 15 0 1
182 5007 13 13 1 0 4 1 2 4 1 3 4 1 4 5 1 5 4 1 7 4 1 8 4 1 9 4 1 10 4 1 11 4 1 13 4 1 14 4 1 15 4 1
183 5028 14 14 1 0 12 1 1 12 1 2 12 1 3 12 1 4 12 1 5 12 1 7 12 1 8 12 1 9 12 1 11 12 1 12 13 1 13 12 1 14 12 1 15 12 1
184 5029 1 1 1 8 6 1
185 5042 7 7 1 0 3 1 3 4 1 6 3 1 9 3 1 13 3 1 14 3 1 15 3 1
186 5042 1 1 1 12 4 1
187 5066 14 14 1 1 15 1 3 15 1 4 15 1 5 15 1 6 15 1 7 15 1 8 15 1 9 15 1 10 15 1 11 15 1 12 15 1 13 15 1 14 15 1 15 0 1
188 5080 3 3 1 3 1 1 8 1 1 12 1 1
189 5099 4 4 1 3 5 1 10 5 1 13 5 1 15 5 1
190 5111 7 7 1 0 4 1 2 4 1 3 4 1 6 4 1 7 4 1 11 4 1 15 4 1
191 5503 180 12 15 0 1 4 1 0 4 3 0 4 4 0 4 5 0 4 6 0 4 8 0 4 9 0 4 11 0 4 12 0 4 14 0 4 15 0 4 0 1 4 1 2 4 3 1 4 4 1 4 5 1 4 6 1 4 8 1 4 9 1 4 11 1 4 12 1 4 14 1 4 15 1 4 0 2 4 1 2 4 3 2 4 4 2 4 5 2 4 6 2 4 8 2 4 9 2 4 11 2 4 12 2 4 14 2 4 15 2 4 0 3 4 1 3 4 3 4 4 4 3 4 5 3 4 6 3 4 8 3 4 9 3 4 11 3 4 12 3 4 14 3 4 15 3 4 0 4 4 1 4 4 3 4 4 4 5 4 5 4 4 6 4 4 8 4 4 9 4 4 11 4 4 12 4 4 14 4 4 15 4 4 0 5 8 1 5 8 3 5 8 4 5 8 5 6 8 6 5 8 8 5 8 9 5 8 11 5 8 12 5 8 14 5 8 15 5 8 0 6 5 1 6 5 3 6 5 4 6 5 5 6 5 6 7 5 8 6 5 9 6 5 11 6 5 12 6 5 14 6 5 15 6 5 0 8 4 1 8 4 3 8 4 4 8 4 5 8 4 6 8 4 8 9 4 9 8 4 11 8 4 12 8 4 14 8 4 15 8 4 0 9 4 1 9 4 3 9 4 4 9 4 5 9 4 6 9 4 8 9 4 9 10 4 11 9 4 12 9 4 14 9 4 15 9 4 0 10 4 1 10 4 3 10 4 4 10 4 5 10 4 6 10 4 8 10 4 9 10 4 11 10 4 12 10 4 14 10 4 15 10 4 0 11 4 1 11 4 3 11 4 4 11 4 5 11 4 6 11 4 8 11 4 9 11 4 11 12 4 12 11 4 14 11 4 15 11 4 0 12 4 1 12 4 3 12 4 4 12 4 5 12 4 6 12 4 8 12 4 9 12 4 11 12 4 12 13 4 14 12 4 15 12 4 0 13 4 1 13 4 3 13 4 4 13 4 5 13 4 6 13 4 8 13 4 9 13 4 11 13 4 12 13 4 14 13 4 15 13 4 0 14 4 1 14 4 3 14 4 4 14 4 5 14 4 6 14 4 8 14 4 9 14 4 11 14 4 12 14 4 14 15 4 15 14 4 0 15 4 1 15 4 3 15 4 4 15 4 5 15 4 6 15 4 8 15 4 9 15 4 11 15 4 12 15 4 14 15 4 15 0 4
192 5507 1 1 1 0 7 1
193 5514 3 3 1 6 7 1 13 7 1 14 7 1
194 5519 2 2 1 0 1 1 2 0 1
195 5536 5 5 1 4 5 1 6 5 1 8 5 1 13 5 1 14 5 1
196 5540 1 1 1 6 3 1
197 5542 1 1 1 8 6 1
198 5550 2 2 1 0 15 21 3 15 21
199 5562 1 1 1 1 8 1
200 5567 1 1 1 2 13 1
201 5567 1 1 1 3 5 1
202 5569 1 1 1 8 12 1
203 5593 12 1 1 1 14 50 1 14 50 1 14 50 1 14 50 1 14 50 1 14 50 1 14 50 1 14 50 1 14 50 1 14 50 1 14 50 1 14 33
204 6050 180 12 15 0 1 4 1 0 4 4 0 4 6 0 4 7 0 4 8 0 4 9 0 4 10 0 4 12 0 4 13 0 4 14 0 4 15 0 4 0 1 4 1 2 4 4 1 4 6 1 4 7 1 4 8 1 4 9 1 4 10 1 4 12 1 4 13 1 4 14 1 4 15 1 4 0 2 4 1 2 4 4 2 4 6 2 4 7 2 4 8 2 4 9 2 4 10 2 4 12 2 4 13 2 4 14 2 4 15 2 4 0 3 4 1 3 4 4 3 4 6 3 4 7 3 4 8 3 4 9 3 4 10 3 4 12 3 4 13 3 4 14 3 4 15 3 4 0 4 4 1 4 4 4 5 4 6 4 4 7 4 4 8 4 4 9 4 4 10 4 4 12 4 4 13 4 4 14 4 4 15 4 4 0 5 8 1 5 8 4 5 8 6 5 8 7 5 8 8 5 8 9 5 8 10 5 8 12 5 8 13 5 8 14 5 8 15 5 8 0 6 5 1 6 5 4 6 5 6 7 5 7 6 5 8 6 5 9 6 5 10 6 5 12 6 5 13 6 5 14 6 5 15 6 5 0 7 4 1 7 4 4 7 4 6 7 4 7 8 4 8 7 4 9 7 4 10 7 4 12 7 4 13 7 4 14 7 4 15 7 4 0 8 4 1 8 4 4 8 4 6 8 4 7 8 4 8 9 4 9 8 4 10 8 4 12 8 4 13 8 4 14 8 4 15 8 4 0 9 4 1 9 4 4 9 4 6 9 4 7 9 4 8 9 4 9 10 4 10 9 4 12 9 4 13 9 4 14 9 4 15 9 4 0 10 4 1 10 4 4 10 4 6 10 4 7 10 4 8 10 4 9 10 4 10 11 4 12 10 4 13 10 4 14 10 4 15 10 4 0 11 4 1 11 4 4 11 4 6 11 4 7 11 4 8 11 4 9 11 4 10 11 4 12 11 4 13 11 4 14 11 4 15 11 4 0 12 4 1 12 4 4 12 4 6 12 4 7 12 4 8 12 4 9 12 4 10 12 4 12 13 4 13 12 4 14 12 4 15 12 4 0 13 4 1 13 4 4 13 4 6 13 4 7 13 4 8 13 4 9 13 4 10 13 4 12 13 4 13 14 4 14 13 4 15 13 4 0 14 4 1 14 4 4 14 4 6 14 4 7 14 4 8 14 4 9 14 4 10 14 4 12 14 4 13 14 4 14 15 4 15 14 4
205 6068 6 2 3 1 5 49 8 5 49 1 10 49 8 10 49 1 13 49 8 13 49
206 6068 1 1 1 6 7 1
207 6087 10 5 2 2 6 1 3 6 1 4 6 1 7 6 1 15 6 1 2 14 1 3 14 1 4 14 1 7 14 1 15 14 1
208 6090 2 2 1 4 15 23 13 15 23
209 6092 1 1 1 5 9 1
210 6104 2 2 1 5 2 24 7 2 24
211 6110 4 2 1 2 12 50 2 12 26 12 13 50 12 13 26
212 6115 3 3 1 2 9 1 13 9 1 14 9 1
213 6123 3 3 1 7 0 2 8 0 2 13 0 2
214 6124 2 2 1 10 12 1 11 12 1
215 6129 1 1 1 10 4 1
216 6135 5 5 1 1 14 1 3 14 1 5 14 1 11 14 1 14 15 1
217 6136 1 1 1 1 15 1
218 6312 75 15 5 0 1 4 1 0 4 2 0 4 3 0 4 4 0 4 5 0 4 6 0 4 7 0 4 8 0 4 9 0 4 10 0 4 11 0 4 13 0 4 14 0 4 15 0 4 0 2 4 1 2 4 2 3 4 3 2 4 4 2 4 5 2 4 6 2 4 7 2 4 8 2 4 9 2 4 10 2 4 11 2 4 13 2 4 14 2 4 15 2 4 0 5 4 1 5 4 2 5 4 3 5 4 4 5 4 5 6 4 6 5 4 7 5 4 8 5 4 9 5 4 10 5 4 11 5 4 13 5 4 14 5 4 15 5 4 0 7 4 1 7 4 2 7 4 3 7 4 4 7 4 5 7 4 6 7 4 7 8 4 8 7 4 9 7 4 10 7 4 11 7 4 13 7 4 14 7 4 15 7 4 0 15 4 1 15 4 2 15 4 3 15 4 4 15 4 5 15 4 6 15 4 7 15 4 8 15 4 9 15 4 10 15 4 11 15 4 13 15 4 14 15 4 15 0 4
219 6329 6 3 1 7 8 50 7 8 13 9 8 50 9 8 13 12 8 50 12 8 13
220 6348 7 7 1 2 3 1 6 3 1 10 3 1 11 3 1 12 3 1 13 3 1 15 3 1
221 6555 75 15 5 0 3 4 1 3 4 2 3 4 3 4 4 4 3 4 5 3 4 6 3 4 7 3 4 8 3 4 9 3 4 11 3 4 12 3 4 13 3 4 14 3 4 15 3 4 0 6 4 1 6 4 2 6 4 3 6 4 4 6 4 5 6 4 6 7 4 7 6 4 8 6 4 9 6 4 11 6 4 12 6 4 13 6 4 14 6 4 15 6 4 0 11 4 1 11 4 2 11 4 3 11 4 4 11 4 5 11 4 6 11 4 7 11 4 8 11 4 9 11 4 11 12 4 12 11 4 13 11 4 14 11 4 15 11 4 0 13 4 1 13 4 2 13 4 3 13 4 4 13 4 5 13 4 6 13 4 7 13 4 8 13 4 9 13 4 11 13 4 12 13 4 13 14 4 14 13 4 15 13 4 0 14 4 1 14 4 2 14 4 3 14 4 4 14 4 5 14 4 6 14 4 7 14 4 8 14 4 9 14 4 11 14 4 12 14 4 13 14 4 14 15 4 15 14 4
222 6598 15 15 1 0 4 1 1 4 1 2 4 1 3 4 1 4 5 1 5 4 1 6 4 1 7 4 1 8 4 1 9 4 1 10 4 1 11 4 1 12 4 1 14 4 1 15 4 1
223 6598 1 1 1 0 1 1
224 6616 14 14 1 0 14 1 1 14 1 2 14 1 3 14 1 4 14 1 5 14 1 7 14 1 8 14 1 9 14 1 10 14 1 11 14 1 12 14 1 13 14 1 15 14 1
225 6627 7 7 1 6 12 1 8 12 1 9 12 1 11 12 1 12 13 1 14 12 1 15 12 1
226 6629 1 1 1 5 9 1
227 6659 7 7 1 0 6 1 1 6 1 2 6 1 5 6 1 11 6 1 14 6 1 15 6 1
228 6678 10 5 2 0 2 1 2 3 1 10 2 1 12 2 1 14 2 1 0 12 1 2 12 1 10 12 1 12 13 1 14 12 1
229 6681 1 1 1 11 10 1
230 6683 1 1 1 4 9 1
231 6694 4 2 1 6 14 50 6 14 1 13 14 50 13 14 1
232 6720 7 7 1 1 2 1 3 2 1 4 2 1 6 2 1 9 2 1 10 2 1 11 2 1
233 6741 7 7 1 1 12 1 3 12 1 4 12 1 5 12 1 11 12 1 13 12 1 15 12 1
234 6744 2 2 1 9 12 21 10 12 21
235 6747 1 1 1 0 4 1
236 6758 6 3 1 1 2 50 1 2 13 2 1 50 2 1 13 14 1 50 14 1 13
237 6758 1 1 1 1 10 1
238 6765 3 3 1 0 14 1 1 14 1 8 14 1
239 6769 2 2 1 11 2 1 12 2 1
240 6797 6 2 3 12 5 1 13 5 1 12 13 1 13 14 1 12 15 4 13 15 4
241 6807 6 2 1 9 10 50 9 10 50 9 10 23 12 10 50 12 10 50 12 10 23
242 6809 1 1 1 11 4 1
243 6814 2 2 1 1 6 1 14 6 1
244 6817 1 1 1 0 10 1
245 6827 3 3 1 0 1 2 8 1 2 10 1 2
246 6865 15 15 1 0 11 1 1 11 1 2 11 1 3 11 1 5 11 1 6 11 1 7 11 1 8 11 1 9 11 1 10 11 1 11 12 1 12 11 1 13 11 1 14 11 1 15 11 1
247 6898 14 14 1 0 9 1 1 9 1 2 9 1 4 9 1 5 9 1 6 9 1 7 9 1 9 10 1 10 9 1 11 9 1 12 9 1 13 9 1 14 9 1 15 9 1
248 6898 1 1 1 2 5 1
249 6911 3 3 1 0 5 1 5 6 1 8 5 1
250 6916 1 1 1 13 10 1
251 6947 13 13 1 1 11 1 2 11 1 3 11 1 5 11 1 6 11 1 7 11 1 8 11 1 10 11 1 11 12 1 12 11 1 13 11 1 14 11 1 15 11 1
252 6964 6 3 1 3 15 50 3 15 12 10 15 50 10 15 12 15 0 50 15 0 12
253 6971 1 1 1 10 7 7
254 7006 14 14 1 0 6 1 1 6 1 4 6 1 5 6 1 6 7 1 7 6 1 8 6 1 9 6 1 10 6 1 11 6 1 12 6 1 13 6 1 14 6 1 15 6 1
255 7045 14 14 1 0 12 1 1 12 1 2 12 1 4 12 1 5 12 1 6 12 1 7 12 1 8 12 1 9 12 1 10 12 1 11 12 1 12 13 1 13 12 1 15 12 1
256 7077 13 13 1 0 12 1 1 12 1 3 12 1 5 12 1 6 12 1 7 12 1 8 12 1 10 12 1 11 12 1 12 13 1 13 12 1 14 12 1 15 12 1
257 7084 3 3 1 2 5 1 6 5 1 10 5 1
258 7087 2 2 1 11 7 1 14 7 1
259 7098 7 7 1 1 6 1 4 6 1 5 6 1 8 6 1 11 6 1 12 6 1 13 6 1
260 7116 7 7 1 0 4 1 2 4 1 3 4 1 8 4 1 12 4 1 14 4 1 15 4 1
261 7160 15 15 1 0 14 1 1 14 1 2 14 1 3 14 1 4 14 1 5 14 1 6 14 1 7 14 1 9 14 1 10 14 1 11 14 1 12 14 1 13 14 1 14 15 1 15 14 1
262 7161 1 1 1 1 5 1
263 7161 1 1 1 8 12 1
264 7164 1 1 1 14 10 1
265 7165 1 1 1 5 15 1
266 7183 4 2 1 11 3 50 11 3 26 13 3 50 13 3 26
267 7185 1 1 1 10 0 1
268 7188 3 3 1 6 7 1 7 6 1 13 6 1
269 7203 7 7 1 0 6 1 3 6 1 7 6 1 8 6 1 11 6 1 12 6 1 14 6 1
270 7205 3 3 1 4 9 9 7 9 9 9 10 9
271 7212 1 1 1 6 13 1
272 7215 1 1 1 6 13 1
273 7231 7 7 1 0 2 1 1 2 1 2 3 1 6 2 1 7 2 1 11 2 1 13 2 1
274 7231 1 1 1 4 9 1
275 7294 24 4 1 6 13 50 6 13 50 6 13 50 6 13 50 6 13 50 6 13 45 7 13 50 7 13 50 7 13 50 7 13 50 7 13 50 7 13 45 9 13 50 9 13 50 9 13 50 9 13 50 9 13 50 9 13 45 10 13 50 10 13 50 10 13 50 10 13 50 10 13 50 10 13 45
276 7295 2 2 1 3 12 24 4 12 24
277 7330 14 14 1 0 15 1 1 15 1 2 15 1 3 15 1 4 15 1 5 15 1 6 15 1 8 15 1 9 15 1 10 15 1 11 15 1 12 15 1 13 15 1 15 0 1
278 7331 2 2 1 2 13 1 6 13 1
279 7357 7 7 1 6 12 1 8 12 1 9 12 1 10 12 1 12 13 1 13 12 1 15 12 1
280 7360 1 1 1 6 11 1
281 7373 6 2 3 9 1 49 10 1 49 9 2 49 10 2 49 9 12 49 10 12 49
282 7376 1 1 1 9 10 18
283 7380 1 1 1 3 4 1
284 7388 1 1 1 4 3 1
285 7397 6 3 1 2 8 50 2 8 3 3 8 50 3 8 3 12 8 50 12 8 3
286 7401 1 1 1 10 5 7
287 7401 2 2 1 2 3 22 3 4 22
288 7414 1 1 1 3 10 1
289 7468 24 4 1 6 5 50 6 5 50 6 5 50 6 5 50 6 5 50 6 5 45 7 5 50 7 5 50 7 5 50 7 5 50 7 5 50 7 5 45 10 5 50 10 5 50 10 5 50 10 5 50 10 5 50 10 5 45 11 5 50 11 5 50 11 5 50 11 5 50 11 5 50 11 5 45
290 7469 1 1 1 8 6 1
291 7479 6 3 1 1 0 50 1 0 3 3 0 50 3 0 3 11 0 50 11 0 3
292 7485 3 3 1 6 4 1 10 4 1 13 4 1
293 7508 12 1 1 15 0 50 15 0 50 15 0 50 15 0 50 15 0 50 15 0 50 15 0 50 15 0 50 15 0 50 15 0 50 15 0 50 15 0 33
294 7517 2 2 1 7 0 24 9 0 24
295 7543 7 7 1 2 9 1 8 9 1 9 10 1 11 9 1 13 9 1 14 9 1 15 9 1
296 7556 3 3 1 3 4 2 4 5 2 10 4 2
297 7601 15 15 1 0 7 1 2 7 1 3 7 1 4 7 1 5 7 1 6 7 1 7 8 1 8 7 1 9 7 1 10 7 1 11 7 1 12 7 1 13 7 1 14 7 1 15 7 1
298 7622 7 7 1 0 13 1 2 13 1 3 13 1 5 13 1 7 13 1 13 14 1 14 13 1
299 7674 28 14 1 0 4 50 0 4 8 1 4 50 1 4 8 2 4 50 2 4 8 3 4 50 3 4 8 4 5 50 4 5 8 5 4 50 5 4 8 6 4 50 6 4 8 7 4 50 7 4 8 8 4 50 8 4 8 9 4 50 9 4 8 11 4 50 11 4 8 12 4 50 12 4 8 14 4 50 14 4 8 15 4 50 15 4 8
300 7685 7 7 1 0 15 1 1 15 1 3 15 1 8 15 1 10 15 1 13 15 1 15 0 1
301 7689 1 1 1 4 3 1
302 7693 4 2 1 10 0 50 10 0 1 11 0 50 11 0 1
303 7723 13 13 1 1 7 1 2 7 1 3 7 1 4 7 1 5 7 1 6 7 1 7 8 1 8 7 1 10 7 1 11 7 1 12 7 1 13 7 1 15 7 1
304 7724 1 1 1 6 14 1
305 7730 1 1 1 8 15 1
306 7744 7 7 1 3 10 1 5 10 1 7 10 1 9 10 1 10 11 1 11 10 1 13 10 1
307 7822 32 16 2 0 1 5 1 0 5 2 0 5 3 0 5 4 0 5 5 0 5 6 0 5 7 0 5 8 0 5 9 0 5 10 0 5 11 0 5 12 0 5 13 0 5 14 0 5 15 0 5 0 8 5 1 8 5 2 8 5 3 8 5 4 8 5 5 8 5 6 8 5 7 8 5 8 9 5 9 8 5 10 8 5 11 8 5 12 8 5 13 8 5 14 8 5 15 8 5
308 7822 1 1 1 2 5 1
309 7822 1 1 1 1 10 1
310 7823 1 1 1 2 15 1
311 7824 1 1 1 5 6 1
312 7845 14 14 1 0 10 1 1 10 1 3 10 1 4 10 1 5 10 1 7 10 1 8 10 1 9 10 1 10 11 1 11 10 1 12 10 1 13 10 1 14 10 1 15 10 1
313 7853 1 1 1 6 0 1
314 7856 1 1 1 4 11 6
315 7858 1 1 1 8 7 6
316 7888 14 14 1 0 4 1 1 4 1 2 4 1 3 4 1 5 4 1 7 4 1 8 4 1 9 4 1 10 4 1 11 4 1 12 4 1 13 4 1 14 4 1 15 4 1
317 7914 7 7 1 2 8 1 4 8 1 5 8 1 6 8 1 10 8 1 11 8 1 13 8 1
318 7929 13 13 1 0 3 1 1 3 1 3 4 1 4 3 1 5 3 1 7 3 1 8 3 1 9 3 1 11 3 1 12 3 1 13 3 1 14 3 1 15 3 1
319 7964 14 14 1 0 3 1 1 3 1 2 3 1 4 3 1 5 3 1 6 3 1 7 3 1 8 3 1 9 3 1 10 3 1 12 3 1 13 3 1 14 3 1 15 3 1
320 7981 5 5 1 2 14 1 3 14 1 8 14 1 9 14 1 14 15 1
321 8161 75 15 5 0 1 4 1 0 4 3 0 4 4 0 4 5 0 4 6 0 4 7 0 4 8 0 4 9 0 4 10 0 4 11 0 4 12 0 4 13 0 4 14 0 4 15 0 4 0 4 4 1 4 4 3 4 4 4 5 4 5 4 4 6 4 4 7 4 4 8 4 4 9 4 4 10 4 4 11 4 4 12 4 4 13 4 4 14 4 4 15 4 4 0 9 4 1 9 4 3 9 4 4 9 4 5 9 4 6 9 4 7 9 4 8 9 4 9 10 4 10 9 4 11 9 4 12 9 4 13 9 4 14 9 4 15 9 4 0 12 4 1 12 4 3 12 4 4 12 4 5 12 4 6 12 4 7 12 4 8 12 4 9 12 4 10 12 4 11 12 4 12 13 4 13 12 4 14 12 4 15 12 4 0 13 4 1 13 4 3 13 4 4 13 4 5 13 4 6 13 4 7 13 4 8 13 4 9 13 4 10 13 4 11 13 4 12 13 4 13 14 4 14 13 4 15 13 4
322 8196 14 14 1 0 12 1 1 12 1 2 12 1 3 12 1 4 12 1 5 12 1 6 12 1 7 12 1 8 12 1 9 12 1 10 12 1 12 13 1 14 12 1 15 12 1
323 8204 4 2 1 1 13 50 1 13 1 13 14 50 13 14 1
324 8207 2 1 1 3 1 50 3 1 9
325 8690 203 7 7 1 3 50 1 3 50 1 3 50 1 3 48 2 3 50 2 3 50 2 3 50 2 3 48 6 3 50 6 3 50 6 3 50 6 3 48 7 3 50 7 3 50 7 3 50 7 3 48 9 3 50 9 3 50 9 3 50 9 3 48 10 3 50 10 3 50 10 3 50 10 3 48 11 3 50 11 3 50 11 3 50 11 3 48 1 4 50 1 4 50 1 4 50 1 4 48 2 4 50 2 4 50 2 4 50 2 4 48 6 4 50 6 4 50 6 4 50 6 4 48 7 4 50 7 4 50 7 4 50 7 4 48 9 4 50 9 4 50 9 4 50 9 4 48 10 4 50 10 4 50 10 4 50 10 4 48 11 4 50 11 4 50 11 4 50 11 4 48 1 7 50 1 7 50 1 7 50 1 7 50 1 7 12 2 7 50 2 7 50 2 7 50 2 7 50 2 7 12 6 7 50 6 7 50 6 7 50 6 7 50 6 7 12 7 8 50 7 8 50 7 8 50 7 8 50 7 8 12 9 7 50 9 7 50 9 7 50 9 7 50 9 7 12 10 7 50 10 7 50 10 7 50 10 7 50 10 7 12 11 7 50 11 7 50 11 7 50 11 7 50 11 7 12 1 8 50 1 8 50 1 8 50 1 8 48 2 8 50 2 8 50 2 8 50 2 8 48 6 8 50 6 8 50 6 8 50 6 8 48 7 8 50 7 8 50 7 8 50 7 8 48 9 8 50 9 8 50 9 8 50 9 8 48 10 8 50 10 8 50 10 8 50 10 8 48 11 8 50 11 8 50 11 8 50 11 8 48 1 9 50 1 9 50 1 9 50 1 9 48 2 9 50 2 9 50 2 9 50 2 9 48 6 9 50 6 9 50 6 9 50 6 9 48 7 9 50 7 9 50 7 9 50 7 9 48 9 10 50 9 10 50 9 10 50 9 10 48 10 9 50 10 9 50 10 9 50 10 9 48 11 9 50 11 9 50 11 9 50 11 9 48 1 12 50 1 12 50 1 12 50 1 12 48 2 12 50 2 12 50 2 12 50 2 12 48 6 12 50 6 12 50 6 12 50 6 12 48 7 12 50 7 12 50 7 12 50 7 12 48 9 12 50 9 12 50 9 12 50 9 12 48 10 12 50 10 12 50 10 12 50 10 12 48 11 12 50 11 12 50 11 12 50 11 12 48 1 14 50 1 14 50 1 14 50 1 14 48 2 14 50 2 14 50 2 14 50 2 14 48 6 14 50 6 14 50 6 14 50 6 14 48 7 14 50 7 14 50 7 14 50 7 14 48 9 14 50 9 14 50 9 14 50 9 14 48 10 14 50 10 14 50 10 14 50 10 14 48 11 14 50 11 14 50 11 14 50 11 14 48
326 8692 2 2 1 10 6 41 12 6 41
327 8699 1 1 1 14 15 1
328 8701 1 1 1 9 2 1
329 8703 1 1 1 12 1 1
330 8708 1 1 1 10 7 1
331 8710 1 1 1 8 12 1
332 8717 7 7 1 2 6 1 4 6 1 7 6 1 10 6 1 12 6 1 13 6 1 14 6 1
333 8722 2 2 1 6 14 24 10 14 24
334 8724 1 1 1 9 3 18
335 8732 5 5 1 1 14 1 2 14 1 3 14 1 8 14 1 14 15 1
336 8743 7 7 1 1 7 1 3 7 1 5 7 1 6 7 1 11 7 1 13 7 1 14 7 1
337 8768 13 13 1 1 13 1 2 13 1 3 13 1 5 13 1 6 13 1 7 13 1 8 13 1 9 13 1 10 13 1 11 13 1 13 14 1 14 13 1 15 13 1
338 8835 14 14 1 0 2 1 1 2 1 2 3 1 3 2 1 4 2 1 6 2 1 7 2 1 8 2 1 9 2 1 10 2 1 11 2 1 13 2 1 14 2 1 15 2 1
339 8850 7 7 1 1 13 1 2 13 1 5 13 1 6 13 1 7 13 1 11 13 1 15 13 1
340 8852 2 2 1 0 2 1 14 2 1
341 8869 7 7 1 0 3 1 2 3 1 5 3 1 9 3 1 10 3 1 12 3 1 14 3 1
342 8930 30 10 3 2 0 1 4 0 1 5 0 1 6 0 1 7 0 1 8 0 1 10 0 1 11 0 1 14 0 1 15 0 1 2 6 1 4 6 1 5 6 1 6 7 1 7 6 1 8 6 1 10 6 1 11 6 1 14 6 1 15 6 1 2 15 1 4 15 1 5 15 1 6 15 1 7 15 1 8 15 1 10 15 1 11 15 1 14 15 1 15 0 1
343 8930 2 2 1 10 12 23 15 12 23
344 8954 3 3 1 2 15 2 7 15 2 11 15 2
345 8961 1 1 1 1 3 1
346 8961 1 1 1 14 13 1
347 9495 225 15 15 0 1 8 1 0 8 2 0 8 3 0 8 4 0 8 5 0 8 6 0 8 7 0 8 8 0 8 9 0 8 10 0 8 11 0 8 13 0 8 14 0 8 15 0 8 0 1 8 1 2 8 2 1 8 3 1 8 4 1 8 5 1 8 6 1 8 7 1 8 8 1 8 9 1 8 10 1 8 11 1 8 13 1 8 14 1 8 15 1 8 0 2 8 1 2 8 2 3 8 3 2 8 4 2 8 5 2 8 6 2 8 7 2 8 8 2 8 9 2 8 10 2 8 11 2 8 13 2 8 14 2 8 15 2 8 0 3 8 1 3 8 2 3 8 3 4 8 4 3 8 5 3 8 6 3 8 7 3 8 8 3 8 9 3 8 10 3 8 11 3 8 13 3 8 14 3 8 15 3 8 0 5 8 1 5 8 2 5 8 3 5 8 4 5 8 5 6 8 6 5 8 7 5 8 8 5 8 9 5 8 10 5 8 11 5 8 13 5 8 14 5 8 15 5 8 0 6 8 1 6 8 2 6 8 3 6 8 4 6 8 5 6 8 6 7 8 7 6 8 8 6 8 9 6 8 10 6 8 11 6 8 13 6 8 14 6 8 15 6 8 0 7 8 1 7 8 2 7 8 3 7 8 4 7 8 5 7 8 6 7 8 7 8 8 8 7 8 9 7 8 10 7 8 11 7 8 13 7 8 14 7 8 15 7 8 0 8 16 1 8 16 2 8 16 3 8 16 4 8 16 5 8 16 6 8 16 7 8 16 8 9 16 9 8 16 10 8 16 11 8 16 13 8 16 14 8 16 15 8 16 0 9 8 1 9 8 2 9 8 3 9 8 4 9 8 5 9 8 6 9 8 7 9 8 8 9 8 9 10 8 10 9 8 11 9 8 13 9 8 14 9 8 15 9 8 0 10 8 1 10 8 2 10 8 3 10 8 4 10 8 5 10 8 6 10 8 7 10 8 8 10 8 9 10 8 10 11 8 11 10 8 13 10 8 14 10 8 15 10 8 0 11 9 1 11 9 2 11 9 3 11 9 4 11 9 5 11 9 6 11 9 7 11 9 8 11 9 9 11 9 10 11 9 11 12 9 13 11 9 14 11 9 15 11 9 0 12 8 1 12 8 2 12 8 3 12 8 4 12 8 5 12 8 6 12 8 7 12 8 8 12 8 9 12 8 10 12 8 11 12 8 13 12 8 14 12 8 15 12 8 0 13 8 1 13 8 2 13 8 3 13 8 4 13 8 5 13 8 6 13 8 7 13 8 8 13 8 9 13 8 10 13 8 11 13 8 13 14 8 14 13 8 15 13 8 0 14 8 1 14 8 2 14 8 3 14 8 4 14 8 5 14 8 6 14 8 7 14 8 8 14 8 9 14 8 10 14 8 11 14 8 13 14 8 14 15 8 15 14 8 0 15 8 1 15 8 2 15 8 3 15 8 4 15 8 5 15 8 6 15 8 7 15 8 8 15 8 9 15 8 10 15 8 11 15 8 13 15 8 14 15 8 15 0 8
348 9497 1 1 1 15 0 1
349 9498 1 1 1 10 6 1
350 9501 2 2 1 11 8 25 14 8 25
351 9512 7 7 1 1 9 1 4 9 1 6 9 1 11 9 1 12 9 1 13 9 1 15 9 1
352 9526 2 2 1 0 2 23 15 2 23
353 9699 75 15 5 0 2 4 1 2 4 2 3 4 3 2 4 4 2 4 5 2 4 6 2 4 8 2 4 9 2 4 10 2 4 11 2 4 12 2 4 13 2 4 14 2 4 15 2 4 0 6 4 1 6 4 2 6 4 3 6 4 4 6 4 5 6 4 6 7 4 8 6 4 9 6 4 10 6 4 11 6 4 12 6 4 13 6 4 14 6 4 15 6 4 0 9 4 1 9 4 2 9 4 3 9 4 4 9 4 5 9 4 6 9 4 8 9 4 9 10 4 10 9 4 11 9 4 12 9 4 13 9 4 14 9 4 15 9 4 0 10 4 1 10 4 2 10 4 3 10 4 4 10 4 5 10 4 6 10 4 8 10 4 9 10 4 10 11 4 11 10 4 12 10 4 13 10 4 14 10 4 15 10 4 0 11 4 1 11 4 2 11 4 3 11 4 4 11 4 5 11 4 6 11 4 8 11 4 9 11 4 10 11 4 11 12 4 12 11 4 13 11 4 14 11 4 15 11 4
354 9725 10 5 2 3 2 1 5 2 1 10 2 1 11 2 1 14 2 1 3 13 1 5 13 1 10 13 1 11 13 1 14 13 1
355 9725 1 1 1 1 13 1
356 9731 1 1 1 9 7 1
357 9868 60 10 3 0 5 50 0 5 21 1 5 50 1 5 21 3 5 50 3 5 21 5 6 50 5 6 21 6 5 50 6 5 21 8 5 50 8 5 21 10 5 50 10 5 21 11 5 50 11 5 21 12 5 50 12 5 21 15 5 50 15 5 21 0 13 50 0 13 21 1 13 50 1 13 21 3 13 50 3 13 21 5 13 50 5 13 21 6 13 50 6 13 21 8 13 50 8 13 21 10 13 50 10 13 21 11 13 50 11 13 21 12 13 50 12 13 21 15 13 50 15 13 21 0 14 50 0 14 8 1 14 50 1 14 8 3 14 50 3 14 8 5 14 50 5 14 8 6 14 50 6 14 8 8 14 50 8 14 8 10 14 50 10 14 8 11 14 50 11 14 8 12 14 50 12 14 8 15 14 50 15 14 8
358 9870 1 1 1 15 8 2
359 10029 75 15 5 0 3 4 1 3 4 2 3 4 3 4 4 5 3 4 6 3 4 7 3 4 8 3 4 9 3 4 10 3 4 11 3 4 12 3 4 13 3 4 14 3 4 15 3 4 0 4 4 1 4 4 2 4 4 3 4 4 5 4 4 6 4 4 7 4 4 8 4 4 9 4 4 10 4 4 11 4 4 12 4 4 13 4 4 14 4 4 15 4 4 0 6 4 1 6 4 2 6 4 3 6 4 5 6 4 6 7 4 7 6 4 8 6 4 9 6 4 10 6 4 11 6 4 12 6 4 13 6 4 14 6 4 15 6 4 0 9 4 1 9 4 2 9 4 3 9 4 5 9 4 6 9 4 7 9 4 8 9 4 9 10 4 10 9 4 11 9 4 12 9 4 13 9 4 14 9 4 15 9 4 0 15 4 1 15 4 2 15 4 3 15 4 5 15 4 6 15 4 7 15 4 8 15 4 9 15 4 10 15 4 11 15 4 12 15 4 13 15 4 14 15 4 15 0 4
360 10033 1 1 1 15 0 1
361 10035 1 1 1 6 7 1
362 10039 1 1 1 10 1 1
363 10054 2 2 1 3 9 23 7 9 23
364 10065 7 7 1 1 9 1 3 9 1 6 9 1 11 9 1 13 9 1 14 9 1 15 9 1
365 10069 2 2 1 3 12 2 9 12 2
366 10074 2 2 1 13 1 22 14 1 22
367 10089 8 8 1 0 13 1 1 13 1 3 13 1 8 13 1 11 13 1 12 13 1 14 13 1 15 13 1
368 10093 4 4 1 0 9 1 2 9 1 8 9 1 10 9 1
369 10098 3 3 1 2 8 1 11 8 1 14 8 1
370 10127 10 5 2 0 10 1 1 10 1 4 10 1 7 10 1 15 10 1 0 13 1 1 13 1 4 13 1 7 13 1 15 13 1
371 10131 1 1 1 11 5 1
372 10133 1 1 1 11 10 1
373 10134 1 1 1 15 11 1
374 10141 7 7 1 1 2 1 3 1 1 4 1 1 8 1 1 10 1 1 13 1 1 15 1 1
375 10145 1 1 1 11 7 1
376 10169 12 12 1 0 5 1 1 5 1 3 5 1 4 5 1 5 6 1 6 5 1 7 5 1 8 5 1 10 5 1 11 5 1 13 5 1 14 5 1
377 10222 14 14 1 1 10 1 2 10 1 3 10 1 4 10 1 5 10 1 6 10 1 7 10 1 8 10 1 9 10 1 10 11 1 11 10 1 12 10 1 13 10 1 15 10 1
378 10224 1 1 1 0 7 1
379 10226 1 1 1 5 13 1
380 10229 1 1 1 13 2 1
381 10232 2 2 1 7 8 23 8 7 23
382 10234 1 1 1 2 13 1
383 10237 1 1 1 2 0 1
384 10256 7 7 1 0 6 1 1 6 1 4 6 1 11 6 1 13 6 1 14 6 1 15 6 1
385 10262 2 2 1 0 11 21 15 11 21
386 10263 1 1 1 4 10 1
387 10276 7 7 1 4 3 1 5 3 1 8 3 1 11 3 1 13 3 1 14 3 1 15 3 1
388 10299 9 1 1 13 7 50 13 7 50 13 7 50 13 7 50 13 7 50 13 7 50 13 7 50 13 7 50 13 7 23
389 10316 7 7 1 1 3 1 4 3 1 5 3 1 6 3 1 7 3 1 10 3 1 11 3 1
390 10318 1 1 1 11 10 1
391 10322 4 4 1 2 7 1 3 7 1 5 7 1 12 7 1
392 10334 7 7 1 0 7 1 1 7 1 3 7 1 4 7 1 7 8 1 8 7 1 9 7 1
393 10335 1 1 1 14 8 1
394 10337 2 2 1 0 13 24 15 13 24
395 10365 13 13 1 0 14 1 1 14 1 2 14 1 3 14 1 5 14 1 6 14 1 7 14 1 10 14 1 11 14 1 12 14 1 13 14 1 14 15 1 15 14 1
396 10400 12 1 1 7 3 50 7 3 50 7 3 50 7 3 50 7 3 50 7 3 50 7 3 50 7 3 50 7 3 50 7 3 50 7 3 50 7 3 33
397 10441 15 15 1 0 5 1 1 5 1 2 5 1 4 5 1 5 6 1 6 5 1 7 5 1 8 5 1 9 5 1 10 5 1 11 5 1 12 5 1 13 5 1 14 5 1 15 5 1
398 10442 1 1 1 15 14 1
399 10481 14 14 1 0 1 1 1 0 1 4 0 1 5 0 1 6 0 1 7 0 1 8 0 1 9 0 1 10 0 1 11 0 1 12 0 1 13 0 1 14 0 1 15 0 1
400 10482 1 1 1 5 2 1
401 10500 5 5 1 4 7 1 9 7 1 12 7 1 13 7 1 15 7 1
402 10503 2 2 1 6 15 1 12 15 1
403 11025 225 15 15 0 1 8 1 0 8 2 0 8 3 0 8 4 0 8 5 0 8 6 0 8 7 0 8 8 0 8 10 0 8 11 0 8 12 0 8 13 0 8 14 0 8 15 0 8 0 1 8 1 2 8 2 1 8 3 1 8 4 1 8 5 1 8 6 1 8 7 1 8 8 1 8 10 1 8 11 1 8 12 1 8 13 1 8 14 1 8 15 1 8 0 2 8 1 2 8 2 3 8 3 2 8 4 2 8 5 2 8 6 2 8 7 2 8 8 2 8 10 2 8 11 2 8 12 2 8 13 2 8 14 2 8 15 2 8 0 3 8 1 3 8 2 3 8 3 4 8 4 3 8 5 3 8 6 3 8 7 3 8 8 3 8 10 3 8 11 3 8 12 3 8 13 3 8 14 3 8 15 3 8 0 4 8 1 4 8 2 4 8 3 4 8 4 5 8 5 4 8 6 4 8 7 4 8 8 4 8 10 4 8 11 4 8 12 4 8 13 4 8 14 4 8 15 4 8 0 5 8 1 5 8 2 5 8 3 5 8 4 5 8 5 6 8 6 5 8 7 5 8 8 5 8 10 5 8 11 5 8 12 5 8 13 5 8 14 5 8 15 5 8 0 7 8 1 7 8 2 7 8 3 7 8 4 7 8 5 7 8 6 7 8 7 8 8 8 7 8 10 7 8 11 7 8 12 7 8 13 7 8 14 7 8 15 7 8 0 8 16 1 8 16 2 8 16 3 8 16 4 8 16 5 8 16 6 8 16 7 8 16 8 9 16 10 8 16 11 8 16 12 8 16 13 8 16 14 8 16 15 8 16 0 9 8 1 9 8 2 9 8 3 9 8 4 9 8 5 9 8 6 9 8 7 9 8 8 9 8 10 9 8 11 9 8 12 9 8 13 9 8 14 9 8 15 9 8 0 10 8 1 10 8 2 10 8 3 10 8 4 10 8 5 10 8 6 10 8 7 10 8 8 10 8 10 11 8 11 10 8 12 10 8 13 10 8 14 10 8 15 10 8 0 11 9 1 11 9 2 11 9 3 11 9 4 11 9 5 11 9 6 11 9 7 11 9 8 11 9 10 11 9 11 12 9 12 11 9 13 11 9 14 11 9 15 11 9 0 12 8 1 12 8 2 12 8 3 12 8 4 12 8 5 12 8 6 12 8 7 12 8 8 12 8 10 12 8 11 12 8 12 13 8 13 12 8 14 12 8 15 12 8 0 13 8 1 13 8 2 13 8 3 13 8 4 13 8 5 13 8 6 13 8 7 13 8 8 13 8 10 13 8 11 13 8 12 13 8 13 14 8 14 13 8 15 13 8 0 14 8 1 14 8 2 14 8 3 14 8 4 14 8 5 14 8 6 14 8 7 14 8 8 14 8 10 14 8 11 14 8 12 14 8 13 14 8 14 15 8 15 14 8 0 15 8 1 15 8 2 15 8 3 15 8 4 15 8 5 15 8 6 15 8 7 15 8 8 15 8 10 15 8 11 15 8 12 15 8 13 15 8 14 15 8 15 0 8
404 11057 14 14 1 0 15 1 1 15 1 2 15 1 3 15 1 4 15 1 5 15 1 6 15 1 7 15 1 8 15 1 10 15 1 11 15 1 12 15 1 14 15 1 15 0 1
405 11078 7 7 1 0 5 1 2 5 1 4 5 1 8 5 1 9 5 1 10 5 1 15 5 1
406 11102 7 7 1 4 3 1 5 3 1 7 3 1 10 3 1 11 3 1 14 3 1 15 3 1
407 11114 6 3 1 2 1 50 2 1 5 11 1 50 11 1 5 12 1 50 12 1 5
408 11196 30 10 3 0 3 1 1 3 1 3 4 1 4 3 1 6 3 1 7 3 1 8 3 1 10 3 1 11 3 1 14 3 1 0 5 1 1 5 1 3 5 1 4 5 1 6 5 1 7 5 1 8 5 1 10 5 1 11 5 1 14 5 1 0 13 1 1 13 1 3 13 1 4 13 1 6 13 1 7 13 1 8 13 1 10 13 1 11 13 1 14 13 1
409 11196 1 1 1 1 9 1
410 11230 10 5 2 0 11 47 2 11 47 4 11 47 8 11 47 11 12 47 0 13 47 2 13 47 4 13 47 8 13 47 11 13 47
411 11234 1 1 1 10 8 1
412 11236 1 1 1 7 14 1
413 11241 4 4 1 4 11 1 5 11 1 7 11 1 14 11 1
414 11243 1 1 1 6 7 1
415 11283 13 13 1 0 1 1 1 2 1 2 1 1 4 1 1 5 1 1 6 1 1 9 1 1 10 1 1 11 1 1 12 1 1 13 1 1 14 1 1 15 1 1
416 11314 14 7 2 1 2 2 4 2 2 9 2 2 11 2 2 12 2 2 13 2 2 15 2 2 1 13 2 4 13 2 9 13 2 11 13 2 12 13 2 13 14 2 15 13 2
417 11748 180 12 15 0 1 4 2 0 4 3 0 4 4 0 4 6 0 4 7 0 4 8 0 4 9 0 4 12 0 4 13 0 4 14 0 4 15 0 4 0 1 4 2 1 4 3 1 4 4 1 4 6 1 4 7 1 4 8 1 4 9 1 4 12 1 4 13 1 4 14 1 4 15 1 4 0 2 4 2 3 4 3 2 4 4 2 4 6 2 4 7 2 4 8 2 4 9 2 4 12 2 4 13 2 4 14 2 4 15 2 4 0 3 4 2 3 4 3 4 4 4 3 4 6 3 4 7 3 4 8 3 4 9 3 4 12 3 4 13 3 4 14 3 4 15 3 4 0 4 4 2 4 4 3 4 4 4 5 4 6 4 4 7 4 4 8 4 4 9 4 4 12 4 4 13 4 4 14 4 4 15 4 4 0 5 8 2 5 8 3 5 8 4 5 8 6 5 8 7 5 8 8 5 8 9 5 8 12 5 8 13 5 8 14 5 8 15 5 8 0 6 5 2 6 5 3 6 5 4 6 5 6 7 5 7 6 5 8 6 5 9 6 5 12 6 5 13 6 5 14 6 5 15 6 5 0 7 4 2 7 4 3 7 4 4 7 4 6 7 4 7 8 4 8 7 4 9 7 4 12 7 4 13 7 4 14 7 4 15 7 4 0 8 4 2 8 4 3 8 4 4 8 4 6 8 4 7 8 4 8 9 4 9 8 4 12 8 4 13 8 4 14 8 4 15 8 4 0 9 4 2 9 4 3 9 4 4 9 4 6 9 4 7 9 4 8 9 4 9 10 4 12 9 4 13 9 4 14 9 4 15 9 4 0 11 4 2 11 4 3 11 4 4 11 4 6 11 4 7 11 4 8 11 4 9 11 4 12 11 4 13 11 4 14 11 4 15 11 4 0 12 4 2 12 4 3 12 4 4 12 4 6 12 4 7 12 4 8 12 4 9 12 4 12 13 4 13 12 4 14 12 4 15 12 4 0 13 4 2 13 4 3 13 4 4 13 4 6 13 4 7 13 4 8 13 4 9 13 4 12 13 4 13 14 4 14 13 4 15 13 4 0 14 4 2 14 4 3 14 4 4 14 4 6 14 4 7 14 4 8 14 4 9 14 4 12 14 4 13 14 4 14 15 4 15 14 4 0 15 4 2 15 4 3 15 4 4 15 4 6 15 4 7 15 4 8 15 4 9 15 4 12 15 4 13 15 4 14 15 4 15 0 4
418 11775 13 13 1 1 0 1 2 0 1 3 0 1 4 0 1 6 0 1 7 0 1 8 0 1 9 0 1 10 0 1 11 0 1 12 0 1 13 0 1 14 0 1
419 11779 2 2 1 4 5 2 8 4 2
420 11808 14 14 1 0 1 1 1 2 1 3 1 1 4 1 1 5 1 1 6 1 1 7 1 1 8 1 1 9 1 1 11 1 1 12 1 1 13 1 1 14 1 1 15 1 1
421 11810 2 2 1 1 13 1 13 14 1
422 11818 2 2 1 8 11 1 11 12 1
423 11822 3 3 1 0 8 1 12 8 1 14 8 1
424 11845 7 7 1 3 12 1 5 12 1 6 12 1 9 12 1 12 13 1 13 12 1 14 12 1
425 11846 2 2 1 1 12 25 9 12 25
426 11847 1 1 1 13 15 11
427 11848 1 1 1 10 8 1
428 11849 1 1 1 12 2 1
429 11876 13 1 1 13 2 50 13 2 50 13 2 50 13 2 50 13 2 50 13 2 50 13 2 50 13 2 50 13 2 50 13 2 50 13 2 50 13 2 50 13 2 38
430 11903 13 13 1 0 7 1 1 7 1 3 7 1 4 7 1 5 7 1 6 7 1 7 8 1 9 7 1 10 7 1 11 7 1 12 7 1 14 7 1 15 7 1
431 11908 2 2 1 0 2 1 13 2 1
432 11925 4 4 1 4 14 8 10 14 8 11 14 8 14 15 8
433 11936 3 3 1 6 11 1 12 11 1 13 11 1
434 11936 1 1 1 4 7 1
435 11939 2 2 1 3 7 25 11 7 25
436 11950 6 3 1 5 12 50 5 12 3 7 12 50 7 12 3 12 13 50 12 13 3
437 11956 1 1 1 10 11 1
438 11958 1 1 1 0 14 1
439 11959 1 1 1 6 4 1
440 11959 1 1 1 11 14 1
441 11969 3 3 1 1 14 2 7 14 2 13 14 2
442 11978 3 3 1 8 1 1 10 1 1 14 1 1
443 12381 182 13 14 0 1 40 2 0 40 3 0 40 4 0 40 5 0 40 6 0 40 7 0 40 8 0 40 9 0 40 11 0 40 13 0 40 14 0 40 15 0 40 0 1 20 2 1 20 3 1 20 4 1 20 5 1 20 6 1 20 7 1 20 8 1 20 9 1 20 11 1 20 13 1 20 14 1 20 15 1 20 0 2 20 2 3 20 3 2 20 4 2 20 5 2 20 6 2 20 7 2 20 8 2 20 9 2 20 11 2 20 13 2 20 14 2 20 15 2 20 0 3 20 2 3 20 3 4 20 4 3 20 5 3 20 6 3 20 7 3 20 8 3 20 9 3 20 11 3 20 13 3 20 14 3 20 15 3 20 0 5 20 2 5 20 3 5 20 4 5 20 5 6 20 6 5 20 7 5 20 8 5 20 9 5 20 11 5 20 13 5 20 14 5 20 15 5 20 0 6 20 2 6 20 3 6 20 4 6 20 5 6 20 6 7 20 7 6 20 8 6 20 9 6 20 11 6 20 13 6 20 14 6 20 15 6 20 0 7 23 2 7 23 3 7 23 4 7 23 5 7 23 6 7 23 7 8 23 8 7 23 9 7 23 11 7 23 13 7 23 14 7 23 15 7 23 0 9 20 2 9 20 3 9 20 4 9 20 5 9 20 6 9 20 7 9 20 8 9 20 9 10 20 11 9 20 13 9 20 14 9 20 15 9 20 0 10 20 2 10 20 3 10 20 4 10 20 5 10 20 6 10 20 7 10 20 8 10 20 9 10 20 11 10 20 13 10 20 14 10 20 15 10 20 0 11 41 2 11 41 3 11 41 4 11 41 5 11 41 6 11 41 7 11 41 8 11 41 9 11 41 11 12 41 13 11 41 14 11 41 15 11 41 0 12 20 2 12 20 3 12 20 4 12 20 5 12 20 6 12 20 7 12 20 8 12 20 9 12 20 11 12 20 13 12 20 14 12 20 15 12 20 0 13 20 2 13 20 3 13 20 4 13 20 5 13 20 6 13 20 7 13 20 8 13 20 9 13 20 11 13 20 13 14 20 14 13 20 15 13 20 0 14 20 2 14 20 3 14 20 4 14 20 5 14 20 6 14 20 7 14 20 8 14 20 9 14 20 11 14 20 13 14 20 14 15 20 15 14 20 0 15 20 2 15 20 3 15 20 4 15 20 5 15 20 6 15 20 7 15 20 8 15 20 9 15 20 11 15 20 13 15 20 14 15 20 15 0 20
444 12383 1 1 1 4 12 1
445 12420 13 1 1 5 11 50 5 11 50 5 11 50 5 11 50 5 11 50 5 11 50 5 11 50 5 11 50 5 11 50 5 11 50 5 11 50 5 11 50 5 11 38
446 12429 4 4 1 0 10 1 2 10 1 9 10 1 12 10 1
447 12451 7 7 1 2 6 1 3 6 1 5 6 1 6 7 1 8 6 1 9 6 1 13 6 1
448 12454 1 1 1 13 4 1
449 12455 2 2 1 1 8 24 12 8 24
450 12456 1 1 1 9 14 1
451 12474 7 7 1 0 8 1 1 8 1 2 8 1 3 8 1 8 9 1 11 8 1 15 8 1
452 12476 1 1 1 6 5 1
453 12488 7 7 1 4 0 1 5 0 1 6 0 1 9 0 1 13 0 1 14 0 1 15 0 1
454 12494 2 2 1 0 10 21 8 10 21
455 12496 1 1 1 11 1 1
456 12508 2 2 1 3 0 19 10 0 19
457 12509 2 2 1 3 7 21 5 7 21
458 13037 225 15 15 0 1 26 1 0 26 2 0 26 3 0 26 4 0 26 5 0 26 6 0 26 7 0 26 9 0 26 10 0 26 11 0 26 12 0 26 13 0 26 14 0 26 15 0 26 0 1 24 1 2 24 2 1 24 3 1 24 4 1 24 5 1 24 6 1 24 7 1 24 9 1 24 10 1 24 11 1 24 12 1 24 13 1 24 14 1 24 15 1 24 0 2 24 1 2 24 2 3 24 3 2 24 4 2 24 5 2 24 6 2 24 7 2 24 9 2 24 10 2 24 11 2 24 12 2 24 13 2 24 14 2 24 15 2 24 0 3 24 1 3 24 2 3 24 3 4 24 4 3 24 5 3 24 6 3 24 7 3 24 9 3 24 10 3 24 11 3 24 12 3 24 13 3 24 14 3 24 15 3 24 0 4 24 1 4 24 2 4 24 3 4 24 4 5 24 5 4 24 6 4 24 7 4 24 9 4 24 10 4 24 11 4 24 12 4 24 13 4 24 14 4 24 15 4 24 0 5 24 1 5 24 2 5 24 3 5 24 4 5 24 5 6 24 6 5 24 7 5 24 9 5 24 10 5 24 11 5 24 12 5 24 13 5 24 14 5 24 15 5 24 0 6 26 1 6 26 2 6 26 3 6 26 4 6 26 5 6 26 6 7 26 7 6 26 9 6 26 10 6 26 11 6 26 12 6 26 13 6 26 14 6 26 15 6 26 0 7 24 1 7 24 2 7 24 3 7 24 4 7 24 5 7 24 6 7 24 7 8 24 9 7 24 10 7 24 11 7 24 12 7 24 13 7 24 14 7 24 15 7 24 0 8 24 1 8 24 2 8 24 3 8 24 4 8 24 5 8 24 6 8 24 7 8 24 9 8 24 10 8 24 11 8 24 12 8 24 13 8 24 14 8 24 15 8 24 0 9 24 1 9 24 2 9 24 3 9 24 4 9 24 5 9 24 6 9 24 7 9 24 9 10 24 10 9 24 11 9 24 12 9 24 13 9 24 14 9 24 15 9 24 0 10 24 1 10 24 2 10 24 3 10 24 4 10 24 5 10 24 6 10 24 7 10 24 9 10 24 10 11 24 11 10 24 12 10 24 13 10 24 14 10 24 15 10 24 0 11 24 1 11 24 2 11 24 3 11 24 4 11 24 5 11 24 6 11 24 7 11 24 9 11 24 10 11 24 11 12 24 12 11 24 13 11 24 14 11 24 15 11 24 0 12 24 1 12 24 2 12 24 3 12 24 4 12 24 5 12 24 6 12 24 7 12 24 9 12 24 10 12 24 11 12 24 12 13 24 13 12 24 14 12 24 15 12 24 0 13 24 1 13 24 2 13 24 3 13 24 4 13 24 5 13 24 6 13 24 7 13 24 9 13 24 10 13 24 11 13 24 12 13 24 13 14 24 14 13 24 15 13 24 0 14 47 1 14 47 2 14 47 3 14 47 4 14 47 5 14 47 6 14 47 7 14 47 9 14 47 10 14 47 11 14 47 12 14 47 13 14 47 14 15 47 15 14 47
459 13054 5 5 1 4 11 1 6 11 1 7 11 1 11 12 1 15 11 1
460 13056 2 2 1 9 3 24 10 3 24
461 13067 2 2 1 7 5 1 11 5 1
462 13069 1 1 1 11 13 1
463 13244 70 14 5 0 9 5 1 9 5 2 9 5 4 9 5 5 9 5 6 9 5 7 9 5 8 9 5 9 10 5 10 9 5 11 9 5 12 9 5 13 9 5 14 9 5 0 10 5 1 10 5 2 10 5 4 10 5 5 10 5 6 10 5 7 10 5 8 10 5 9 10 5 10 11 5 11 10 5 12 10 5 13 10 5 14 10 5 0 11 5 1 11 5 2 11 5 4 11 5 5 11 5 6 11 5 7 11 5 8 11 5 9 11 5 10 11 5 11 12 5 12 11 5 13 11 5 14 11 5 0 12 5 1 12 5 2 12 5 4 12 5 5 12 5 6 12 5 7 12 5 8 12 5 9 12 5 10 12 5 11 12 5 12 13 5 13 12 5 14 12 5 0 14 5 1 14 5 2 14 5 4 14 5 5 14 5 6 14 5 7 14 5 8 14 5 9 14 5 10 14 5 11 14 5 12 14 5 13 14 5 14 15 5
464 13276 15 15 1 0 7 1 1 7 1 2 7 1 3 7 1 4 7 1 5 7 1 6 7 1 7 8 1 8 7 1 9 7 1 11 7 1 12 7 1 13 7 1 14 7 1 15 7 1
465 13285 1 1 1 14 4 1
466 13301 2 2 1 2 9 22 13 9 22
467 13309 5 5 1 1 7 1 3 7 1 7 8 1 13 7 1 15 7 1
468 13345 15 15 1 0 9 1 1 9 1 2 9 1 3 9 1 4 9 1 5 9 1 6 9 1 7 9 1 8 9 1 9 10 1 11 9 1 12 9 1 13 9 1 14 9 1 15 9 1
469 13356 4 4 1 6 1 8 9 1 8 13 1 8 15 1 8
470 13388 15 15 1 0 1 1 1 2 1 2 1 1 3 1 1 4 1 1 5 1 1 6 1 1 7 1 1 8 1 1 9 1 1 10 1 1 11 1 1 12 1 1 14 1 1 15 1 1
471 13415 8 8 1 0 8 1 3 8 1 6 8 1 7 8 1 8 9 1 11 8 1 12 8 1 14 8 1
472 13417 1 1 1 1 4 1
473 13451 7 7 1 0 7 1 2 7 1 4 7 1 6 7 1 9 7 1 10 7 1 14 7 1
474 13455 3 3 1 2 15 2 3 15 2 13 15 2
475 13483 14 7 2 0 3 2 1 3 2 2 3 2 6 3 2 11 3 2 14 3 2 15 3 2 0 4 2 1 4 2 2 4 2 6 4 2 11 4 2 14 4 2 15 4 2
476 13491 1 1 1 7 5 1
477 13491 1 1 1 14 13 1
478 13709 75 15 5 0 2 4 1 2 4 3 2 4 4 2 4 5 2 4 6 2 4 7 2 4 8 2 4 9 2 4 10 2 4 11 2 4 12 2 4 13 2 4 14 2 4 15 2 4 0 6 4 1 6 4 3 6 4 4 6 4 5 6 4 6 7 4 7 6 4 8 6 4 9 6 4 10 6 4 11 6 4 12 6 4 13 6 4 14 6 4 15 6 4 0 8 4 1 8 4 3 8 4 4 8 4 5 8 4 6 8 4 7 8 4 8 9 4 9 8 4 10 8 4 11 8 4 12 8 4 13 8 4 14 8 4 15 8 4 0 10 4 1 10 4 3 10 4 4 10 4 5 10 4 6 10 4 7 10 4 8 10 4 9 10 4 10 11 4 11 10 4 12 10 4 13 10 4 14 10 4 15 10 4 0 12 4 1 12 4 3 12 4 4 12 4 5 12 4 6 12 4 7 12 4 8 12 4 9 12 4 10 12 4 11 12 4 12 13 4 13 12 4 14 12 4 15 12 4
479 13732 12 12 1 0 8 1 1 8 1 2 8 1 3 8 1 4 8 1 6 8 1 8 9 1 9 8 1 10 8 1 11 8 1 12 8 1 13 8 1
480 13732 1 1 1 6 0 1
481 13776 18 3 1 5 12 50 5 12 50 5 12 50 5 12 50 5 12 50 5 12 29 10 12 50 10 12 50 10 12 50 10 12 50 10 12 50 10 12 29 11 12 50 11 12 50 11 12 50 11 12 50 11 12 50 11 12 29
482 13808 8 8 1 1 4 1 2 4 1 3 4 1 5 4 1 7 4 1 9 4 1 10 4 1 12 4 1
483 13823 7 7 1 2 13 1 4 13 1 5 13 1 6 13 1 9 13 1 11 13 1 14 13 1
484 13830 2 2 1 0 9 1 8 9 1
485 13832 1 1 1 8 9 2
486 13847 6 6 1 0 5 1 1 5 1 2 5 1 3 5 1 5 6 1 7 5 1
487 13853 2 2 1 1 5 1 14 5 1
488 13861 1 1 1 4 13 1
489 13863 2 2 1 5 6 21 15 6 21
490 13879 7 7 1 0 4 1 2 4 1 4 5 1 5 4 1 6 4 1 7 4 1 10 4 1
491 13881 1 1 1 10 13 1
492 13904 7 7 1 3 9 1 4 9 1 8 9 1 9 10 1 12 9 1 13 9 1 15 9 1
493 13913 2 2 1 12 11 46 14 11 46
494 13919 2 2 1 2 3 1 8 3 1
495 13956 12 1 1 2 6 50 2 6 50 2 6 50 2 6 50 2 6 50 2 6 50 2 6 50 2 6 50 2 6 50 2 6 50 2 6 50 2 6 33
496 13958 2 2 1 2 14 25 13 14 25
497 13969 4 4 1 4 9 1 7 9 1 13 9 1 15 9 1
498 13973 1 1 1 10 12 7
499 13985 5 5 1 4 0 1 7 0 1 8 0 1 12 0 1 13 0 1
500 13990 1 1 1 2 0 1
501 14180 70 14 5 0 7 5 1 7 5 2 7 5 3 7 5 4 7 5 5 7 5 6 7 5 7 8 5 8 7 5 9 7 5 12 7 5 13 7 5 14 7 5 15 7 5 0 8 5 1 8 5 2 8 5 3 8 5 4 8 5 5 8 5 6 8 5 7 8 5 8 9 5 9 8 5 12 8 5 13 8 5 14 8 5 15 8 5 0 9 5 1 9 5 2 9 5 3 9 5 4 9 5 5 9 5 6 9 5 7 9 5 8 9 5 9 10 5 12 9 5 13 9 5 14 9 5 15 9 5 0 11 5 1 11 5 2 11 5 3 11 5 4 11 5 5 11 5 6 11 5 7 11 5 8 11 5 9 11 5 12 11 5 13 11 5 14 11 5 15 11 5 0 15 5 1 15 5 2 15 5 3 15 5 4 15 5 5 15 5 6 15 5 7 15 5 8 15 5 9 15 5 12 15 5 13 15 5 14 15 5 15 0 5
502 14183 1 1 1 15 0 1
503 14216 15 15 1 0 5 1 1 5 1 2 5 1 3 5 1 4 5 1 6 5 1 7 5 1 8 5 1 9 5 1 10 5 1 11 5 1 12 5 1 13 5 1 14 5 1 15 5 1
504 14225 1 1 1 5 10 1
505 14232 5 5 1 2 5 1 7 5 1 8 5 1 9 5 1 15 5 1
506 14267 12 12 1 0 15 1 1 15 1 3 15 1 4 15 1 5 15 1 6 15 1 7 15 1 9 15 1 12 15 1 13 15 1 14 15 1 15 0 1
507 14304 13 13 1 0 1 1 3 1 1 4 1 1 5 1 1 7 1 1 8 1 1 9 1 1 10 1 1 11 1 1 12 1 1 13 1 1 14 1 1 15 1 1
508 14306 2 2 1 3 4 1 8 4 1
509 14312 2 2 1 0 5 1 10 5 1
510 14317 2 2 1 4 3 21 10 3 21
511 14340 14 14 1 0 1 1 2 1 1 3 1 1 4 1 1 5 1 1 7 1 1 8 1 1 9 1 1 10 1 1 11 1 1 12 1 1 13 1 1 14 1 1 15 1 1
512 14341 1 1 1 15 10 1
513 14358 3 3 1 3 10 1 5 10 1 9 10 1
514 14364 2 2 1 4 14 25 8 14 25
515 14397 12 12 1 0 14 1 2 14 1 3 14 1 4 14 1 6 14 1 7 14 1 10 14 1 11 14 1 12 14 1 13 14 1 14 15 1 15 14 1
516 14400 1 1 1 4 15 1
517 14407 2 2 1 1 4 1 7 4 1
518 14408 1 1 1 3 6 1
519 14418 4 4 1 0 4 1 1 4 1 2 4 1 14 4 1
520 14420 1 1 1 15 10 1
521 14440 6 3 1 2 15 50 2 15 10 7 15 50 7 15 10 11 15 50 11 15 10
522 14442 1 1 1 11 4 1
523 14489 14 14 1 1 3 1 2 3 1 3 4 1 4 3 1 5 3 1 6 3 1 7 3 1 8 3 1 9 3 1 10 3 1 11 3 1 12 3 1 14 3 1 15 3 1
524 14511 7 7 1 2 10 1 3 10 1 5 10 1 6 10 1 8 10 1 13 10 1 14 10 1
525 14521 6 3 1 5 15 50 5 15 13 9 15 50 9 15 13 13 15 50 13 15 13
