16 526
0 343 13 13 1 0 4 1 2 4 1 3 4 1 4 5 1 5 4 1 7 4 1 8 4 1 9 4 1 10 4 1 11 4 1 12 4 1 13 4 1 15 4 1
1 401 4 2 1 5 6 50 5 6 2 14 5 50 14 5 2
2 475 4 2 1 2 13 50 2 13 1 8 13 50 8 13 1
3 497 1 1 1 14 3 2
4 1969 75 15 5 0 2 4 1 2 4 2 3 4 3 2 4 4 2 4 5 2 4 6 2 4 7 2 4 8 2 4 10 2 4 11 2 4 12 2 4 13 2 4 14 2 4 15 2 4 0 3 4 1 3 4 2 3 4 3 4 4 4 3 4 5 3 4 6 3 4 7 3 4 8 3 4 10 3 4 11 3 4 12 3 4 13 3 4 14 3 4 15 3 4 0 4 4 1 4 4 2 4 4 3 4 4 4 5 4 5 4 4 6 4 4 7 4 4 8 4 4 10 4 4 11 4 4 12 4 4 13 4 4 14 4 4 15 4 4 0 5 4 1 5 4 2 5 4 3 5 4 4 5 4 5 6 4 6 5 4 7 5 4 8 5 4 10 5 4 11 5 4 12 5 4 13 5 4 14 5 4 15 5 4 0 6 4 1 6 4 2 6 4 3 6 4 4 6 4 5 6 4 6 7 4 7 6 4 8 6 4 10 6 4 11 6 4 12 6 4 13 6 4 14 6 4 15 6 4
5 2065 4 4 1 0 3 1 3 4 1 4 3 1 10 3 1
6 2141 4 4 1 2 12 1 3 12 1 10 12 1 14 12 1
7 2183 1 1 1 12 9 1
8 2216 2 2 1 6 7 25 9 6 25
9 2220 1 1 1 7 15 1
10 2222 1 1 1 11 4 1
11 2223 1 1 1 6 11 1
12 2362 7 7 1 3 9 1 4 9 1 8 9 1 10 9 1 11 9 1 12 9 1 13 9 1
13 2683 14 14 1 0 1 1 1 0 1 2 0 1 3 0 1 4 0 1 5 0 1 6 0 1 7 0 1 8 0 1 9 0 1 10 0 1 13 0 1 14 0 1 15 0 1
14 2760 2 2 1 1 7 24 14 7 24
15 2787 3 3 1 4 15 2 5 15 2 15 0 2
16 2879 6 2 1 6 4 50 6 4 50 6 4 11 14 4 50 14 4 50 14 4 11
17 2885 1 1 1 4 12 1
18 3321 14 14 1 0 4 1 1 4 1 2 4 1 3 4 1 5 4 1 6 4 1 7 4 1 8 4 1 9 4 1 10 4 1 12 4 1 13 4 1 14 4 1 15 4 1
19 3362 1 1 1 1 0 1
20 3367 1 1 1 3 9 1
21 4793 60 10 3 0 1 50 0 1 21 1 0 50 1 0 21 2 0 50 2 0 21 3 0 50 3 0 21 4 0 50 4 0 21 5 0 50 5 0 21 6 0 50 6 0 21 9 0 50 9 0 21 12 0 50 12 0 21 13 0 50 13 0 21 0 2 50 0 2 21 1 2 50 1 2 21 2 3 50 2 3 21 3 2 50 3 2 21 4 2 50 4 2 21 5 2 50 5 2 21 6 2 50 6 2 21 9 2 50 9 2 21 12 2 50 12 2 21 13 2 50 13 2 21 0 7 50 0 7 8 1 7 50 1 7 8 2 7 50 2 7 8 3 7 50 3 7 8 4 7 50 4 7 8 5 7 50 5 7 8 6 7 50 6 7 8 9 7 50 9 7 8 12 7 50 12 7 8 13 7 50 13 7 8
22 4949 7 7 1 1 10 1 4 10 1 7 10 1 9 10 1 12 10 1 14 10 1 15 10 1
23 5155 7 7 1 0 5 1 1 5 1 4 5 1 7 5 1 8 5 1 9 5 1 10 5 1
24 5269 7 7 1 1 5 1 2 5 1 5 6 1 6 5 1 10 5 1 11 5 1 14 5 1
25 5296 2 2 1 11 12 46 13 11 46
26 5512 12 12 1 0 1 1 1 2 1 2 1 1 3 1 1 4 1 1 5 1 1 6 1 1 7 1 1 9 1 1 10 1 1 13 1 1 14 1 1
27 5592 6 3 1 3 15 50 3 15 10 10 15 50 10 15 10 12 15 50 12 15 10
28 5603 1 1 1 14 5 2
29 5825 15 15 1 0 6 1 1 6 1 2 6 1 3 6 1 4 6 1 5 6 1 6 7 1 7 6 1 8 6 1 9 6 1 11 6 1 12 6 1 13 6 1 14 6 1 15 6 1
30 5874 3 3 1 1 3 1 4 3 1 9 3 1
31 5893 2 2 1 6 7 1 10 6 1
32 5913 1 1 1 7 3 1
33 6250 10 5 2 3 11 1 6 11 1 8 11 1 11 12 1 13 11 1 3 15 1 6 15 1 8 15 1 11 15 1 13 15 1
34 6294 1 1 1 15 5 1
35 6367 4 2 1 7 8 50 7 8 26 14 8 50 14 8 26
36 6383 1 1 1 15 10 1
37 6421 2 2 1 7 13 21 10 13 21
38 11662 225 15 15 1 0 26 2 0 26 3 0 26 4 0 26 5 0 26 6 0 26 7 0 26 8 0 26 9 0 26 10 0 26 11 0 26 12 0 26 13 0 26 14 0 26 15 0 26 1 2 24 2 1 24 3 1 24 4 1 24 5 1 24 6 1 24 7 1 24 8 1 24 9 1 24 10 1 24 11 1 24 12 1 24 13 1 24 14 1 24 15 1 24 1 2 24 2 3 24 3 2 24 4 2 24 5 2 24 6 2 24 7 2 24 8 2 24 9 2 24 10 2 24 11 2 24 12 2 24 13 2 24 14 2 24 15 2 24 1 3 24 2 3 24 3 4 24 4 3 24 5 3 24 6 3 24 7 3 24 8 3 24 9 3 24 10 3 24 11 3 24 12 3 24 13 3 24 14 3 24 15 3 24 1 4 24 2 4 24 3 4 24 4 5 24 5 4 24 6 4 24 7 4 24 8 4 24 9 4 24 10 4 24 11 4 24 12 4 24 13 4 24 14 4 24 15 4 24 1 5 24 2 5 24 3 5 24 4 5 24 5 6 24 6 5 24 7 5 24 8 5 24 9 5 24 10 5 24 11 5 24 12 5 24 13 5 24 14 5 24 15 5 24 1 6 26 2 6 26 3 6 26 4 6 26 5 6 26 6 7 26 7 6 26 8 6 26 9 6 26 10 6 26 11 6 26 12 6 26 13 6 26 14 6 26 15 6 26 1 7 24 2 7 24 3 7 24 4 7 24 5 7 24 6 7 24 7 8 24 8 7 24 9 7 24 10 7 24 11 7 24 12 7 24 13 7 24 14 7 24 15 7 24 1 8 24 2 8 24 3 8 24 4 8 24 5 8 24 6 8 24 7 8 24 8 9 24 9 8 24 10 8 24 11 8 24 12 8 24 13 8 24 14 8 24 15 8 24 1 9 24 2 9 24 3 9 24 4 9 24 5 9 24 6 9 24 7 9 24 8 9 24 9 10 24 10 9 24 11 9 24 12 9 24 13 9 24 14 9 24 15 9 24 1 10 24 2 10 24 3 10 24 4 10 24 5 10 24 6 10 24 7 10 24 8 10 24 9 10 24 10 11 24 11 10 24 12 10 24 13 10 24 14 10 24 15 10 24 1 11 24 2 11 24 3 11 24 4 11 24 5 11 24 6 11 24 7 11 24 8 11 24 9 11 24 10 11 24 11 12 24 12 11 24 13 11 24 14 11 24 15 11 24 1 12 24 2 12 24 3 12 24 4 12 24 5 12 24 6 12 24 7 12 24 8 12 24 9 12 24 10 12 24 11 12 24 12 13 24 13 12 24 14 12 24 15 12 24 1 14 24 2 14 24 3 14 24 4 14 24 5 14 24 6 14 24 7 14 24 8 14 24 9 14 24 10 14 24 11 14 24 12 14 24 13 14 24 14 15 24 15 14 24 1 15 47 2 15 47 3 15 47 4 15 47 5 15 47 6 15 47 7 15 47 8 15 47 9 15 47 10 15 47 11 15 47 12 15 47 13 15 47 14 15 47 15 0 47
39 11717 5 5 1 0 8 1 3 8 1 4 8 1 6 8 1 15 8 1
40 12458 24 4 1 4 0 50 4 0 50 4 0 50 4 0 50 4 0 50 4 0 45 8 0 50 8 0 50 8 0 50 8 0 50 8 0 50 8 0 45 10 0 50 10 0 50 10 0 50 10 0 50 10 0 50 10 0 45 15 0 50 15 0 50 15 0 50 15 0 50 15 0 50 15 0 45
41 12804 13 13 1 0 9 1 1 9 1 2 9 1 3 9 1 4 9 1 5 9 1 7 9 1 8 9 1 9 10 1 11 9 1 12 9 1 13 9 1 15 9 1
42 12831 3 3 1 7 0 2 10 0 2 11 0 2
43 13252 15 15 1 0 2 1 1 2 1 2 3 1 3 2 1 4 2 1 5 2 1 6 2 1 7 2 1 8 2 1 9 2 1 10 2 1 11 2 1 12 2 1 13 2 1 14 2 1
44 13414 6 3 1 1 8 50 1 8 13 6 8 50 6 8 13 14 8 50 14 8 13
45 13509 7 7 1 1 9 1 6 9 1 7 9 1 8 9 1 11 9 1 12 9 1 14 9 1
46 13512 1 1 1 8 0 1
47 13615 10 5 2 0 9 1 3 9 1 6 9 1 8 9 1 9 10 1 0 10 1 3 10 1 6 10 1 8 10 1 9 10 1
48 13622 2 2 1 13 14 1 14 15 1
49 13630 1 1 1 11 3 1
50 13639 1 1 1 4 12 1
51 13939 10 5 2 4 0 1 5 0 1 10 0 1 11 0 1 14 0 1 4 9 1 5 9 1 10 9 1 11 9 1 14 9 1
52 13947 2 2 1 7 14 23 13 14 23
53 13979 6 3 1 4 2 50 4 2 14 7 2 50 7 2 14 9 2 50 9 2 14
54 14253 10 5 2 2 9 1 3 9 1 5 9 1 6 9 1 12 9 1 2 14 1 3 14 1 5 14 1 6 14 1 12 14 1
55 14318 3 3 1 2 3 1 8 2 1 10 2 1
56 14338 1 1 1 0 8 1
57 14338 1 1 1 8 6 1
58 14437 6 3 1 13 8 50 13 8 10 14 8 50 14 8 10 15 8 50 15 8 10
59 14605 6 3 1 1 3 50 1 3 10 8 3 50 8 3 10 15 3 50 15 3 10
60 14621 1 1 1 7 1 1
61 14758 8 8 1 1 7 1 2 7 1 3 7 1 5 7 1 7 8 1 9 7 1 13 7 1 14 7 1
62 15181 14 14 1 0 2 1 1 2 1 2 3 1 3 2 1 4 2 1 5 2 1 7 2 1 8 2 1 9 2 1 10 2 1 11 2 1 12 2 1 13 2 1 14 2 1
63 15190 1 1 1 7 1 1
64 15253 2 2 1 7 6 1 8 6 1
65 15296 1 1 1 0 8 1
66 15517 14 14 1 0 15 1 1 15 1 2 15 1 3 15 1 4 15 1 6 15 1 7 15 1 8 15 1 9 15 1 10 15 1 11 15 1 12 15 1 14 15 1 15 0 1
67 15547 3 3 1 2 12 1 8 12 1 14 12 1
68 15606 4 4 1 4 13 1 7 13 1 8 13 1 10 13 1
69 15643 2 2 1 4 9 21 12 9 21
70 15659 1 1 1 6 1 1
71 15782 6 3 1 1 3 50 1 3 3 3 4 50 3 4 3 14 3 50 14 3 3
72 15818 1 1 1 10 1 1
73 16102 10 5 2 1 7 1 6 7 1 8 7 1 9 7 1 14 7 1 1 10 1 6 10 1 8 10 1 9 10 1 14 10 1
74 16113 2 2 1 9 14 1 15 14 1
75 16235 7 7 1 3 0 1 4 0 1 5 0 1 6 0 1 8 0 1 11 0 1 14 0 1
76 16333 4 4 1 0 1 1 5 1 1 10 1 1 11 1 1
77 16335 1 1 1 14 15 1
78 16746 16 1 16 11 0 2 11 1 1 11 2 2 11 3 1 11 4 1 11 5 1 11 6 1 11 7 1 11 8 2 11 9 1 11 10 1 11 12 1 11 12 1 11 13 1 11 14 2 11 15 1
79 16756 1 1 1 14 5 1
80 16879 3 3 1 5 2 2 6 2 2 12 2 2
81 17048 6 3 1 2 15 50 2 15 12 13 15 50 13 15 12 14 15 50 14 15 12
82 17184 5 5 1 3 5 1 4 5 1 10 5 1 12 5 1 13 5 1
83 18540 60 4 15 3 0 2 6 0 2 8 0 2 9 0 2 3 1 2 6 1 2 8 1 2 9 1 2 3 2 2 6 2 2 8 2 2 9 2 2 3 4 2 6 3 2 8 3 2 9 3 2 3 5 2 6 5 2 8 5 2 9 5 2 3 6 5 6 7 5 8 6 5 9 6 5 3 7 3 6 7 3 8 7 3 9 7 3 3 8 2 6 8 2 8 9 2 9 8 2 3 9 2 6 9 2 8 9 2 9 10 2 3 10 2 6 10 2 8 10 2 9 10 2 3 11 2 6 11 2 8 11 2 9 11 2 3 12 2 6 12 2 8 12 2 9 12 2 3 13 2 6 13 2 8 13 2 9 13 2 3 14 2 6 14 2 8 14 2 9 14 2 3 15 2 6 15 2 8 15 2 9 15 2
84 19157 32 16 2 0 4 5 1 4 5 2 4 5 3 4 5 4 5 5 5 4 5 6 4 5 7 4 5 8 4 5 9 4 5 10 4 5 11 4 5 12 4 5 13 4 5 14 4 5 15 4 5 0 13 5 1 13 5 2 13 5 3 13 5 4 13 5 5 13 5 6 13 5 7 13 5 8 13 5 9 13 5 10 13 5 11 13 5 12 13 5 13 14 5 14 13 5 15 13 5
85 19159 1 1 1 10 2 1
86 19230 7 7 1 0 1 1 3 0 1 4 0 1 5 0 1 6 0 1 7 0 1 12 0 1
87 19615 14 14 1 0 14 1 2 14 1 3 14 1 4 14 1 5 14 1 6 14 1 7 14 1 8 14 1 9 14 1 10 14 1 11 14 1 12 14 1 13 14 1 15 14 1
88 19799 10 5 2 2 9 1 5 9 1 7 9 1 14 9 1 15 9 1 2 10 1 5 10 1 7 10 1 14 10 1 15 10 1
89 19812 1 1 1 10 0 1
90 19812 1 1 1 6 1 1
91 19905 7 7 1 0 15 1 1 15 1 7 15 1 8 15 1 12 15 1 13 15 1 14 15 1
92 19993 7 7 1 0 9 1 1 9 1 5 9 1 6 9 1 10 9 1 12 9 1 14 9 1
93 20001 1 1 1 1 6 1
94 20260 7 7 1 0 12 1 1 12 1 4 12 1 9 12 1 11 12 1 13 12 1 15 12 1
95 20290 3 3 1 5 12 1 6 12 1 7 12 1
96 20611 13 13 1 1 7 1 2 7 1 3 7 1 4 7 1 5 7 1 6 7 1 7 8 1 9 7 1 10 7 1 12 7 1 13 7 1 14 7 1 15 7 1
97 20616 1 1 1 5 8 1
98 20623 1 1 1 1 2 1
99 20801 7 7 1 4 0 1 5 0 1 6 0 1 7 0 1 12 0 1 13 0 1 15 0 1
100 20809 1 1 1 6 10 1
101 20947 6 3 1 0 15 50 0 15 10 3 15 50 3 15 10 13 15 50 13 15 10
102 20994 1 1 1 7 8 1
103 21082 4 4 1 1 6 1 5 6 1 9 6 1 12 6 1
104 21137 3 3 1 1 3 2 7 3 2 12 3 2
105 21158 1 1 1 8 7 1
106 21183 2 2 1 11 12 20 14 12 20
107 21213 1 1 1 15 2 1
108 21553 13 13 1 1 11 1 2 11 1 3 11 1 4 11 1 5 11 1 6 11 1 7 11 1 8 11 1 9 11 1 10 11 1 11 12 1 12 11 1 14 11 1
109 21662 2 2 1 6 12 1 10 12 1
110 21882 8 8 1 0 1 1 1 0 1 4 0 1 5 0 1 7 0 1 8 0 1 9 0 1 15 0 1
111 21984 10 5 2 3 2 1 4 2 1 5 2 1 9 2 1 11 2 1 3 14 1 4 14 1 5 14 1 9 14 1 11 14 1
112 22061 4 2 1 5 13 50 5 13 1 7 13 50 7 13 1
113 22072 2 2 1 9 12 24 13 12 24
114 22329 13 13 1 0 3 1 1 3 1 3 4 1 4 3 1 5 3 1 6 3 1 7 3 1 8 3 1 9 3 1 10 3 1 13 3 1 14 3 1 15 3 1
115 22333 1 1 1 0 8 1
116 22346 1 1 1 15 11 3
117 26663 210 6 7 0 1 50 0 1 50 0 1 50 0 1 50 0 1 46 1 2 50 1 2 50 1 2 50 1 2 50 1 2 46 2 1 50 2 1 50 2 1 50 2 1 50 2 1 46 3 1 50 3 1 50 3 1 50 3 1 50 3 1 46 4 1 50 4 1 50 4 1 50 4 1 50 4 1 46 9 1 50 9 1 50 9 1 50 9 1 50 9 1 46 0 4 50 0 4 50 0 4 50 0 4 50 0 4 46 1 4 50 1 4 50 1 4 50 1 4 50 1 4 46 2 4 50 2 4 50 2 4 50 2 4 50 2 4 46 3 4 50 3 4 50 3 4 50 3 4 50 3 4 46 4 5 50 4 5 50 4 5 50 4 5 50 4 5 46 9 4 50 9 4 50 9 4 50 9 4 50 9 4 46 0 8 50 0 8 50 0 8 50 0 8 50 0 8 46 1 8 50 1 8 50 1 8 50 1 8 50 1 8 46 2 8 50 2 8 50 2 8 50 2 8 50 2 8 46 3 8 50 3 8 50 3 8 50 3 8 50 3 8 46 4 8 50 4 8 50 4 8 50 4 8 50 4 8 46 9 8 50 9 8 50 9 8 50 9 8 50 9 8 46 0 10 50 0 10 50 0 10 50 0 10 50 0 10 46 1 10 50 1 10 50 1 10 50 1 10 50 1 10 46 2 10 50 2 10 50 2 10 50 2 10 50 2 10 46 3 10 50 3 10 50 3 10 50 3 10 50 3 10 46 4 10 50 4 10 50 4 10 50 4 10 50 4 10 46 9 10 50 9 10 50 9 10 50 9 10 50 9 10 46 0 11 50 0 11 50 0 11 50 0 11 50 0 11 46 1 11 50 1 11 50 1 11 50 1 11 50 1 11 46 2 11 50 2 11 50 2 11 50 2 11 50 2 11 46 3 11 50 3 11 50 3 11 50 3 11 50 3 11 46 4 11 50 4 11 50 4 11 50 4 11 50 4 11 46 9 11 50 9 11 50 9 11 50 9 11 50 9 11 46 0 14 50 0 14 50 0 14 50 0 14 50 0 14 47 1 14 50 1 14 50 1 14 50 1 14 50 1 14 47 2 14 50 2 14 50 2 14 50 2 14 50 2 14 47 3 14 50 3 14 50 3 14 50 3 14 50 3 14 47 4 14 50 4 14 50 4 14 50 4 14 50 4 14 47 9 14 50 9 14 50 9 14 50 9 14 50 9 14 47 0 15 50 0 15 50 0 15 50 0 15 50 0 15 47 1 15 50 1 15 50 1 15 50 1 15 50 1 15 47 2 15 50 2 15 50 2 15 50 2 15 50 2 15 47 3 15 50 3 15 50 3 15 50 3 15 50 3 15 47 4 15 50 4 15 50 4 15 50 4 15 50 4 15 47 9 15 50 9 15 50 9 15 50 9 15 50 9 15 47
118 26713 1 1 1 11 7 1
119 26837 7 7 1 0 8 1 1 8 1 3 8 1 4 8 1 6 8 1 7 8 1 8 9 1
120 27147 13 13 1 1 2 1 2 1 1 3 1 1 4 1 1 5 1 1 6 1 1 8 1 1 9 1 1 10 1 1 11 1 1 12 1 1 13 1 1 15 1 1
121 27170 1 1 1 14 11 1
122 27182 1 1 1 2 10 1
123 27185 1 1 1 0 4 1
124 27188 1 1 1 4 14 1
125 27304 2 2 1 6 5 22 13 5 22
126 27359 1 1 1 2 6 1
127 27382 1 1 1 8 0 1
128 27383 1 1 1 5 13 1
129 27395 1 1 1 0 1 1
130 27429 1 1 1 1 0 1
131 27498 1 1 1 11 7 1
132 28965 75 15 5 0 1 4 1 2 4 3 1 4 4 1 4 5 1 4 6 1 4 7 1 4 8 1 4 9 1 4 10 1 4 11 1 4 12 1 4 13 1 4 14 1 4 15 1 4 0 8 4 1 8 4 3 8 4 4 8 4 5 8 4 6 8 4 7 8 4 8 9 4 9 8 4 10 8 4 11 8 4 12 8 4 13 8 4 14 8 4 15 8 4 0 11 4 1 11 4 3 11 4 4 11 4 5 11 4 6 11 4 7 11 4 8 11 4 9 11 4 10 11 4 11 12 4 12 11 4 13 11 4 14 11 4 15 11 4 0 13 4 1 13 4 3 13 4 4 13 4 5 13 4 6 13 4 7 13 4 8 13 4 9 13 4 10 13 4 11 13 4 12 13 4 13 14 4 14 13 4 15 13 4 0 15 4 1 15 4 3 15 4 4 15 4 5 15 4 6 15 4 7 15 4 8 15 4 9 15 4 10 15 4 11 15 4 12 15 4 13 15 4 14 15 4 15 0 4
133 29121 7 7 1 1 11 1 2 11 1 5 11 1 7 11 1 9 11 1 11 12 1 15 11 1
134 29219 2 2 1 9 0 1 12 0 1
135 29352 2 2 1 2 15 1 7 15 1
136 29392 1 1 1 5 13 1
137 29939 24 4 1 4 9 50 4 9 50 4 9 50 4 9 50 4 9 50 4 9 45 7 9 50 7 9 50 7 9 50 7 9 50 7 9 50 7 9 45 9 10 50 9 10 50 9 10 50 9 10 50 9 10 50 9 10 45 13 9 50 13 9 50 13 9 50 13 9 50 13 9 50 13 9 45
138 29987 1 1 1 12 10 1
139 29999 1 1 1 9 15 1
140 30088 3 3 1 1 5 1 4 5 1 8 5 1
141 30101 1 1 1 5 9 1
142 30163 5 5 1 1 13 1 2 13 1 3 13 1 5 13 1 13 14 1
143 30217 2 2 1 0 1 25 5 0 25
144 30469 7 7 1 1 8 1 5 8 1 7 8 1 12 8 1 13 8 1 14 8 1 15 8 1
145 30532 3 3 1 7 3 1 9 3 1 15 3 1
146 30542 1 1 1 14 1 3
147 30632 2 2 1 10 12 22 13 12 22
148 30683 2 2 1 4 5 23 15 5 23
149 30906 8 8 1 0 15 1 1 15 1 3 15 1 5 15 1 7 15 1 12 15 1 13 15 1 14 15 1
150 31034 7 7 1 0 2 1 2 3 1 6 2 1 7 2 1 9 2 1 10 2 1 14 2 1
151 31048 1 1 1 3 15 7
152 31417 13 13 1 0 12 1 1 12 1 2 12 1 3 12 1 4 12 1 5 12 1 6 12 1 7 12 1 8 12 1 11 12 1 12 13 1 13 12 1 15 12 1
153 31465 4 4 1 0 7 1 3 7 1 5 7 1 6 7 1
154 31527 2 2 1 1 2 21 2 1 21
155 31752 6 2 1 4 5 50 4 5 50 4 5 38 5 6 50 5 6 50 5 6 38
156 31777 2 2 1 1 10 24 11 10 24
157 31784 1 1 1 10 11 1
158 32066 13 13 1 0 13 1 1 13 1 3 13 1 4 13 1 5 13 1 7 13 1 9 13 1 10 13 1 11 13 1 12 13 1 13 14 1 14 13 1 15 13 1
159 32254 14 14 1 0 13 1 1 13 1 2 13 1 3 13 1 4 13 1 5 13 1 6 13 1 7 13 1 8 13 1 9 13 1 10 13 1 11 13 1 12 13 1 14 13 1
160 32334 7 7 1 3 6 1 4 6 1 6 7 1 7 6 1 8 6 1 14 6 1 15 6 1
161 32335 1 1 1 8 7 1
162 32636 14 14 1 0 1 1 1 2 1 2 1 1 3 1 1 4 1 1 5 1 1 6 1 1 7 1 1 8 1 1 10 1 1 11 1 1 13 1 1 14 1 1 15 1 1
163 32900 12 6 2 0 7 1 3 7 1 10 7 1 13 7 1 14 7 1 15 7 1 0 9 1 3 9 1 10 9 1 13 9 1 14 9 1 15 9 1
164 34621 75 15 5 0 4 5 2 4 5 3 4 5 4 5 5 5 4 5 6 4 5 7 4 5 8 4 5 9 4 5 10 4 5 11 4 5 12 4 5 13 4 5 14 4 5 15 4 5 0 6 5 2 6 5 3 6 5 4 6 5 5 6 5 6 7 5 7 6 5 8 6 5 9 6 5 10 6 5 11 6 5 12 6 5 13 6 5 14 6 5 15 6 5 0 8 5 2 8 5 3 8 5 4 8 5 5 8 5 6 8 5 7 8 5 8 9 5 9 8 5 10 8 5 11 8 5 12 8 5 13 8 5 14 8 5 15 8 5 0 12 5 2 12 5 3 12 5 4 12 5 5 12 5 6 12 5 7 12 5 8 12 5 9 12 5 10 12 5 11 12 5 12 13 5 13 12 5 14 12 5 15 12 5 0 14 5 2 14 5 3 14 5 4 14 5 5 14 5 6 14 5 7 14 5 8 14 5 9 14 5 10 14 5 11 14 5 12 14 5 13 14 5 14 15 5 15 14 5
165 34647 2 2 1 2 14 22 3 14 22
166 34843 13 13 1 0 15 1 1 15 1 2 15 1 4 15 1 5 15 1 6 15 1 7 15 1 9 15 1 10 15 1 12 15 1 13 15 1 14 15 1 15 0 1
167 34927 2 2 1 2 10 5 10 11 5
168 35002 1 1 1 7 3 1
169 35287 13 13 1 0 12 1 1 12 1 4 12 1 5 12 1 6 12 1 7 12 1 8 12 1 9 12 1 10 12 1 12 13 1 13 12 1 14 12 1 15 12 1
170 35290 1 1 1 15 0 1
171 35297 1 1 1 0 10 1
172 35334 2 2 1 4 8 1 10 8 1
173 35364 2 2 1 5 7 22 14 7 22
174 35381 1 1 1 12 11 1
175 35460 3 3 1 1 15 2 11 15 2 13 15 2
176 39887 225 15 15 0 1 8 2 0 8 3 0 8 4 0 8 5 0 8 6 0 8 7 0 8 8 0 8 9 0 8 10 0 8 11 0 8 12 0 8 13 0 8 14 0 8 15 0 8 0 1 8 2 1 8 3 1 8 4 1 8 5 1 8 6 1 8 7 1 8 8 1 8 9 1 8 10 1 8 11 1 8 12 1 8 13 1 8 14 1 8 15 1 8 0 2 8 2 3 8 3 2 8 4 2 8 5 2 8 6 2 8 7 2 8 8 2 8 9 2 8 10 2 8 11 2 8 12 2 8 13 2 8 14 2 8 15 2 8 0 3 8 2 3 8 3 4 8 4 3 8 5 3 8 6 3 8 7 3 8 8 3 8 9 3 8 10 3 8 11 3 8 12 3 8 13 3 8 14 3 8 15 3 8 0 4 8 2 4 8 3 4 8 4 5 8 5 4 8 6 4 8 7 4 8 8 4 8 9 4 8 10 4 8 11 4 8 12 4 8 13 4 8 14 4 8 15 4 8 0 5 8 2 5 8 3 5 8 4 5 8 5 6 8 6 5 8 7 5 8 8 5 8 9 5 8 10 5 8 11 5 8 12 5 8 13 5 8 14 5 8 15 5 8 0 6 8 2 6 8 3 6 8 4 6 8 5 6 8 6 7 8 7 6 8 8 6 8 9 6 8 10 6 8 11 6 8 12 6 8 13 6 8 14 6 8 15 6 8 0 7 16 2 7 16 3 7 16 4 7 16 5 7 16 6 7 16 7 8 16 8 7 16 9 7 16 10 7 16 11 7 16 12 7 16 13 7 16 14 7 16 15 7 16 0 8 8 2 8 8 3 8 8 4 8 8 5 8 8 6 8 8 7 8 8 8 9 8 9 8 8 10 8 8 11 8 8 12 8 8 13 8 8 14 8 8 15 8 8 0 9 8 2 9 8 3 9 8 4 9 8 5 9 8 6 9 8 7 9 8 8 9 8 9 10 8 10 9 8 11 9 8 12 9 8 13 9 8 14 9 8 15 9 8 0 10 9 2 10 9 3 10 9 4 10 9 5 10 9 6 10 9 7 10 9 8 10 9 9 10 9 10 11 9 11 10 9 12 10 9 13 10 9 14 10 9 15 10 9 0 11 8 2 11 8 3 11 8 4 11 8 5 11 8 6 11 8 7 11 8 8 11 8 9 11 8 10 11 8 11 12 8 12 11 8 13 11 8 14 11 8 15 11 8 0 12 8 2 12 8 3 12 8 4 12 8 5 12 8 6 12 8 7 12 8 8 12 8 9 12 8 10 12 8 11 12 8 12 13 8 13 12 8 14 12 8 15 12 8 0 14 8 2 14 8 3 14 8 4 14 8 5 14 8 6 14 8 7 14 8 8 14 8 9 14 8 10 14 8 11 14 8 12 14 8 13 14 8 14 15 8 15 14 8 0 15 8 2 15 8 3 15 8 4 15 8 5 15 8 6 15 8 7 15 8 8 15 8 9 15 8 10 15 8 11 15 8 12 15 8 13 15 8 14 15 8 15 0 8
177 40067 7 7 1 5 2 1 6 2 1 9 2 1 10 2 1 12 2 1 13 2 1 14 2 1
178 40373 13 13 1 0 3 1 1 3 1 2 3 1 4 3 1 6 3 1 7 3 1 9 3 1 10 3 1 11 3 1 12 3 1 13 3 1 14 3 1 15 3 1
179 40400 2 2 1 3 7 1 6 7 1
180 40696 13 13 1 0 5 1 1 5 1 2 5 1 4 5 1 5 6 1 6 5 1 7 5 1 8 5 1 9 5 1 10 5 1 11 5 1 13 5 1 14 5 1
181 40830 7 7 1 1 12 1 2 12 1 6 12 1 7 12 1 12 13 1 13 12 1 15 12 1
182 40849 1 1 1 10 6 1
183 41007 7 7 1 0 9 1 1 9 1 2 9 1 3 9 1 12 9 1 13 9 1 14 9 1
184 41098 3 3 1 3 7 1 7 8 1 10 7 1
185 41111 1 1 1 10 15 1
186 41152 1 1 1 2 14 1
187 41238 2 2 1 1 11 1 9 11 1
188 41345 5 5 1 0 4 1 1 4 1 6 4 1 11 4 1 15 4 1
189 41447 8 8 1 0 1 1 1 0 1 3 0 1 4 0 1 6 0 1 10 0 1 12 0 1 14 0 1
190 41654 7 7 1 1 11 1 2 11 1 3 11 1 8 11 1 10 11 1 11 12 1 15 11 1
191 41757 7 7 1 5 4 1 6 4 1 7 4 1 8 4 1 11 4 1 13 4 1 14 4 1
192 42128 13 13 1 0 15 1 2 15 1 4 15 1 5 15 1 7 15 1 8 15 1 9 15 1 10 15 1 11 15 1 12 15 1 13 15 1 14 15 1 15 0 1
193 42296 7 7 1 1 11 1 4 11 1 6 11 1 7 11 1 8 11 1 10 11 1 13 11 1
194 42390 7 7 1 0 4 1 2 4 1 4 5 1 5 4 1 8 4 1 10 4 1 13 4 1
195 42433 5 5 1 1 2 1 5 2 1 6 2 1 8 2 1 12 2 1
196 42438 1 1 1 5 6 1
197 42699 14 14 1 0 11 1 1 11 1 2 11 1 3 11 1 4 11 1 5 11 1 7 11 1 8 11 1 10 11 1 11 12 1 12 11 1 13 11 1 14 11 1 15 11 1
198 42733 1 1 1 0 2 1
199 43134 13 13 1 1 4 1 2 4 1 3 4 1 5 4 1 6 4 1 7 4 1 8 4 1 9 4 1 10 4 1 11 4 1 13 4 1 14 4 1 15 4 1
200 43181 1 1 1 12 7 1
201 43183 1 1 1 7 8 1
202 43262 2 2 1 1 5 1 3 5 1
203 43291 1 1 1 14 13 1
204 43323 2 2 1 11 7 1 12 7 1
205 43465 10 5 2 0 12 1 1 12 1 11 12 1 12 13 1 13 12 1 0 14 1 1 14 1 11 14 1 12 14 1 13 14 1
206 43706 10 5 2 0 9 1 4 9 1 5 9 1 8 9 1 13 9 1 0 15 1 4 15 1 5 15 1 8 15 1 13 15 1
207 43710 1 1 1 11 1 1
208 44109 18 3 1 1 14 50 1 14 50 1 14 50 1 14 50 1 14 50 1 14 29 2 14 50 2 14 50 2 14 50 2 14 50 2 14 50 2 14 29 13 14 50 13 14 50 13 14 50 13 14 50 13 14 50 13 14 29
209 44321 13 13 1 0 5 1 1 5 1 2 5 1 3 5 1 4 5 1 6 5 1 7 5 1 9 5 1 10 5 1 12 5 1 13 5 1 14 5 1 15 5 1
210 44444 7 7 1 2 13 1 3 13 1 4 13 1 6 13 1 7 13 1 9 13 1 11 13 1
211 44605 6 3 1 6 0 50 6 0 10 10 0 50 10 0 10 13 0 50 13 0 10
212 44609 1 1 1 12 3 1
213 44723 7 7 1 0 2 1 1 2 1 2 3 1 8 2 1 10 2 1 14 2 1 15 2 1
214 49213 203 7 7 0 1 50 0 1 50 0 1 50 0 1 48 1 0 50 1 0 50 1 0 50 1 0 48 4 0 50 4 0 50 4 0 50 4 0 48 6 0 50 6 0 50 6 0 50 6 0 48 11 0 50 11 0 50 11 0 50 11 0 48 12 0 50 12 0 50 12 0 50 12 0 48 13 0 50 13 0 50 13 0 50 13 0 48 0 1 50 0 1 50 0 1 50 0 1 48 1 2 50 1 2 50 1 2 50 1 2 48 4 1 50 4 1 50 4 1 50 4 1 48 6 1 50 6 1 50 6 1 50 6 1 48 11 1 50 11 1 50 11 1 50 11 1 48 12 1 50 12 1 50 12 1 50 12 1 48 13 1 50 13 1 50 13 1 50 13 1 48 0 2 50 0 2 50 0 2 50 0 2 50 0 2 12 1 2 50 1 2 50 1 2 50 1 2 50 1 2 12 4 2 50 4 2 50 4 2 50 4 2 50 4 2 12 6 2 50 6 2 50 6 2 50 6 2 50 6 2 12 11 2 50 11 2 50 11 2 50 11 2 50 11 2 12 12 2 50 12 2 50 12 2 50 12 2 50 12 2 12 13 2 50 13 2 50 13 2 50 13 2 50 13 2 12 0 5 50 0 5 50 0 5 50 0 5 48 1 5 50 1 5 50 1 5 50 1 5 48 4 5 50 4 5 50 4 5 50 4 5 48 6 5 50 6 5 50 6 5 50 6 5 48 11 5 50 11 5 50 11 5 50 11 5 48 12 5 50 12 5 50 12 5 50 12 5 48 13 5 50 13 5 50 13 5 50 13 5 48 0 10 50 0 10 50 0 10 50 0 10 48 1 10 50 1 10 50 1 10 50 1 10 48 4 10 50 4 10 50 4 10 50 4 10 48 6 10 50 6 10 50 6 10 50 6 10 48 11 10 50 11 10 50 11 10 50 11 10 48 12 10 50 12 10 50 12 10 50 12 10 48 13 10 50 13 10 50 13 10 50 13 10 48 0 13 50 0 13 50 0 13 50 0 13 48 1 13 50 1 13 50 1 13 50 1 13 48 4 13 50 4 13 50 4 13 50 4 13 48 6 13 50 6 13 50 6 13 50 6 13 48 11 13 50 11 13 50 11 13 50 11 13 48 12 13 50 12 13 50 12 13 50 12 13 48 13 14 50 13 14 50 13 14 50 13 14 48 0 15 50 0 15 50 0 15 50 0 15 48 1 15 50 1 15 50 1 15 50 1 15 48 4 15 50 4 15 50 4 15 50 4 15 48 6 15 50 6 15 50 6 15 50 6 15 48 11 15 50 11 15 50 11 15 50 11 15 48 12 15 50 12 15 50 12 15 50 12 15 48 13 15 50 13 15 50 13 15 50 13 15 48
215 50659 60 15 4 0 3 5 1 3 5 2 3 5 3 4 5 4 3 5 5 3 5 6 3 5 7 3 5 8 3 5 9 3 5 10 3 5 11 3 5 13 3 5 14 3 5 15 3 5 0 6 9 1 6 9 2 6 9 3 6 9 4 6 9 5 6 9 6 7 9 7 6 9 8 6 9 9 6 9 10 6 9 11 6 9 13 6 9 14 6 9 15 6 9 0 13 5 1 13 5 2 13 5 3 13 5 4 13 5 5 13 5 6 13 5 7 13 5 8 13 5 9 13 5 10 13 5 11 13 5 13 14 5 14 13 5 15 13 5 0 15 5 1 15 5 2 15 5 3 15 5 4 15 5 5 15 5 6 15 5 7 15 5 8 15 5 9 15 5 10 15 5 11 15 5 13 15 5 14 15 5 15 0 5
216 50955 15 15 1 0 14 1 1 14 1 2 14 1 3 14 1 4 14 1 5 14 1 7 14 1 8 14 1 9 14 1 10 14 1 11 14 1 12 14 1 13 14 1 14 15 1 15 14 1
217 50982 1 1 1 4 12 1
218 51047 1 1 1 13 1 1
219 51704 28 14 1 0 11 50 0 11 8 1 11 50 1 11 8 2 11 50 2 11 8 3 11 50 3 11 8 4 11 50 4 11 8 5 11 50 5 11 8 8 11 50 8 11 8 9 11 50 9 11 8 10 11 50 10 11 8 11 12 50 11 12 8 12 11 50 12 11 8 13 11 50 13 11 8 14 11 50 14 11 8 15 11 50 15 11 8
220 51785 1 1 1 14 9 1
221 51898 6 2 1 8 9 50 8 9 50 8 9 23 11 9 50 11 9 50 11 9 23
222 51929 3 3 1 2 1 1 7 1 1 13 1 1
223 52006 2 2 1 4 5 22 6 5 22
224 52028 1 1 1 6 2 1
225 52322 14 14 1 0 2 1 1 2 1 2 3 1 3 2 1 4 2 1 5 2 1 6 2 1 7 2 1 8 2 1 9 2 1 10 2 1 12 2 1 13 2 1 14 2 1
226 52333 1 1 1 1 0 1
227 52338 1 1 1 9 10 1
228 52345 1 1 1 1 15 1
229 52520 4 2 1 1 4 50 1 4 1 8 4 50 8 4 1
230 52535 1 1 1 12 13 1
231 52539 1 1 1 8 14 1
232 52764 7 7 1 0 14 1 1 14 1 4 14 1 7 14 1 8 14 1 14 15 1 15 14 1
233 53111 13 13 1 0 15 1 1 15 1 3 15 1 4 15 1 5 15 1 6 15 1 7 15 1 8 15 1 9 15 1 10 15 1 11 15 1 14 15 1 15 0 1
234 53362 13 13 1 0 13 1 1 13 1 2 13 1 3 13 1 4 13 1 5 13 1 6 13 1 7 13 1 9 13 1 10 13 1 11 13 1 13 14 1 15 13 1
235 53752 13 13 1 0 3 1 2 3 1 3 4 1 4 3 1 5 3 1 7 3 1 8 3 1 9 3 1 10 3 1 12 3 1 13 3 1 14 3 1 15 3 1
236 53773 2 2 1 1 8 47 6 8 47
237 53815 2 2 1 1 10 1 6 10 1
238 53978 7 7 1 0 14 1 1 14 1 5 14 1 7 14 1 10 14 1 12 14 1 15 14 1
239 54009 2 2 1 5 8 44 14 8 44
240 54107 1 1 1 4 8 1
241 54346 13 13 1 0 12 1 1 12 1 2 12 1 4 12 1 7 12 1 8 12 1 9 12 1 10 12 1 11 12 1 12 13 1 13 12 1 14 12 1 15 12 1
242 54358 1 1 1 1 0 1
243 54402 5 5 1 2 11 1 3 11 1 6 11 1 12 11 1 13 11 1
244 54418 1 1 1 3 5 1
245 54450 1 1 1 13 14 1
246 54479 3 3 1 0 3 2 10 3 2 15 3 2
247 54675 7 7 1 2 8 1 3 8 1 4 8 1 6 8 1 7 8 1 9 8 1 12 8 1
248 54684 1 1 1 8 13 1
249 58882 203 7 7 2 4 50 2 4 50 2 4 50 2 4 48 3 4 50 3 4 50 3 4 50 3 4 48 5 4 50 5 4 50 5 4 50 5 4 48 6 4 50 6 4 50 6 4 50 6 4 48 7 4 50 7 4 50 7 4 50 7 4 48 8 4 50 8 4 50 8 4 50 8 4 48 12 4 50 12 4 50 12 4 50 12 4 48 2 6 50 2 6 50 2 6 50 2 6 48 3 6 50 3 6 50 3 6 50 3 6 48 5 6 50 5 6 50 5 6 50 5 6 48 6 7 50 6 7 50 6 7 50 6 7 48 7 6 50 7 6 50 7 6 50 7 6 48 8 6 50 8 6 50 8 6 50 8 6 48 12 6 50 12 6 50 12 6 50 12 6 48 2 7 50 2 7 50 2 7 50 2 7 50 2 7 12 3 7 50 3 7 50 3 7 50 3 7 50 3 7 12 5 7 50 5 7 50 5 7 50 5 7 50 5 7 12 6 7 50 6 7 50 6 7 50 6 7 50 6 7 12 7 8 50 7 8 50 7 8 50 7 8 50 7 8 12 8 7 50 8 7 50 8 7 50 8 7 50 8 7 12 12 7 50 12 7 50 12 7 50 12 7 50 12 7 12 2 9 50 2 9 50 2 9 50 2 9 48 3 9 50 3 9 50 3 9 50 3 9 48 5 9 50 5 9 50 5 9 50 5 9 48 6 9 50 6 9 50 6 9 50 6 9 48 7 9 50 7 9 50 7 9 50 7 9 48 8 9 50 8 9 50 8 9 50 8 9 48 12 9 50 12 9 50 12 9 50 12 9 48 2 11 50 2 11 50 2 11 50 2 11 48 3 11 50 3 11 50 3 11 50 3 11 48 5 11 50 5 11 50 5 11 50 5 11 48 6 11 50 6 11 50 6 11 50 6 11 48 7 11 50 7 11 50 7 11 50 7 11 48 8 11 50 8 11 50 8 11 50 8 11 48 12 11 50 12 11 50 12 11 50 12 11 48 2 13 50 2 13 50 2 13 50 2 13 48 3 13 50 3 13 50 3 13 50 3 13 48 5 13 50 5 13 50 5 13 50 5 13 48 6 13 50 6 13 50 6 13 50 6 13 48 7 13 50 7 13 50 7 13 50 7 13 48 8 13 50 8 13 50 8 13 50 8 13 48 12 13 50 12 13 50 12 13 50 12 13 48 2 15 50 2 15 50 2 15 50 2 15 48 3 15 50 3 15 50 3 15 50 3 15 48 5 15 50 5 15 50 5 15 50 5 15 48 6 15 50 6 15 50 6 15 50 6 15 48 7 15 50 7 15 50 7 15 50 7 15 48 8 15 50 8 15 50 8 15 50 8 15 48 12 15 50 12 15 50 12 15 50 12 15 48
250 58907 4 4 1 1 2 1 8 2 1 10 2 1 13 2 1
251 58980 2 2 1 11 13 25 15 13 25
252 58992 1 1 1 15 13 1
253 59438 14 14 1 0 11 1 1 11 1 2 11 1 3 11 1 4 11 1 5 11 1 6 11 1 8 11 1 9 11 1 10 11 1 11 12 1 12 11 1 13 11 1 14 11 1
254 59664 13 1 1 1 5 50 1 5 50 1 5 50 1 5 50 1 5 50 1 5 50 1 5 50 1 5 50 1 5 50 1 5 50 1 5 50 1 5 50 1 5 38
255 59666 1 1 1 9 8 1
256 59993 14 14 1 0 1 1 1 0 1 2 0 1 3 0 1 5 0 1 6 0 1 7 0 1 8 0 1 9 0 1 10 0 1 11 0 1 12 0 1 14 0 1 15 0 1
257 60038 1 1 1 9 5 1
258 60067 2 2 1 0 3 1 2 3 1
259 60111 1 1 1 8 15 1
260 60227 7 7 1 1 2 1 2 1 1 3 1 1 4 1 1 6 1 1 8 1 1 12 1 1
261 60261 1 1 1 9 7 6
262 60351 6 3 1 5 6 50 5 6 10 7 6 50 7 6 10 13 6 50 13 6 10
263 60463 7 7 1 5 4 1 7 4 1 8 4 1 9 4 1 10 4 1 12 4 1 15 4 1
264 60487 2 2 1 7 0 1 13 0 1
265 60650 7 7 1 1 4 1 2 4 1 4 5 1 5 4 1 10 4 1 11 4 1 15 4 1
266 60907 12 1 1 8 6 50 8 6 50 8 6 50 8 6 50 8 6 50 8 6 50 8 6 50 8 6 50 8 6 50 8 6 50 8 6 50 8 6 33
267 61060 7 7 1 0 11 1 1 11 1 6 11 1 8 11 1 11 12 1 12 11 1 13 11 1
268 61374 15 15 1 0 5 1 1 5 1 2 5 1 3 5 1 4 5 1 5 6 1 6 5 1 7 5 1 8 5 1 10 5 1 11 5 1 12 5 1 13 5 1 14 5 1 15 5 1
269 61396 2 2 1 8 1 5 9 1 5
270 61406 1 1 1 11 6 1
271 61437 2 1 1 10 9 50 10 9 9
272 61446 1 1 1 5 2 1
273 61762 7 7 1 0 12 1 1 12 1 5 12 1 9 12 1 10 12 1 11 12 1 15 12 1
274 62027 15 3 5 2 8 1 9 8 1 12 8 1 2 10 1 9 10 1 12 10 1 2 11 1 9 11 1 12 11 1 2 14 1 9 14 1 12 14 1 2 15 1 9 15 1 12 15 1
275 62036 1 1 1 10 7 1
276 62062 1 1 1 9 0 1
277 62160 3 3 1 5 9 2 6 9 2 10 9 2
278 62343 11 1 11 0 1 3 0 2 3 0 3 3 0 4 6 0 6 3 0 7 2 0 9 6 0 10 3 0 12 3 0 13 3 0 14 3
279 62351 1 1 1 13 2 1
280 62401 2 2 1 6 2 1 13 2 1
281 62510 6 3 1 1 7 50 1 7 13 5 7 50 5 7 13 15 7 50 15 7 13
282 62518 1 1 1 3 2 1
283 62529 1 1 1 7 2 1
284 62571 1 1 1 4 10 1
285 62946 7 7 1 0 1 1 1 0 1 2 0 1 5 0 1 6 0 1 12 0 1 14 0 1
286 62973 2 2 1 2 3 1 7 2 1
287 63048 2 2 1 2 8 1 7 8 1
288 63198 7 7 1 0 9 1 4 9 1 6 9 1 8 9 1 10 9 1 12 9 1 13 9 1
289 63210 1 1 1 15 7 1
290 63274 3 3 1 3 2 1 14 2 1 15 2 1
291 63279 1 1 1 11 3 1
292 63569 13 13 1 0 1 1 2 0 1 3 0 1 4 0 1 5 0 1 6 0 1 9 0 1 10 0 1 11 0 1 12 0 1 13 0 1 14 0 1 15 0 1
293 63579 1 1 1 11 15 1
294 63651 1 1 1 1 8 1
295 63682 1 1 1 4 10 1
296 64019 15 15 1 0 13 1 2 13 1 3 13 1 4 13 1 5 13 1 6 13 1 7 13 1 8 13 1 9 13 1 10 13 1 11 13 1 12 13 1 13 14 1 14 13 1 15 13 1
297 64052 1 1 1 1 13 1
298 64350 13 1 1 6 1 50 6 1 50 6 1 50 6 1 50 6 1 50 6 1 50 6 1 50 6 1 50 6 1 50 6 1 50 6 1 50 6 1 50 6 1 38
299 64367 2 2 1 0 4 25 10 4 25
300 64519 6 3 1 8 12 50 8 12 5 13 12 50 13 12 5 15 12 50 15 12 5
301 64523 1 1 1 5 3 1
302 64544 1 1 1 15 11 1
303 64547 1 1 1 5 2 1
304 64551 1 1 1 0 7 1
305 64566 2 2 1 0 11 45 13 11 45
306 64697 9 1 1 6 13 50 6 13 50 6 13 50 6 13 50 6 13 50 6 13 50 6 13 50 6 13 50 6 13 23
307 65061 15 15 1 0 10 1 1 10 1 2 10 1 3 10 1 4 10 1 5 10 1 6 10 1 7 10 1 8 10 1 9 10 1 10 11 1 11 10 1 12 10 1 13 10 1 15 10 1
308 65073 1 1 1 11 7 1
309 65088 1 1 1 7 11 3
310 65224 4 2 1 5 9 50 5 9 5 15 9 50 15 9 5
311 65232 1 1 1 14 2 1
312 65236 1 1 1 10 13 1
313 65582 15 3 5 0 1 1 12 1 1 14 1 1 0 7 1 12 7 1 14 7 1 0 9 1 12 9 1 14 9 1 0 11 1 12 11 1 14 11 1 0 15 1 12 15 1 14 15 1
314 65692 3 3 1 11 12 1 14 12 1 15 12 1
315 65724 3 3 1 11 14 2 14 15 2 15 14 2
316 65754 1 1 1 2 15 1
317 65813 1 1 1 6 14 1
318 65877 1 1 1 9 5 1
319 65897 1 1 1 11 2 1
320 66090 10 5 2 0 1 1 1 0 1 4 0 1 7 0 1 13 0 1 0 1 1 1 2 1 4 1 1 7 1 1 13 1 1
321 66307 10 5 2 1 4 1 2 4 1 3 4 1 10 4 1 13 4 1 1 11 1 2 11 1 3 11 1 10 11 1 13 11 1
322 66381 5 5 1 1 4 1 2 4 1 7 4 1 13 4 1 15 4 1
323 66531 6 2 1 2 3 50 2 3 50 2 3 23 5 3 50 5 3 50 5 3 23
324 66551 1 1 1 6 14 1
325 66553 1 1 1 10 12 1
326 66571 1 1 1 3 4 1
327 66739 7 7 1 0 7 1 1 7 1 4 7 1 5 7 1 12 7 1 14 7 1 15 7 1
328 66788 4 4 1 0 1 1 11 1 1 12 1 1 13 1 1
329 67122 15 15 1 0 10 1 1 10 1 2 10 1 4 10 1 5 10 1 6 10 1 7 10 1 8 10 1 9 10 1 10 11 1 11 10 1 12 10 1 13 10 1 14 10 1 15 10 1
330 67134 2 2 1 8 1 1 11 1 1
331 67162 1 1 1 10 11 1
332 67180 2 2 1 6 9 24 15 9 24
333 67418 13 1 1 8 13 50 8 13 50 8 13 50 8 13 50 8 13 50 8 13 50 8 13 50 8 13 50 8 13 50 8 13 50 8 13 50 8 13 50 8 13 38
334 67418 1 1 1 3 9 1
335 67553 7 7 1 0 12 1 1 12 1 4 12 1 5 12 1 11 12 1 12 13 1 14 12 1
336 67555 2 2 1 1 12 5 7 12 5
337 71333 182 13 14 0 1 40 1 0 40 2 0 40 3 0 40 5 0 40 6 0 40 7 0 40 8 0 40 9 0 40 10 0 40 13 0 40 14 0 40 15 0 40 0 1 20 1 2 20 2 1 20 3 1 20 5 1 20 6 1 20 7 1 20 8 1 20 9 1 20 10 1 20 13 1 20 14 1 20 15 1 20 0 2 20 1 2 20 2 3 20 3 2 20 5 2 20 6 2 20 7 2 20 8 2 20 9 2 20 10 2 20 13 2 20 14 2 20 15 2 20 0 3 20 1 3 20 2 3 20 3 4 20 5 3 20 6 3 20 7 3 20 8 3 20 9 3 20 10 3 20 13 3 20 14 3 20 15 3 20 0 5 20 1 5 20 2 5 20 3 5 20 5 6 20 6 5 20 7 5 20 8 5 20 9 5 20 10 5 20 13 5 20 14 5 20 15 5 20 0 7 20 1 7 20 2 7 20 3 7 20 5 7 20 6 7 20 7 8 20 8 7 20 9 7 20 10 7 20 13 7 20 14 7 20 15 7 20 0 8 23 1 8 23 2 8 23 3 8 23 5 8 23 6 8 23 7 8 23 8 9 23 9 8 23 10 8 23 13 8 23 14 8 23 15 8 23 0 9 20 1 9 20 2 9 20 3 9 20 5 9 20 6 9 20 7 9 20 8 9 20 9 10 20 10 9 20 13 9 20 14 9 20 15 9 20 0 10 20 1 10 20 2 10 20 3 10 20 5 10 20 6 10 20 7 10 20 8 10 20 9 10 20 10 11 20 13 10 20 14 10 20 15 10 20 0 11 41 1 11 41 2 11 41 3 11 41 5 11 41 6 11 41 7 11 41 8 11 41 9 11 41 10 11 41 13 11 41 14 11 41 15 11 41 0 12 20 1 12 20 2 12 20 3 12 20 5 12 20 6 12 20 7 12 20 8 12 20 9 12 20 10 12 20 13 12 20 14 12 20 15 12 20 0 13 20 1 13 20 2 13 20 3 13 20 5 13 20 6 13 20 7 13 20 8 13 20 9 13 20 10 13 20 13 14 20 14 13 20 15 13 20 0 14 20 1 14 20 2 14 20 3 14 20 5 14 20 6 14 20 7 14 20 8 14 20 9 14 20 10 14 20 13 14 20 14 15 20 15 14 20 0 15 20 1 15 20 2 15 20 3 15 20 5 15 20 6 15 20 7 15 20 8 15 20 9 15 20 10 15 20 13 15 20 14 15 20 15 0 20
338 71653 14 14 1 0 12 1 1 12 1 2 12 1 3 12 1 4 12 1 5 12 1 6 12 1 7 12 1 8 12 1 9 12 1 10 12 1 11 12 1 12 13 1 14 12 1
339 71823 7 7 1 1 2 1 2 3 1 4 2 1 9 2 1 11 2 1 13 2 1 14 2 1
340 72034 10 5 2 1 11 1 2 11 1 3 11 1 5 11 1 6 11 1 1 15 1 2 15 1 3 15 1 5 15 1 6 15 1
341 72303 12 12 1 0 9 1 1 9 1 3 9 1 4 9 1 5 9 1 8 9 1 9 10 1 11 9 1 12 9 1 13 9 1 14 9 1 15 9 1
342 72338 1 1 1 10 3 1
343 72353 1 1 1 11 9 1
344 72425 3 3 1 2 5 1 10 5 1 13 5 1
345 72426 1 1 1 10 15 1
346 72452 1 1 1 15 0 18
347 72623 7 7 1 2 6 1 3 6 1 4 6 1 7 6 1 11 6 1 12 6 1 13 6 1
348 72921 14 14 1 0 2 1 1 2 1 2 3 1 3 2 1 4 2 1 5 2 1 7 2 1 9 2 1 10 2 1 11 2 1 12 2 1 13 2 1 14 2 1 15 2 1
349 72928 1 1 1 1 10 1
350 72930 1 1 1 9 8 1
351 73065 14 7 2 0 1 2 4 0 2 6 0 2 8 0 2 9 0 2 10 0 2 14 0 2 0 5 2 4 5 2 6 5 2 8 5 2 9 5 2 10 5 2 14 5 2
352 73184 4 4 1 3 0 1 5 0 1 8 0 1 14 0 1
353 73310 6 3 1 0 11 50 0 11 5 3 11 50 3 11 5 8 11 50 8 11 5
354 73315 1 1 1 12 10 1
355 73628 12 12 1 0 11 1 1 11 1 2 11 1 4 11 1 5 11 1 6 11 1 7 11 1 9 11 1 10 11 1 11 12 1 13 11 1 14 11 1
356 73636 1 1 1 3 0 1
357 73651 1 1 1 0 2 18
358 73835 7 7 1 4 0 1 5 0 1 7 0 1 8 0 1 9 0 1 14 0 1 15 0 1
359 73921 1 1 1 5 1 1
360 74060 10 5 2 0 4 1 3 4 1 10 4 1 11 4 1 13 4 1 0 11 1 3 11 1 10 11 1 11 12 1 13 11 1
361 74121 2 2 1 2 9 1 4 9 1
362 74159 1 1 1 0 7 1
363 74463 6 6 1 0 14 1 1 14 1 2 14 1 4 14 1 8 14 1 13 14 1
364 74745 18 3 1 12 10 50 12 10 50 12 10 50 12 10 50 12 10 50 12 10 29 13 10 50 13 10 50 13 10 50 13 10 50 13 10 50 13 10 29 14 10 50 14 10 50 14 10 50 14 10 50 14 10 50 14 10 29
365 74757 1 1 1 14 15 1
366 74960 7 7 1 1 6 1 3 6 1 4 6 1 7 6 1 9 6 1 10 6 1 15 6 1
367 74968 1 1 1 11 3 1
368 75208 13 13 1 0 13 1 1 13 1 2 13 1 3 13 1 4 13 1 5 13 1 6 13 1 7 13 1 9 13 1 10 13 1 11 13 1 12 13 1 15 13 1
369 75229 3 3 1 0 4 2 5 4 2 6 4 2
370 75284 3 3 1 1 10 2 5 10 2 13 10 2
371 75694 13 13 1 0 15 1 1 15 1 2 15 1 3 15 1 4 15 1 5 15 1 6 15 1 7 15 1 8 15 1 9 15 1 11 15 1 13 15 1 15 0 1
372 75782 3 3 1 2 9 1 4 9 1 13 9 1
373 75804 1 1 1 6 4 1
374 75934 6 3 1 3 15 50 3 15 12 5 15 50 5 15 12 9 15 50 9 15 12
375 76132 13 13 1 0 5 1 1 5 1 2 5 1 3 5 1 4 5 1 5 6 1 6 5 1 8 5 1 9 5 1 10 5 1 11 5 1 12 5 1 13 5 1
376 76231 8 8 1 1 4 1 2 4 1 3 4 1 5 4 1 6 4 1 8 4 1 9 4 1 12 4 1
377 76506 14 7 2 2 10 2 4 10 2 5 10 2 7 10 2 8 10 2 9 10 2 10 11 2 2 15 2 4 15 2 5 15 2 7 15 2 8 15 2 9 15 2 10 15 2
378 76643 7 7 1 0 13 1 2 13 1 3 13 1 6 13 1 8 13 1 9 13 1 15 13 1
379 76656 1 1 1 1 15 1
380 76713 2 2 1 5 6 5 15 6 5
381 76772 3 3 1 7 1 1 9 1 1 13 1 1
382 76817 2 2 1 2 1 22 6 1 22
383 76862 1 1 1 4 1 1
384 77146 11 11 1 0 6 1 2 6 1 3 6 1 4 6 1 5 6 1 7 6 1 9 6 1 10 6 1 11 6 1 13 6 1 15 6 1
385 77163 1 1 1 1 7 1
386 77195 2 2 1 0 10 45 15 10 45
387 77309 7 7 1 0 14 1 5 14 1 7 14 1 9 14 1 10 14 1 11 14 1 13 14 1
388 77554 13 13 1 1 8 1 2 8 1 3 8 1 4 8 1 6 8 1 7 8 1 8 9 1 10 8 1 11 8 1 12 8 1 13 8 1 14 8 1 15 8 1
389 77899 15 15 1 0 7 1 1 7 1 2 7 1 3 7 1 4 7 1 5 7 1 6 7 1 7 8 1 8 7 1 9 7 1 11 7 1 12 7 1 13 7 1 14 7 1 15 7 1
390 77903 1 1 1 0 5 1
391 77924 2 2 1 10 8 2 11 8 2
392 77985 3 3 1 5 4 1 7 4 1 14 4 1
393 77989 1 1 1 15 3 1
394 79570 60 4 15 0 1 2 4 0 2 9 0 2 10 0 2 0 1 2 4 1 2 9 1 2 10 1 2 0 2 2 4 2 2 9 2 2 10 2 2 0 3 2 4 3 2 9 3 2 10 3 2 0 4 2 4 5 2 9 4 2 10 4 2 0 5 5 4 5 5 9 5 5 10 5 5 0 6 3 4 6 3 9 6 3 10 6 3 0 7 2 4 7 2 9 7 2 10 7 2 0 8 2 4 8 2 9 8 2 10 8 2 0 10 2 4 10 2 9 10 2 10 11 2 0 11 2 4 11 2 9 11 2 10 11 2 0 12 2 4 12 2 9 12 2 10 12 2 0 13 2 4 13 2 9 13 2 10 13 2 0 14 2 4 14 2 9 14 2 10 14 2 0 15 2 4 15 2 9 15 2 10 15 2
395 79739 6 6 1 1 3 1 3 4 1 5 3 1 7 3 1 9 3 1 15 3 1
396 79759 2 2 1 7 13 24 10 13 24
397 79950 6 3 1 1 15 50 1 15 12 10 15 50 10 15 12 12 15 50 12 15 12
398 80088 7 7 1 3 8 1 7 8 1 9 8 1 10 8 1 12 8 1 13 8 1 14 8 1
399 80111 1 1 1 3 8 1
400 80201 2 2 1 1 9 1 3 9 1
401 80222 2 2 1 1 12 1 13 12 1
402 80272 6 3 1 3 0 50 3 0 13 12 0 50 12 0 13 14 0 50 14 0 13
403 80311 1 1 1 1 7 1
404 80323 1 1 1 13 6 1
405 80367 2 2 1 2 1 25 12 1 25
406 80394 1 1 1 3 12 1
407 80470 3 3 1 6 1 2 8 1 2 15 1 2
408 85502 225 15 15 0 1 8 1 0 8 2 0 8 3 0 8 4 0 8 5 0 8 6 0 8 7 0 8 8 0 8 9 0 8 10 0 8 11 0 8 12 0 8 13 0 8 14 0 8 0 1 8 1 2 8 2 1 8 3 1 8 4 1 8 5 1 8 6 1 8 7 1 8 8 1 8 9 1 8 10 1 8 11 1 8 12 1 8 13 1 8 14 1 8 0 2 8 1 2 8 2 3 8 3 2 8 4 2 8 5 2 8 6 2 8 7 2 8 8 2 8 9 2 8 10 2 8 11 2 8 12 2 8 13 2 8 14 2 8 0 3 8 1 3 8 2 3 8 3 4 8 4 3 8 5 3 8 6 3 8 7 3 8 8 3 8 9 3 8 10 3 8 11 3 8 12 3 8 13 3 8 14 3 8 0 4 8 1 4 8 2 4 8 3 4 8 4 5 8 5 4 8 6 4 8 7 4 8 8 4 8 9 4 8 10 4 8 11 4 8 12 4 8 13 4 8 14 4 8 0 5 8 1 5 8 2 5 8 3 5 8 4 5 8 5 6 8 6 5 8 7 5 8 8 5 8 9 5 8 10 5 8 11 5 8 12 5 8 13 5 8 14 5 8 0 6 8 1 6 8 2 6 8 3 6 8 4 6 8 5 6 8 6 7 8 7 6 8 8 6 8 9 6 8 10 6 8 11 6 8 12 6 8 13 6 8 14 6 8 0 7 16 1 7 16 2 7 16 3 7 16 4 7 16 5 7 16 6 7 16 7 8 16 8 7 16 9 7 16 10 7 16 11 7 16 12 7 16 13 7 16 14 7 16 0 8 8 1 8 8 2 8 8 3 8 8 4 8 8 5 8 8 6 8 8 7 8 8 8 9 8 9 8 8 10 8 8 11 8 8 12 8 8 13 8 8 14 8 8 0 10 8 1 10 8 2 10 8 3 10 8 4 10 8 5 10 8 6 10 8 7 10 8 8 10 8 9 10 8 10 11 8 11 10 8 12 10 8 13 10 8 14 10 8 0 11 9 1 11 9 2 11 9 3 11 9 4 11 9 5 11 9 6 11 9 7 11 9 8 11 9 9 11 9 10 11 9 11 12 9 12 11 9 13 11 9 14 11 9 0 12 8 1 12 8 2 12 8 3 12 8 4 12 8 5 12 8 6 12 8 7 12 8 8 12 8 9 12 8 10 12 8 11 12 8 12 13 8 13 12 8 14 12 8 0 13 8 1 13 8 2 13 8 3 13 8 4 13 8 5 13 8 6 13 8 7 13 8 8 13 8 9 13 8 10 13 8 11 13 8 12 13 8 13 14 8 14 13 8 0 14 8 1 14 8 2 14 8 3 14 8 4 14 8 5 14 8 6 14 8 7 14 8 8 14 8 9 14 8 10 14 8 11 14 8 12 14 8 13 14 8 14 15 8 0 15 8 1 15 8 2 15 8 3 15 8 4 15 8 5 15 8 6 15 8 7 15 8 8 15 8 9 15 8 10 15 8 11 15 8 12 15 8 13 15 8 14 15 8
409 85621 6 3 1 1 14 50 1 14 5 11 14 50 11 14 5 12 14 50 12 14 5
410 85658 1 1 1 15 8 1
411 85870 12 6 2 2 3 1 3 2 1 5 2 1 7 2 1 12 2 1 15 2 1 2 14 1 3 14 1 5 14 1 7 14 1 12 14 1 15 14 1
412 86087 14 14 1 0 7 1 1 7 1 2 7 1 3 7 1 4 7 1 5 7 1 6 7 1 8 7 1 10 7 1 11 7 1 12 7 1 13 7 1 14 7 1 15 7 1
413 86141 3 3 1 0 12 1 1 12 1 13 12 1
414 86490 15 15 1 0 6 1 1 6 1 2 6 1 3 6 1 4 6 1 5 6 1 6 7 1 7 6 1 8 6 1 9 6 1 10 6 1 11 6 1 12 6 1 14 6 1 15 6 1
415 86889 13 13 1 1 2 1 2 1 1 3 1 1 4 1 1 5 1 1 6 1 1 7 1 1 8 1 1 9 1 1 12 1 1 13 1 1 14 1 1 15 1 1
416 86925 1 1 1 7 4 1
417 86946 2 2 1 2 11 2 4 11 2
418 86949 2 2 1 3 11 1 10 11 1
419 87045 7 7 1 1 8 1 5 8 1 6 8 1 7 8 1 8 9 1 10 8 1 12 8 1
420 87136 2 2 1 7 11 21 15 11 21
421 87197 6 2 3 4 3 49 7 3 49 4 8 49 7 8 49 4 12 49 7 12 49
422 87265 1 1 1 15 0 1
423 87447 12 12 1 1 13 1 2 13 1 3 13 1 4 13 1 5 13 1 8 13 1 9 13 1 11 13 1 12 13 1 13 14 1 14 13 1 15 13 1
424 87567 4 4 1 1 4 8 9 4 8 12 4 8 15 4 8
425 87587 1 1 1 6 8 1
426 87595 1 1 1 11 1 1
427 87634 1 1 1 11 6 1
428 87650 1 1 1 1 3 1
429 87738 2 2 1 7 11 24 15 11 24
430 88023 13 13 1 0 6 1 1 6 1 2 6 1 3 6 1 4 6 1 5 6 1 7 6 1 8 6 1 10 6 1 12 6 1 13 6 1 14 6 1 15 6 1
431 88033 1 1 1 0 12 1
432 88128 7 7 1 1 7 1 3 7 1 7 8 1 8 7 1 11 7 1 12 7 1 13 7 1
433 88131 1 1 1 0 12 1
434 91916 203 7 7 0 1 50 0 1 50 0 1 50 0 1 48 1 0 50 1 0 50 1 0 50 1 0 48 2 0 50 2 0 50 2 0 50 2 0 48 5 0 50 5 0 50 5 0 50 5 0 48 6 0 50 6 0 50 6 0 50 6 0 48 11 0 50 11 0 50 11 0 50 11 0 48 14 0 50 14 0 50 14 0 50 14 0 48 0 1 50 0 1 50 0 1 50 0 1 48 1 2 50 1 2 50 1 2 50 1 2 48 2 1 50 2 1 50 2 1 50 2 1 48 5 1 50 5 1 50 5 1 50 5 1 48 6 1 50 6 1 50 6 1 50 6 1 48 11 1 50 11 1 50 11 1 50 11 1 48 14 1 50 14 1 50 14 1 50 14 1 48 0 2 50 0 2 50 0 2 50 0 2 50 0 2 12 1 2 50 1 2 50 1 2 50 1 2 50 1 2 12 2 3 50 2 3 50 2 3 50 2 3 50 2 3 12 5 2 50 5 2 50 5 2 50 5 2 50 5 2 12 6 2 50 6 2 50 6 2 50 6 2 50 6 2 12 11 2 50 11 2 50 11 2 50 11 2 50 11 2 12 14 2 50 14 2 50 14 2 50 14 2 50 14 2 12 0 4 50 0 4 50 0 4 50 0 4 48 1 4 50 1 4 50 1 4 50 1 4 48 2 4 50 2 4 50 2 4 50 2 4 48 5 4 50 5 4 50 5 4 50 5 4 48 6 4 50 6 4 50 6 4 50 6 4 48 11 4 50 11 4 50 11 4 50 11 4 48 14 4 50 14 4 50 14 4 50 14 4 48 0 11 50 0 11 50 0 11 50 0 11 48 1 11 50 1 11 50 1 11 50 1 11 48 2 11 50 2 11 50 2 11 50 2 11 48 5 11 50 5 11 50 5 11 50 5 11 48 6 11 50 6 11 50 6 11 50 6 11 48 11 12 50 11 12 50 11 12 50 11 12 48 14 11 50 14 11 50 14 11 50 14 11 48 0 14 50 0 14 50 0 14 50 0 14 48 1 14 50 1 14 50 1 14 50 1 14 48 2 14 50 2 14 50 2 14 50 2 14 48 5 14 50 5 14 50 5 14 50 5 14 48 6 14 50 6 14 50 6 14 50 6 14 48 11 14 50 11 14 50 11 14 50 11 14 48 14 15 50 14 15 50 14 15 50 14 15 48 0 15 50 0 15 50 0 15 50 0 15 48 1 15 50 1 15 50 1 15 50 1 15 48 2 15 50 2 15 50 2 15 50 2 15 48 5 15 50 5 15 50 5 15 50 5 15 48 6 15 50 6 15 50 6 15 50 6 15 48 11 15 50 11 15 50 11 15 50 11 15 48 14 15 50 14 15 50 14 15 50 14 15 48
435 91925 1 1 1 11 4 1
436 91937 1 1 1 14 7 1
437 92154 12 12 1 0 12 1 1 12 1 2 12 1 3 12 1 4 12 1 6 12 1 9 12 1 10 12 1 12 13 1 13 12 1 14 12 1 15 12 1
438 92169 2 2 1 6 4 44 11 4 44
439 96116 180 12 15 0 1 4 1 0 4 2 0 4 4 0 4 5 0 4 6 0 4 7 0 4 9 0 4 12 0 4 13 0 4 14 0 4 15 0 4 0 1 4 1 2 4 2 1 4 4 1 4 5 1 4 6 1 4 7 1 4 9 1 4 12 1 4 13 1 4 14 1 4 15 1 4 0 2 4 1 2 4 2 3 4 4 2 4 5 2 4 6 2 4 7 2 4 9 2 4 12 2 4 13 2 4 14 2 4 15 2 4 0 3 4 1 3 4 2 3 4 4 3 4 5 3 4 6 3 4 7 3 4 9 3 4 12 3 4 13 3 4 14 3 4 15 3 4 0 4 4 1 4 4 2 4 4 4 5 4 5 4 4 6 4 4 7 4 4 9 4 4 12 4 4 13 4 4 14 4 4 15 4 4 0 5 8 1 5 8 2 5 8 4 5 8 5 6 8 6 5 8 7 5 8 9 5 8 12 5 8 13 5 8 14 5 8 15 5 8 0 7 5 1 7 5 2 7 5 4 7 5 5 7 5 6 7 5 7 8 5 9 7 5 12 7 5 13 7 5 14 7 5 15 7 5 0 8 4 1 8 4 2 8 4 4 8 4 5 8 4 6 8 4 7 8 4 9 8 4 12 8 4 13 8 4 14 8 4 15 8 4 0 9 4 1 9 4 2 9 4 4 9 4 5 9 4 6 9 4 7 9 4 9 10 4 12 9 4 13 9 4 14 9 4 15 9 4 0 10 4 1 10 4 2 10 4 4 10 4 5 10 4 6 10 4 7 10 4 9 10 4 12 10 4 13 10 4 14 10 4 15 10 4 0 11 4 1 11 4 2 11 4 4 11 4 5 11 4 6 11 4 7 11 4 9 11 4 12 11 4 13 11 4 14 11 4 15 11 4 0 12 4 1 12 4 2 12 4 4 12 4 5 12 4 6 12 4 7 12 4 9 12 4 12 13 4 13 12 4 14 12 4 15 12 4 0 13 4 1 13 4 2 13 4 4 13 4 5 13 4 6 13 4 7 13 4 9 13 4 12 13 4 13 14 4 14 13 4 15 13 4 0 14 4 1 14 4 2 14 4 4 14 4 5 14 4 6 14 4 7 14 4 9 14 4 12 14 4 13 14 4 14 15 4 15 14 4 0 15 4 1 15 4 2 15 4 4 15 4 5 15 4 6 15 4 7 15 4 9 15 4 12 15 4 13 15 4 14 15 4 15 0 4
440 96163 1 1 1 8 4 1
441 96328 13 13 1 0 9 1 1 9 1 2 9 1 3 9 1 4 9 1 6 9 1 7 9 1 8 9 1 9 10 1 11 9 1 12 9 1 14 9 1 15 9 1
442 96431 7 7 1 4 9 1 5 9 1 7 9 1 9 10 1 10 9 1 11 9 1 15 9 1
443 96436 1 1 1 0 3 6
444 96730 14 14 1 0 12 1 2 12 1 4 12 1 5 12 1 6 12 1 7 12 1 8 12 1 9 12 1 10 12 1 11 12 1 12 13 1 13 12 1 14 12 1 15 12 1
445 97107 14 14 1 0 2 1 1 2 1 3 2 1 4 2 1 5 2 1 6 2 1 7 2 1 9 2 1 10 2 1 11 2 1 12 2 1 13 2 1 14 2 1 15 2 1
446 97393 10 5 2 1 8 1 2 8 1 5 8 1 8 9 1 11 8 1 1 10 1 2 10 1 5 10 1 8 10 1 11 10 1
447 97455 2 2 1 2 15 22 8 15 22
448 97769 14 14 1 0 4 1 1 4 1 2 4 1 3 4 1 4 5 1 5 4 1 6 4 1 7 4 1 8 4 1 9 4 1 10 4 1 12 4 1 13 4 1 14 4 1
449 98165 14 14 1 0 9 1 1 9 1 2 9 1 3 9 1 4 9 1 6 9 1 7 9 1 8 9 1 9 10 1 10 9 1 11 9 1 12 9 1 13 9 1 14 9 1
450 98479 18 3 1 5 6 50 5 6 50 5 6 50 5 6 50 5 6 50 5 6 29 9 6 50 9 6 50 9 6 50 9 6 50 9 6 50 9 6 29 10 6 50 10 6 50 10 6 50 10 6 50 10 6 50 10 6 29
451 98481 1 1 1 11 14 1
452 98630 6 3 1 1 0 50 1 0 10 9 0 50 9 0 10 12 0 50 12 0 10
453 98683 4 4 1 0 1 32 4 0 32 7 0 32 10 0 32
454 98696 1 1 1 0 7 1
455 98707 1 1 1 2 4 1
456 98748 2 1 1 0 9 50 0 9 9
457 98776 1 1 1 12 1 1
458 98782 1 1 1 13 8 1
459 98798 4 4 1 2 5 8 4 5 8 8 5 8 12 5 8
460 98807 1 1 1 9 12 1
461 98823 1 1 1 5 1 1
462 98824 1 1 1 10 15 1
463 98835 2 2 1 8 1 19 12 1 19
464 98861 2 2 1 3 12 1 8 12 1
465 99180 14 14 1 0 11 1 1 11 1 2 11 1 3 11 1 4 11 1 5 11 1 6 11 1 8 11 1 9 11 1 10 11 1 11 12 1 13 11 1 14 11 1 15 11 1
466 99201 1 1 1 10 14 1
467 99486 13 13 1 1 13 1 2 13 1 3 13 1 4 13 1 5 13 1 6 13 1 7 13 1 8 13 1 9 13 1 11 13 1 12 13 1 13 14 1 15 13 1
468 99551 2 2 1 7 3 1 14 3 1
469 99582 1 1 1 13 8 3
470 99717 10 5 2 1 2 1 3 1 1 7 1 1 8 1 1 12 1 1 1 12 1 3 12 1 7 12 1 8 12 1 12 13 1
471 99792 2 2 1 5 3 24 11 3 24
472 99794 1 1 1 12 0 1
473 99821 1 1 1 15 0 1
474 100065 16 1 16 9 0 2 9 1 1 9 2 2 9 3 1 9 4 1 9 5 1 9 6 1 9 7 1 9 8 2 9 10 1 9 10 1 9 11 1 9 12 1 9 13 1 9 14 2 9 15 1
475 100108 4 2 1 3 1 50 3 1 26 10 1 50 10 1 26
476 100121 2 2 1 3 7 1 8 7 1
477 100349 7 7 1 0 13 1 3 13 1 10 13 1 11 13 1 13 14 1 14 13 1 15 13 1
478 100382 2 2 1 14 10 21 15 10 21
479 100430 2 2 1 5 0 23 14 0 23
480 100436 1 1 1 4 3 1
481 100443 1 1 1 3 0 1
482 101736 70 14 5 0 6 5 1 6 5 2 6 5 3 6 5 4 6 5 5 6 5 6 7 5 9 6 5 10 6 5 11 6 5 12 6 5 13 6 5 14 6 5 15 6 5 0 9 5 1 9 5 2 9 5 3 9 5 4 9 5 5 9 5 6 9 5 9 10 5 10 9 5 11 9 5 12 9 5 13 9 5 14 9 5 15 9 5 0 12 5 1 12 5 2 12 5 3 12 5 4 12 5 5 12 5 6 12 5 9 12 5 10 12 5 11 12 5 12 13 5 13 12 5 14 12 5 15 12 5 0 14 5 1 14 5 2 14 5 3 14 5 4 14 5 5 14 5 6 14 5 9 14 5 10 14 5 11 14 5 12 14 5 13 14 5 14 15 5 15 14 5 0 15 5 1 15 5 2 15 5 3 15 5 4 15 5 5 15 5 6 15 5 9 15 5 10 15 5 11 15 5 12 15 5 13 15 5 14 15 5 15 0 5
483 101736 1 1 1 7 15 2
484 101879 7 7 1 1 14 1 4 14 1 6 14 1 8 14 1 9 14 1 10 14 1 13 14 1
485 101894 1 1 1 15 0 1
486 101907 2 2 1 5 14 22 12 14 22
487 101908 2 2 1 8 3 24 15 3 24
488 102076 7 7 1 3 5 1 6 5 1 8 5 1 10 5 1 12 5 1 13 5 1 15 5 1
489 102096 2 2 1 13 12 19 14 12 19
490 102246 7 7 1 1 14 1 2 14 1 4 14 1 10 14 1 11 14 1 13 14 1 14 15 1
491 102456 10 5 2 0 7 1 6 7 1 8 7 1 13 7 1 15 7 1 0 10 1 6 10 1 8 10 1 13 10 1 15 10 1
492 102518 1 1 1 10 15 1
493 102653 7 7 1 1 12 1 3 12 1 5 12 1 6 12 1 13 12 1 14 12 1 15 12 1
494 102842 7 7 1 0 7 1 3 7 1 4 7 1 5 7 1 6 7 1 8 7 1 10 7 1
495 103042 7 7 1 0 6 1 4 6 1 6 7 1 8 6 1 11 6 1 12 6 1 14 6 1
496 103053 1 1 1 6 12 1
497 104380 75 15 5 0 1 4 1 2 4 2 1 4 3 1 4 4 1 4 5 1 4 6 1 4 7 1 4 8 1 4 9 1 4 10 1 4 11 1 4 13 1 4 14 1 4 15 1 4 0 5 4 1 5 4 2 5 4 3 5 4 4 5 4 5 6 4 6 5 4 7 5 4 8 5 4 9 5 4 10 5 4 11 5 4 13 5 4 14 5 4 15 5 4 0 7 4 1 7 4 2 7 4 3 7 4 4 7 4 5 7 4 6 7 4 7 8 4 8 7 4 9 7 4 10 7 4 11 7 4 13 7 4 14 7 4 15 7 4 0 8 4 1 8 4 2 8 4 3 8 4 4 8 4 5 8 4 6 8 4 7 8 4 8 9 4 9 8 4 10 8 4 11 8 4 13 8 4 14 8 4 15 8 4 0 13 4 1 13 4 2 13 4 3 13 4 4 13 4 5 13 4 6 13 4 7 13 4 8 13 4 9 13 4 10 13 4 11 13 4 13 14 4 14 13 4 15 13 4
498 104610 14 14 1 0 15 1 3 15 1 4 15 1 5 15 1 6 15 1 7 15 1 8 15 1 9 15 1 10 15 1 11 15 1 12 15 1 13 15 1 14 15 1 15 0 1
499 104618 1 1 1 7 14 1
500 104678 3 3 1 2 5 2 4 5 2 15 5 2
501 104945 14 14 1 0 1 1 1 2 1 2 1 1 3 1 1 4 1 1 5 1 1 6 1 1 7 1 1 9 1 1 10 1 1 12 1 1 13 1 1 14 1 1 15 1 1
502 106229 60 4 15 3 0 2 8 0 2 14 0 2 15 0 2 3 1 2 8 1 2 14 1 2 15 1 2 3 2 2 8 2 2 14 2 2 15 2 2 3 4 2 8 3 2 14 3 2 15 3 2 3 4 2 8 4 2 14 4 2 15 4 2 3 5 5 8 5 5 14 5 5 15 5 5 3 6 3 8 6 3 14 6 3 15 6 3 3 7 2 8 7 2 14 7 2 15 7 2 3 8 2 8 9 2 14 8 2 15 8 2 3 9 2 8 9 2 14 9 2 15 9 2 3 10 2 8 10 2 14 10 2 15 10 2 3 12 2 8 12 2 14 12 2 15 12 2 3 13 2 8 13 2 14 13 2 15 13 2 3 14 2 8 14 2 14 15 2 15 14 2 3 15 2 8 15 2 14 15 2 15 0 2
503 106417 7 7 1 2 5 1 3 5 1 6 5 1 7 5 1 9 5 1 14 5 1 15 5 1
504 106836 14 14 1 0 5 1 2 5 1 3 5 1 4 5 1 5 6 1 6 5 1 8 5 1 9 5 1 10 5 1 11 5 1 12 5 1 13 5 1 14 5 1 15 5 1
505 108221 60 10 3 1 0 50 1 0 21 5 0 50 5 0 21 6 0 50 6 0 21 9 0 50 9 0 21 10 0 50 10 0 21 11 0 50 11 0 21 12 0 50 12 0 21 13 0 50 13 0 21 14 0 50 14 0 21 15 0 50 15 0 21 1 7 50 1 7 21 5 7 50 5 7 21 6 7 50 6 7 21 9 7 50 9 7 21 10 7 50 10 7 21 11 7 50 11 7 21 12 7 50 12 7 21 13 7 50 13 7 21 14 7 50 14 7 21 15 7 50 15 7 21 1 8 50 1 8 8 5 8 50 5 8 8 6 8 50 6 8 8 9 8 50 9 8 8 10 8 50 10 8 8 11 8 50 11 8 8 12 8 50 12 8 8 13 8 50 13 8 8 14 8 50 14 8 8 15 8 50 15 8 8
506 108450 6 3 1 1 6 50 1 6 14 12 6 50 12 6 14 13 6 50 13 6 14
507 108546 2 2 1 2 7 1 5 7 1
508 108648 6 2 1 2 15 50 2 15 50 2 15 18 4 15 50 4 15 50 4 15 18
509 108847 7 7 1 1 12 1 2 12 1 3 12 1 4 12 1 7 12 1 8 12 1 15 12 1
510 108853 1 1 1 14 6 1
511 108978 7 7 1 0 5 1 5 6 1 9 5 1 11 5 1 12 5 1 14 5 1 15 5 1
512 109047 2 2 1 1 15 1 7 15 1
513 109128 3 3 1 1 7 2 4 7 2 12 7 2
514 109445 13 13 1 0 7 1 1 7 1 4 7 1 5 7 1 6 7 1 7 8 1 8 7 1 9 7 1 11 7 1 12 7 1 13 7 1 14 7 1 15 7 1
515 109899 12 12 1 0 5 1 1 5 1 2 5 1 4 5 1 5 6 1 6 5 1 7 5 1 9 5 1 10 5 1 12 5 1 13 5 1 15 5 1
516 109903 1 1 1 9 12 1
517 109904 1 1 1 3 6 1
518 109992 1 1 1 12 9 1
519 110018 2 2 1 6 10 1 8 10 1
520 110044 1 1 1 0 1 1
521 110215 7 7 1 2 12 1 4 12 1 6 12 1 7 12 1 13 12 1 14 12 1 15 12 1
522 110240 1 1 1 13 2 1
523 110286 1 1 1 8 6 1
524 110344 7 7 1 0 11 1 1 11 1 4 11 1 6 11 1 11 12 1 12 11 1 15 11 1
525 110397 2 2 1 8 14 2 14 15 2
