16 526
0 13 1 1 1 6 13 1
1 14 1 1 1 3 7 1
2 48 1 1 1 3 11 1
3 212 10 5 2 4 5 1 7 5 1 9 5 1 13 5 1 15 5 1 4 14 1 7 14 1 9 14 1 13 14 1 15 14 1
4 370 13 13 1 0 1 1 1 0 1 2 0 1 3 0 1 5 0 1 7 0 1 8 0 1 9 0 1 11 0 1 12 0 1 13 0 1 14 0 1 15 0 1
5 440 5 5 1 8 7 1 12 7 1 13 7 1 14 7 1 15 7 1
6 453 1 1 1 3 4 1
7 577 6 3 1 0 14 50 0 14 12 3 14 50 3 14 12 6 14 50 6 14 12
8 676 8 8 1 0 5 1 2 5 1 3 5 1 4 5 1 8 5 1 13 5 1 14 5 1 15 5 1
9 777 6 6 1 1 2 1 2 1 1 3 1 1 8 1 1 12 1 1 13 1 1
10 809 1 1 1 3 12 1
11 1002 14 14 1 0 14 1 1 14 1 3 14 1 5 14 1 6 14 1 7 14 1 8 14 1 9 14 1 10 14 1 11 14 1 12 14 1 13 14 1 14 15 1 15 14 1
12 1056 5 5 1 2 14 1 3 14 1 8 14 1 9 14 1 15 14 1
13 3294 180 12 15 1 0 4 2 0 4 3 0 4 4 0 4 5 0 4 6 0 4 7 0 4 8 0 4 9 0 4 11 0 4 13 0 4 14 0 4 1 2 4 2 1 4 3 1 4 4 1 4 5 1 4 6 1 4 7 1 4 8 1 4 9 1 4 11 1 4 13 1 4 14 1 4 1 2 4 2 3 4 3 2 4 4 2 4 5 2 4 6 2 4 7 2 4 8 2 4 9 2 4 11 2 4 13 2 4 14 2 4 1 3 4 2 3 4 3 4 4 4 3 4 5 3 4 6 3 4 7 3 4 8 3 4 9 3 4 11 3 4 13 3 4 14 3 4 1 5 4 2 5 4 3 5 4 4 5 4 5 6 4 6 5 4 7 5 4 8 5 4 9 5 4 11 5 4 13 5 4 14 5 4 1 6 8 2 6 8 3 6 8 4 6 8 5 6 8 6 7 8 7 6 8 8 6 8 9 6 8 11 6 8 13 6 8 14 6 8 1 7 5 2 7 5 3 7 5 4 7 5 5 7 5 6 7 5 7 8 5 8 7 5 9 7 5 11 7 5 13 7 5 14 7 5 1 8 4 2 8 4 3 8 4 4 8 4 5 8 4 6 8 4 7 8 4 8 9 4 9 8 4 11 8 4 13 8 4 14 8 4 1 9 4 2 9 4 3 9 4 4 9 4 5 9 4 6 9 4 7 9 4 8 9 4 9 10 4 11 9 4 13 9 4 14 9 4 1 10 4 2 10 4 3 10 4 4 10 4 5 10 4 6 10 4 7 10 4 8 10 4 9 10 4 11 10 4 13 10 4 14 10 4 1 11 4 2 11 4 3 11 4 4 11 4 5 11 4 6 11 4 7 11 4 8 11 4 9 11 4 11 12 4 13 11 4 14 11 4 1 12 4 2 12 4 3 12 4 4 12 4 5 12 4 6 12 4 7 12 4 8 12 4 9 12 4 11 12 4 13 12 4 14 12 4 1 13 4 2 13 4 3 13 4 4 13 4 5 13 4 6 13 4 7 13 4 8 13 4 9 13 4 11 13 4 13 14 4 14 13 4 1 14 4 2 14 4 3 14 4 4 14 4 5 14 4 6 14 4 7 14 4 8 14 4 9 14 4 11 14 4 13 14 4 14 15 4 1 15 4 2 15 4 3 15 4 4 15 4 5 15 4 6 15 4 7 15 4 8 15 4 9 15 4 11 15 4 13 15 4 14 15 4
14 3310 1 1 1 0 7 1
15 3722 28 14 1 0 5 50 0 5 8 1 5 50 1 5 8 2 5 50 2 5 8 3 5 50 3 5 8 5 6 50 5 6 8 6 5 50 6 5 8 7 5 50 7 5 8 8 5 50 8 5 8 9 5 50 9 5 8 10 5 50 10 5 8 11 5 50 11 5 8 12 5 50 12 5 8 14 5 50 14 5 8 15 5 50 15 5 8
16 3754 1 1 1 5 9 7
17 3832 6 2 3 6 7 49 14 6 49 6 12 49 14 12 49 6 15 49 14 15 49
18 6280 182 13 14 0 1 40 2 0 40 3 0 40 4 0 40 5 0 40 6 0 40 7 0 40 8 0 40 9 0 40 10 0 40 11 0 40 13 0 40 14 0 40 0 1 20 2 1 20 3 1 20 4 1 20 5 1 20 6 1 20 7 1 20 8 1 20 9 1 20 10 1 20 11 1 20 13 1 20 14 1 20 0 2 20 2 3 20 3 2 20 4 2 20 5 2 20 6 2 20 7 2 20 8 2 20 9 2 20 10 2 20 11 2 20 13 2 20 14 2 20 0 3 20 2 3 20 3 4 20 4 3 20 5 3 20 6 3 20 7 3 20 8 3 20 9 3 20 10 3 20 11 3 20 13 3 20 14 3 20 0 4 20 2 4 20 3 4 20 4 5 20 5 4 20 6 4 20 7 4 20 8 4 20 9 4 20 10 4 20 11 4 20 13 4 20 14 4 20 0 5 20 2 5 20 3 5 20 4 5 20 5 6 20 6 5 20 7 5 20 8 5 20 9 5 20 10 5 20 11 5 20 13 5 20 14 5 20 0 6 23 2 6 23 3 6 23 4 6 23 5 6 23 6 7 23 7 6 23 8 6 23 9 6 23 10 6 23 11 6 23 13 6 23 14 6 23 0 7 20 2 7 20 3 7 20 4 7 20 5 7 20 6 7 20 7 8 20 8 7 20 9 7 20 10 7 20 11 7 20 13 7 20 14 7 20 0 8 20 2 8 20 3 8 20 4 8 20 5 8 20 6 8 20 7 8 20 8 9 20 9 8 20 10 8 20 11 8 20 13 8 20 14 8 20 0 10 41 2 10 41 3 10 41 4 10 41 5 10 41 6 10 41 7 10 41 8 10 41 9 10 41 10 11 41 11 10 41 13 10 41 14 10 41 0 11 20 2 11 20 3 11 20 4 11 20 5 11 20 6 11 20 7 11 20 8 11 20 9 11 20 10 11 20 11 12 20 13 11 20 14 11 20 0 12 20 2 12 20 3 12 20 4 12 20 5 12 20 6 12 20 7 12 20 8 12 20 9 12 20 10 12 20 11 12 20 13 12 20 14 12 20 0 14 20 2 14 20 3 14 20 4 14 20 5 14 20 6 14 20 7 14 20 8 14 20 9 14 20 10 14 20 11 14 20 13 14 20 14 15 20 0 15 20 2 15 20 3 15 20 4 15 20 5 15 20 6 15 20 7 15 20 8 15 20 9 15 20 10 15 20 11 15 20 13 15 20 14 15 20
19 6514 15 15 1 0 4 1 1 4 1 2 4 1 3 4 1 5 4 1 6 4 1 7 4 1 8 4 1 9 4 1 10 4 1 11 4 1 12 4 1 13 4 1 14 4 1 15 4 1
20 6700 10 5 2 1 4 47 3 4 47 7 4 47 10 4 47 14 4 47 1 7 47 3 7 47 7 8 47 10 7 47 14 7 47
21 6706 1 1 1 1 3 1
22 6835 13 13 1 1 15 1 2 15 1 3 15 1 4 15 1 5 15 1 6 15 1 8 15 1 9 15 1 10 15 1 11 15 1 12 15 1 13 15 1 14 15 1
23 6963 13 13 1 0 3 1 1 3 1 2 3 1 3 4 1 4 3 1 5 3 1 6 3 1 7 3 1 8 3 1 11 3 1 12 3 1 13 3 1 15 3 1
24 6987 1 1 1 10 14 1
25 7012 2 2 1 4 6 21 7 6 21
26 7018 2 2 1 6 1 24 9 1 24
27 7054 3 3 1 4 11 2 5 11 2 11 12 2
28 7107 2 2 1 7 0 21 11 0 21
29 7115 2 2 1 3 0 5 13 0 5
30 7121 2 2 1 14 15 41 15 14 41
31 7273 13 13 1 0 4 1 1 4 1 2 4 1 3 4 1 4 5 1 5 4 1 7 4 1 8 4 1 9 4 1 10 4 1 11 4 1 12 4 1 14 4 1
32 7302 4 4 1 6 4 1 9 4 1 10 4 1 14 4 1
33 7328 4 4 1 1 8 1 3 8 1 5 8 1 7 8 1
34 7329 1 1 1 9 2 1
35 7433 7 7 1 1 10 1 4 10 1 5 10 1 11 10 1 12 10 1 13 10 1 15 10 1
36 7475 1 1 1 9 14 1
37 7623 7 7 1 2 4 1 3 4 1 7 4 1 8 4 1 9 4 1 12 4 1 14 4 1
38 7750 7 7 1 2 0 1 3 0 1 7 0 1 9 0 1 10 0 1 12 0 1 15 0 1
39 7751 1 1 1 6 4 1
40 7797 4 4 1 1 2 1 8 2 1 14 2 1 15 2 1
41 7853 5 5 1 0 14 1 5 14 1 8 14 1 10 14 1 15 14 1
42 7867 1 1 1 15 5 6
43 7871 1 1 1 7 12 1
44 7886 5 5 1 0 1 1 4 1 1 5 1 1 12 1 1 14 1 1
45 7890 1 1 1 3 9 1
46 7971 10 5 2 1 3 47 7 3 47 11 3 47 12 3 47 13 3 47 1 15 47 7 15 47 11 15 47 12 15 47 13 15 47
47 8037 6 3 1 0 11 50 0 11 10 5 11 50 5 11 10 9 11 50 9 11 10
48 8066 7 7 1 1 2 1 2 1 1 4 1 1 5 1 1 8 1 1 11 1 1 14 1 1
49 8282 12 12 1 0 1 1 1 2 1 3 1 1 4 1 1 5 1 1 8 1 1 9 1 1 10 1 1 11 1 1 12 1 1 13 1 1 14 1 1
50 8330 3 3 1 2 12 1 3 12 1 15 12 1
51 8336 1 1 1 0 13 1
52 8379 6 3 1 9 11 50 9 11 14 13 11 50 13 11 14 14 11 50 14 11 14
53 8528 14 14 1 0 12 1 1 12 1 2 12 1 3 12 1 4 12 1 5 12 1 6 12 1 7 12 1 9 12 1 11 12 1 12 13 1 13 12 1 14 12 1 15 12 1
54 8538 1 1 1 0 4 1
55 8702 12 12 1 0 15 1 2 15 1 3 15 1 4 15 1 5 15 1 6 15 1 7 15 1 9 15 1 10 15 1 11 15 1 12 15 1 14 15 1
56 8772 7 7 1 0 13 1 4 13 1 5 13 1 6 13 1 8 13 1 9 13 1 12 13 1
57 8781 1 1 1 10 4 1
58 8811 2 2 1 3 10 1 12 10 1
59 11434 210 6 7 0 1 50 0 1 50 0 1 50 0 1 50 0 1 46 2 0 50 2 0 50 2 0 50 2 0 50 2 0 46 3 0 50 3 0 50 3 0 50 3 0 50 3 0 46 9 0 50 9 0 50 9 0 50 9 0 50 9 0 46 10 0 50 10 0 50 10 0 50 10 0 50 10 0 46 14 0 50 14 0 50 14 0 50 14 0 50 14 0 46 0 1 50 0 1 50 0 1 50 0 1 50 0 1 46 2 1 50 2 1 50 2 1 50 2 1 50 2 1 46 3 1 50 3 1 50 3 1 50 3 1 50 3 1 46 9 1 50 9 1 50 9 1 50 9 1 50 9 1 46 10 1 50 10 1 50 10 1 50 10 1 50 10 1 46 14 1 50 14 1 50 14 1 50 14 1 50 14 1 46 0 3 50 0 3 50 0 3 50 0 3 50 0 3 46 2 3 50 2 3 50 2 3 50 2 3 50 2 3 46 3 4 50 3 4 50 3 4 50 3 4 50 3 4 46 9 3 50 9 3 50 9 3 50 9 3 50 9 3 46 10 3 50 10 3 50 10 3 50 10 3 50 10 3 46 14 3 50 14 3 50 14 3 50 14 3 50 14 3 46 0 6 50 0 6 50 0 6 50 0 6 50 0 6 46 2 6 50 2 6 50 2 6 50 2 6 50 2 6 46 3 6 50 3 6 50 3 6 50 3 6 50 3 6 46 9 6 50 9 6 50 9 6 50 9 6 50 9 6 46 10 6 50 10 6 50 10 6 50 10 6 50 10 6 46 14 6 50 14 6 50 14 6 50 14 6 50 14 6 46 0 8 50 0 8 50 0 8 50 0 8 50 0 8 46 2 8 50 2 8 50 2 8 50 2 8 50 2 8 46 3 8 50 3 8 50 3 8 50 3 8 50 3 8 46 9 8 50 9 8 50 9 8 50 9 8 50 9 8 46 10 8 50 10 8 50 10 8 50 10 8 50 10 8 46 14 8 50 14 8 50 14 8 50 14 8 50 14 8 46 0 13 50 0 13 50 0 13 50 0 13 50 0 13 47 2 13 50 2 13 50 2 13 50 2 13 50 2 13 47 3 13 50 3 13 50 3 13 50 3 13 50 3 13 47 9 13 50 9 13 50 9 13 50 9 13 50 9 13 47 10 13 50 10 13 50 10 13 50 10 13 50 10 13 47 14 13 50 14 13 50 14 13 50 14 13 50 14 13 47 0 14 50 0 14 50 0 14 50 0 14 50 0 14 47 2 14 50 2 14 50 2 14 50 2 14 50 2 14 47 3 14 50 3 14 50 3 14 50 3 14 50 3 14 47 9 14 50 9 14 50 9 14 50 9 14 50 9 14 47 10 14 50 10 14 50 10 14 50 10 14 50 10 14 47 14 15 50 14 15 50 14 15 50 14 15 50 14 15 47
60 11437 1 1 1 6 0 1
61 11540 12 12 1 0 3 1 1 3 1 3 4 1 4 3 1 5 3 1 6 3 1 8 3 1 10 3 1 12 3 1 13 3 1 14 3 1 15 3 1
62 11683 10 5 2 0 1 1 3 0 1 6 0 1 12 0 1 14 0 1 0 5 1 3 5 1 6 5 1 12 5 1 14 5 1
63 11736 4 4 1 0 11 1 5 11 1 14 11 1 15 11 1
64 11740 1 1 1 0 2 1
65 11862 7 7 1 0 1 1 2 1 1 3 1 1 4 1 1 10 1 1 11 1 1 15 1 1
66 11928 7 7 1 0 2 1 3 2 1 5 2 1 7 2 1 10 2 1 12 2 1 15 2 1
67 11952 1 1 1 14 10 1
68 11966 1 1 1 11 3 2
69 12021 4 2 1 4 2 50 4 2 1 11 2 50 11 2 1
70 12035 2 2 1 9 7 1 12 7 1
71 12106 3 3 1 2 6 2 10 6 2 15 6 2
72 12128 2 2 1 4 7 23 14 7 23
73 12318 13 13 1 1 6 1 2 6 1 3 6 1 4 6 1 5 6 1 7 6 1 8 6 1 9 6 1 10 6 1 11 6 1 13 6 1 14 6 1 15 6 1
74 12337 1 1 1 15 0 1
75 12341 2 2 1 0 13 2 4 13 2
76 12365 1 1 1 4 5 1
77 12577 10 5 2 6 0 1 10 0 1 12 0 1 14 0 1 15 0 1 6 10 1 10 11 1 12 10 1 14 10 1 15 10 1
78 12612 3 3 1 1 2 1 5 2 1 15 2 1
79 12644 3 3 1 6 5 1 9 5 1 11 5 1
80 12677 2 2 1 10 15 22 11 15 22
81 12684 1 1 1 12 14 1
82 12694 2 2 1 4 6 1 6 7 1
83 12806 15 15 1 0 14 1 1 14 1 2 14 1 3 14 1 4 14 1 5 14 1 6 14 1 7 14 1 8 14 1 9 14 1 10 14 1 11 14 1 12 14 1 13 14 1 15 14 1
84 12978 13 13 1 0 13 1 1 13 1 4 13 1 5 13 1 6 13 1 7 13 1 8 13 1 10 13 1 11 13 1 12 13 1 13 14 1 14 13 1 15 13 1
85 13320 32 16 2 0 1 5 1 0 5 2 0 5 3 0 5 4 0 5 5 0 5 6 0 5 7 0 5 8 0 5 9 0 5 10 0 5 11 0 5 12 0 5 13 0 5 14 0 5 15 0 5 0 12 5 1 12 5 2 12 5 3 12 5 4 12 5 5 12 5 6 12 5 7 12 5 8 12 5 9 12 5 10 12 5 11 12 5 12 13 5 13 12 5 14 12 5 15 12 5
86 13385 5 5 1 0 12 1 5 12 1 8 12 1 12 13 1 15 12 1
87 13390 1 1 1 15 7 1
88 13407 1 1 1 3 0 1
89 13576 10 5 2 1 7 1 2 7 1 3 7 1 4 7 1 10 7 1 1 15 1 2 15 1 3 15 1 4 15 1 10 15 1
90 13641 7 7 1 2 5 1 3 5 1 7 5 1 8 5 1 9 5 1 10 5 1 14 5 1
91 13752 7 7 1 1 6 1 6 7 1 7 6 1 8 6 1 9 6 1 10 6 1 11 6 1
92 13830 5 5 1 8 9 1 9 8 1 10 8 1 14 8 1 15 8 1
93 13848 1 1 1 7 5 1
94 13868 2 2 1 7 13 1 9 13 1
95 13898 2 2 1 2 13 1 14 13 1
96 14089 12 6 2 4 1 1 8 1 1 10 1 1 11 1 1 13 1 1 14 1 1 4 11 1 8 11 1 10 11 1 11 12 1 13 11 1 14 11 1
97 14094 1 1 1 9 11 1
98 14167 6 2 1 1 9 50 1 9 50 1 9 18 6 9 50 6 9 50 6 9 18
99 14280 7 7 1 4 14 1 8 14 1 9 14 1 10 14 1 11 14 1 13 14 1 14 15 1
100 14311 2 2 1 3 4 25 15 4 25
101 14367 7 7 1 5 12 1 8 12 1 9 12 1 10 12 1 11 12 1 13 12 1 14 12 1
102 14368 1 1 1 13 14 1
103 14386 2 2 1 1 6 2 4 6 2
104 14390 1 1 1 6 3 1
105 14504 12 12 1 0 12 1 1 12 1 2 12 1 3 12 1 4 12 1 6 12 1 7 12 1 8 12 1 9 12 1 11 12 1 12 13 1 13 12 1
106 14716 24 4 1 7 6 50 7 6 50 7 6 50 7 6 50 7 6 50 7 6 45 9 6 50 9 6 50 9 6 50 9 6 50 9 6 50 9 6 45 10 6 50 10 6 50 10 6 50 10 6 50 10 6 50 10 6 45 12 6 50 12 6 50 12 6 50 12 6 50 12 6 50 12 6 45
107 14739 1 1 1 11 8 1
108 14752 1 1 1 0 7 1
109 14765 1 1 1 6 13 1
110 14797 1 1 1 14 1 1
111 14972 13 13 1 1 2 1 2 3 1 5 2 1 6 2 1 7 2 1 8 2 1 9 2 1 10 2 1 11 2 1 12 2 1 13 2 1 14 2 1 15 2 1
112 15082 7 7 1 5 2 1 7 2 1 8 2 1 11 2 1 13 2 1 14 2 1 15 2 1
113 15089 1 1 1 8 11 1
114 15115 3 3 1 2 1 2 5 1 2 13 1 2
115 15158 7 7 1 2 3 1 3 4 1 6 3 1 8 3 1 9 3 1 12 3 1 15 3 1
116 15323 16 1 16 11 0 2 11 1 1 11 2 2 11 3 1 11 4 1 11 5 1 11 6 1 11 7 1 11 8 2 11 9 1 11 10 1 11 12 1 11 12 1 11 13 1 11 14 2 11 15 1
117 15330 1 1 1 3 9 1
118 15350 2 2 1 0 10 47 15 10 47
119 15505 7 7 1 0 5 1 5 6 1 7 5 1 8 5 1 10 5 1 12 5 1 13 5 1
120 15507 1 1 1 6 13 1
121 15513 1 1 1 8 15 1
122 15610 7 7 1 0 5 1 2 5 1 4 5 1 6 5 1 8 5 1 12 5 1 13 5 1
123 15625 1 1 1 8 12 1
124 15652 3 3 1 8 6 1 10 6 1 14 6 1
125 15661 1 1 1 5 14 1
126 15764 7 7 1 3 4 1 4 5 1 6 4 1 10 4 1 12 4 1 14 4 1 15 4 1
127 15768 2 2 1 5 9 1 10 9 1
128 15773 1 1 1 6 2 1
129 15973 14 14 1 0 12 1 1 12 1 2 12 1 3 12 1 5 12 1 6 12 1 7 12 1 8 12 1 9 12 1 10 12 1 11 12 1 12 13 1 13 12 1 14 12 1
130 15996 1 1 1 14 11 1
131 16162 14 14 1 0 7 1 1 7 1 2 7 1 3 7 1 4 7 1 5 7 1 6 7 1 8 7 1 9 7 1 11 7 1 12 7 1 13 7 1 14 7 1 15 7 1
132 16213 7 7 1 1 2 1 2 3 1 3 2 1 5 2 1 10 2 1 13 2 1 14 2 1
133 16213 1 1 1 12 7 1
134 16269 7 7 1 3 5 1 5 6 1 6 5 1 8 5 1 12 5 1 13 5 1 15 5 1
135 16712 28 14 1 0 8 50 0 8 8 1 8 50 1 8 8 2 8 50 2 8 8 3 8 50 3 8 8 4 8 50 4 8 8 5 8 50 5 8 8 6 8 50 6 8 8 7 8 50 7 8 8 8 9 50 8 9 8 10 8 50 10 8 8 11 8 50 11 8 8 12 8 50 12 8 8 14 8 50 14 8 8 15 8 50 15 8 8
136 16965 15 3 5 0 3 1 10 3 1 13 3 1 0 10 1 10 11 1 13 10 1 0 11 1 10 11 1 13 11 1 0 12 1 10 12 1 13 12 1 0 13 1 10 13 1 13 14 1
137 16966 1 1 1 2 8 1
138 17116 13 13 1 0 11 1 2 11 1 3 11 1 4 11 1 5 11 1 6 11 1 7 11 1 9 11 1 10 11 1 11 12 1 12 11 1 13 11 1 15 11 1
139 17122 2 2 1 12 2 1 15 2 1
140 17174 7 7 1 2 7 1 5 7 1 6 7 1 12 7 1 13 7 1 14 7 1 15 7 1
141 17228 3 3 1 8 15 1 10 15 1 11 15 1
142 17330 4 2 1 3 12 50 3 12 26 8 12 50 8 12 26
143 17335 1 1 1 1 15 18
144 17486 12 12 1 0 15 1 1 15 1 2 15 1 4 15 1 6 15 1 8 15 1 10 15 1 11 15 1 12 15 1 13 15 1 14 15 1 15 0 1
145 17489 1 1 1 11 7 1
146 17493 1 1 1 14 11 1
147 17595 9 1 1 3 13 50 3 13 50 3 13 50 3 13 50 3 13 50 3 13 50 3 13 50 3 13 50 3 13 23
148 17862 13 13 1 0 1 1 1 2 1 2 1 1 4 1 1 6 1 1 7 1 1 8 1 1 10 1 1 11 1 1 12 1 1 13 1 1 14 1 1 15 1 1
149 17938 7 7 1 2 14 1 4 14 1 5 14 1 6 14 1 7 14 1 8 14 1 10 14 1
150 17942 1 1 1 12 2 1
151 17980 3 3 1 4 15 1 8 15 1 14 15 1
152 18102 10 5 2 2 6 47 3 6 47 6 7 47 8 6 47 13 6 47 2 8 47 3 8 47 6 8 47 8 9 47 13 8 47
153 18170 7 7 1 0 9 1 5 9 1 6 9 1 9 10 1 11 9 1 13 9 1 14 9 1
154 18300 7 7 1 1 3 1 3 4 1 6 3 1 7 3 1 8 3 1 13 3 1 15 3 1
155 18364 3 3 1 6 7 1 9 6 1 14 6 1
156 18419 4 4 1 3 4 1 5 3 1 12 3 1 13 3 1
157 18433 1 1 1 13 1 1
158 18649 13 13 1 0 10 1 1 10 1 2 10 1 3 10 1 5 10 1 6 10 1 7 10 1 8 10 1 9 10 1 10 11 1 11 10 1 13 10 1 14 10 1
159 18752 7 7 1 4 7 1 5 7 1 7 8 1 9 7 1 10 7 1 11 7 1 15 7 1
160 18848 13 13 1 0 1 1 1 2 1 2 1 1 3 1 1 4 1 1 5 1 1 6 1 1 7 1 1 9 1 1 11 1 1 12 1 1 13 1 1 15 1 1
161 18887 4 2 1 7 2 50 7 2 1 9 2 50 9 2 1
162 18919 3 3 1 1 8 2 2 8 2 3 8 2
163 18932 1 1 1 10 12 1
164 18934 1 1 1 15 4 1
165 19823 60 4 15 0 1 2 3 0 2 8 0 2 10 0 2 0 1 2 3 1 2 8 1 2 10 1 2 0 2 2 3 2 2 8 2 2 10 2 2 0 3 2 3 4 2 8 3 2 10 3 2 0 4 2 3 4 2 8 4 2 10 4 2 0 5 5 3 5 5 8 5 5 10 5 5 0 6 3 3 6 3 8 6 3 10 6 3 0 7 2 3 7 2 8 7 2 10 7 2 0 8 2 3 8 2 8 9 2 10 8 2 0 9 2 3 9 2 8 9 2 10 9 2 0 10 2 3 10 2 8 10 2 10 11 2 0 11 2 3 11 2 8 11 2 10 11 2 0 12 2 3 12 2 8 12 2 10 12 2 0 13 2 3 13 2 8 13 2 10 13 2 0 14 2 3 14 2 8 14 2 10 14 2
166 19828 2 2 1 10 9 20 12 9 20
167 20102 14 14 1 0 10 1 1 10 1 2 10 1 3 10 1 4 10 1 5 10 1 6 10 1 7 10 1 8 10 1 10 11 1 11 10 1 12 10 1 13 10 1 14 10 1
168 20177 7 7 1 0 11 1 4 11 1 5 11 1 7 11 1 8 11 1 11 12 1 13 11 1
169 20202 4 2 1 3 4 50 3 4 26 11 4 50 11 4 26
170 20210 1 1 1 3 0 1
171 20220 1 1 1 1 0 1
172 20226 1 1 1 2 7 1
173 20257 5 5 1 0 1 1 3 0 1 4 0 1 8 0 1 13 0 1
174 20259 1 1 1 8 2 1
175 20285 2 2 1 11 1 21 15 1 21
176 20395 12 6 2 1 9 1 2 9 1 6 9 1 9 10 1 10 9 1 13 9 1 1 12 1 2 12 1 6 12 1 9 12 1 10 12 1 13 12 1
177 20435 1 1 1 7 1 1
178 20521 10 5 2 0 4 47 2 4 47 3 4 47 5 4 47 7 4 47 0 9 47 2 9 47 3 9 47 5 9 47 7 9 47
179 20606 7 7 1 2 12 1 4 12 1 8 12 1 11 12 1 12 13 1 13 12 1 14 12 1
180 20633 7 7 1 3 6 1 4 6 1 8 6 1 9 6 1 10 6 1 13 6 1 15 6 1
181 20650 1 1 1 9 6 1
182 20688 5 5 1 2 7 1 7 8 1 11 7 1 12 7 1 14 7 1
183 20700 1 1 1 14 12 1
184 20700 1 1 1 15 2 1
185 20717 1 1 1 14 4 1
186 20744 3 3 1 3 8 1 4 8 1 5 8 1
187 20782 1 1 1 6 15 1
188 20818 2 2 1 1 9 24 7 9 24
189 20831 3 3 1 2 9 1 3 9 1 14 9 1
190 20847 1 1 1 13 7 1
191 20857 2 2 1 3 11 22 9 11 22
192 20858 1 1 1 12 9 1
193 20891 2 2 1 2 8 24 7 8 24
194 20929 3 3 1 2 15 1 7 15 1 12 15 1
195 21741 60 15 4 0 5 5 1 5 5 2 5 5 3 5 5 4 5 5 5 6 5 6 5 5 7 5 5 8 5 5 9 5 5 10 5 5 11 5 5 12 5 5 13 5 5 15 5 5 0 8 9 1 8 9 2 8 9 3 8 9 4 8 9 5 8 9 6 8 9 7 8 9 8 9 9 9 8 9 10 8 9 11 8 9 12 8 9 13 8 9 15 8 9 0 9 5 1 9 5 2 9 5 3 9 5 4 9 5 5 9 5 6 9 5 7 9 5 8 9 5 9 10 5 10 9 5 11 9 5 12 9 5 13 9 5 15 9 5 0 13 5 1 13 5 2 13 5 3 13 5 4 13 5 5 13 5 6 13 5 7 13 5 8 13 5 9 13 5 10 13 5 11 13 5 12 13 5 13 14 5 15 13 5
196 22911 75 15 5 0 2 4 1 2 4 2 3 4 3 2 4 4 2 4 5 2 4 6 2 4 7 2 4 8 2 4 9 2 4 10 2 4 11 2 4 12 2 4 13 2 4 15 2 4 0 8 4 1 8 4 2 8 4 3 8 4 4 8 4 5 8 4 6 8 4 7 8 4 8 9 4 9 8 4 10 8 4 11 8 4 12 8 4 13 8 4 15 8 4 0 11 4 1 11 4 2 11 4 3 11 4 4 11 4 5 11 4 6 11 4 7 11 4 8 11 4 9 11 4 10 11 4 11 12 4 12 11 4 13 11 4 15 11 4 0 13 4 1 13 4 2 13 4 3 13 4 4 13 4 5 13 4 6 13 4 7 13 4 8 13 4 9 13 4 10 13 4 11 13 4 12 13 4 13 14 4 15 13 4 0 15 4 1 15 4 2 15 4 3 15 4 4 15 4 5 15 4 6 15 4 7 15 4 8 15 4 9 15 4 10 15 4 11 15 4 12 15 4 13 15 4 15 0 4
197 23071 7 7 1 2 4 1 4 5 1 7 4 1 8 4 1 10 4 1 13 4 1 15 4 1
198 23313 14 14 1 0 15 1 1 15 1 2 15 1 3 15 1 4 15 1 5 15 1 7 15 1 8 15 1 9 15 1 11 15 1 12 15 1 13 15 1 14 15 1 15 0 1
199 24121 60 10 3 0 1 50 0 1 21 5 0 50 5 0 21 6 0 50 6 0 21 7 0 50 7 0 21 8 0 50 8 0 21 9 0 50 9 0 21 11 0 50 11 0 21 13 0 50 13 0 21 14 0 50 14 0 21 15 0 50 15 0 21 0 2 50 0 2 21 5 2 50 5 2 21 6 2 50 6 2 21 7 2 50 7 2 21 8 2 50 8 2 21 9 2 50 9 2 21 11 2 50 11 2 21 13 2 50 13 2 21 14 2 50 14 2 21 15 2 50 15 2 21 0 6 50 0 6 8 5 6 50 5 6 8 6 7 50 6 7 8 7 6 50 7 6 8 8 6 50 8 6 8 9 6 50 9 6 8 11 6 50 11 6 8 13 6 50 13 6 8 14 6 50 14 6 8 15 6 50 15 6 8
200 24265 14 14 1 0 3 1 1 3 1 2 3 1 4 3 1 5 3 1 6 3 1 7 3 1 8 3 1 10 3 1 11 3 1 12 3 1 13 3 1 14 3 1 15 3 1
201 24339 4 4 1 4 7 1 7 8 1 12 7 1 13 7 1
202 24460 7 7 1 2 11 1 4 11 1 5 11 1 7 11 1 12 11 1 14 11 1 15 11 1
203 24756 13 13 1 0 9 1 1 9 1 4 9 1 5 9 1 6 9 1 7 9 1 8 9 1 9 10 1 10 9 1 12 9 1 13 9 1 14 9 1 15 9 1
204 24790 2 2 1 3 12 24 14 12 24
205 24816 1 1 1 15 7 1
206 24908 1 1 1 2 14 1
207 25030 7 7 1 1 11 1 3 11 1 4 11 1 7 11 1 11 12 1 14 11 1 15 11 1
208 25049 1 1 1 0 6 1
209 25053 1 1 1 11 13 1
210 25189 5 5 1 1 13 1 2 13 1 6 13 1 8 13 1 13 14 1
211 25248 4 4 1 1 12 1 11 12 1 13 12 1 15 12 1
212 25279 2 2 1 2 3 24 5 3 24
213 25290 1 1 1 5 0 1
214 25466 7 7 1 1 15 1 2 15 1 4 15 1 7 15 1 9 15 1 13 15 1 15 0 1
215 25546 7 7 1 0 14 1 4 14 1 8 14 1 10 14 1 11 14 1 13 14 1 14 15 1
216 25547 1 1 1 10 15 1
217 25670 12 6 2 0 4 1 4 5 1 5 4 1 7 4 1 12 4 1 15 4 1 0 9 1 4 9 1 5 9 1 7 9 1 12 9 1 15 9 1
218 25684 1 1 1 2 5 1
219 25815 14 14 1 0 1 1 1 0 1 2 0 1 3 0 1 4 0 1 5 0 1 6 0 1 7 0 1 8 0 1 9 0 1 11 0 1 12 0 1 13 0 1 14 0 1
220 25946 14 14 1 0 11 1 1 11 1 2 11 1 3 11 1 4 11 1 5 11 1 6 11 1 8 11 1 9 11 1 11 12 1 12 11 1 13 11 1 14 11 1 15 11 1
221 26129 15 15 1 0 3 1 1 3 1 2 3 1 3 4 1 4 3 1 5 3 1 6 3 1 8 3 1 9 3 1 10 3 1 11 3 1 12 3 1 13 3 1 14 3 1 15 3 1
222 26277 13 13 1 0 1 1 1 0 1 2 0 1 3 0 1 6 0 1 7 0 1 8 0 1 9 0 1 10 0 1 11 0 1 12 0 1 14 0 1 15 0 1
223 26434 13 13 1 0 11 1 1 11 1 2 11 1 4 11 1 5 11 1 6 11 1 9 11 1 10 11 1 11 12 1 12 11 1 13 11 1 14 11 1 15 11 1
224 26455 1 1 1 15 14 1
225 26536 7 7 1 2 13 1 4 13 1 7 13 1 9 13 1 13 14 1 14 13 1 15 13 1
226 26538 1 1 1 10 11 1
227 26955 30 10 3 0 1 1 1 0 1 5 0 1 6 0 1 7 0 1 8 0 1 9 0 1 10 0 1 11 0 1 12 0 1 0 4 1 1 4 1 5 4 1 6 4 1 7 4 1 8 4 1 9 4 1 10 4 1 11 4 1 12 4 1 0 7 1 1 7 1 5 7 1 6 7 1 7 8 1 8 7 1 9 7 1 10 7 1 11 7 1 12 7 1
228 26960 1 1 1 10 11 1
229 26961 1 1 1 6 4 1
230 26963 1 1 1 1 13 1
231 27038 6 3 1 1 14 50 1 14 10 3 14 50 3 14 10 7 14 50 7 14 10
232 27120 7 7 1 0 15 1 1 15 1 3 15 1 9 15 1 10 15 1 13 15 1 15 0 1
233 27263 13 13 1 1 10 1 2 10 1 3 10 1 5 10 1 6 10 1 8 10 1 9 10 1 10 11 1 11 10 1 12 10 1 13 10 1 14 10 1 15 10 1
234 27326 1 1 1 2 9 1
235 28251 75 15 5 0 2 4 1 2 4 2 3 4 3 2 4 4 2 4 5 2 4 6 2 4 7 2 4 8 2 4 9 2 4 10 2 4 11 2 4 12 2 4 13 2 4 14 2 4 0 5 4 1 5 4 2 5 4 3 5 4 4 5 4 5 6 4 6 5 4 7 5 4 8 5 4 9 5 4 10 5 4 11 5 4 12 5 4 13 5 4 14 5 4 0 9 4 1 9 4 2 9 4 3 9 4 4 9 4 5 9 4 6 9 4 7 9 4 8 9 4 9 10 4 10 9 4 11 9 4 12 9 4 13 9 4 14 9 4 0 10 4 1 10 4 2 10 4 3 10 4 4 10 4 5 10 4 6 10 4 7 10 4 8 10 4 9 10 4 10 11 4 11 10 4 12 10 4 13 10 4 14 10 4 0 14 4 1 14 4 2 14 4 3 14 4 4 14 4 5 14 4 6 14 4 7 14 4 8 14 4 9 14 4 10 14 4 11 14 4 12 14 4 13 14 4 14 15 4
236 28387 10 5 2 0 8 1 6 8 1 9 8 1 10 8 1 12 8 1 0 13 1 6 13 1 9 13 1 10 13 1 12 13 1
237 28472 7 7 1 0 4 1 2 4 1 6 4 1 10 4 1 11 4 1 12 4 1 13 4 1
238 28623 7 7 1 1 11 1 2 11 1 3 11 1 4 11 1 7 11 1 8 11 1 14 11 1
239 28704 10 5 2 3 9 1 5 9 1 10 9 1 11 9 1 13 9 1 3 15 1 5 15 1 10 15 1 11 15 1 13 15 1
240 28706 1 1 1 8 3 1
241 29473 60 4 15 2 0 2 4 0 2 6 0 2 7 0 2 2 1 2 4 1 2 6 1 2 7 1 2 2 3 2 4 2 2 6 2 2 7 2 2 2 3 2 4 3 2 6 3 2 7 3 2 2 4 2 4 5 2 6 4 2 7 4 2 2 5 5 4 5 5 6 5 5 7 5 5 2 6 3 4 6 3 6 7 3 7 6 3 2 7 2 4 7 2 6 7 2 7 8 2 2 8 2 4 8 2 6 8 2 7 8 2 2 9 2 4 9 2 6 9 2 7 9 2 2 11 2 4 11 2 6 11 2 7 11 2 2 12 2 4 12 2 6 12 2 7 12 2 2 13 2 4 13 2 6 13 2 7 13 2 2 14 2 4 14 2 6 14 2 7 14 2 2 15 2 4 15 2 6 15 2 7 15 2
242 29478 1 1 1 3 6 1
243 29517 3 3 1 6 5 1 7 5 1 15 5 1
244 29529 1 1 1 4 7 1
245 29553 1 1 1 6 3 1
246 29949 14 14 1 0 13 1 1 13 1 2 13 1 4 13 1 5 13 1 7 13 1 8 13 1 9 13 1 10 13 1 11 13 1 12 13 1 13 14 1 14 13 1 15 13 1
247 30012 6 3 1 1 4 50 1 4 10 3 4 50 3 4 10 4 5 50 4 5 10
248 30032 1 1 1 4 1 6
249 30035 1 1 1 2 5 1
250 30040 1 1 1 13 14 1
251 30054 2 2 1 3 14 1 13 14 1
252 30062 2 2 1 2 7 20 5 7 20
253 30103 2 2 1 12 0 31 14 0 31
254 30145 4 4 1 0 1 1 11 1 1 14 1 1 15 1 1
255 30236 7 7 1 5 14 1 6 14 1 7 14 1 11 14 1 12 14 1 13 14 1 14 15 1
256 30275 3 3 1 1 8 9 9 8 9 11 8 9
257 30277 1 1 1 14 12 1
258 30282 1 1 1 8 13 1
259 30422 12 12 1 1 8 1 2 8 1 3 8 1 4 8 1 5 8 1 7 8 1 8 9 1 10 8 1 11 8 1 12 8 1 13 8 1 15 8 1
260 30431 2 2 1 1 15 21 14 15 21
261 30444 2 2 1 0 7 41 12 7 41
262 30588 12 1 1 3 2 50 3 2 50 3 2 50 3 2 50 3 2 50 3 2 50 3 2 50 3 2 50 3 2 50 3 2 50 3 2 50 3 2 33
263 30588 1 1 1 7 0 1
264 30591 2 2 1 2 13 1 8 13 1
265 31703 70 14 5 0 3 5 1 3 5 2 3 5 4 3 5 5 3 5 6 3 5 8 3 5 9 3 5 10 3 5 11 3 5 12 3 5 13 3 5 14 3 5 15 3 5 0 4 5 1 4 5 2 4 5 4 5 5 5 4 5 6 4 5 8 4 5 9 4 5 10 4 5 11 4 5 12 4 5 13 4 5 14 4 5 15 4 5 0 8 5 1 8 5 2 8 5 4 8 5 5 8 5 6 8 5 8 9 5 9 8 5 10 8 5 11 8 5 12 8 5 13 8 5 14 8 5 15 8 5 0 13 5 1 13 5 2 13 5 4 13 5 5 13 5 6 13 5 8 13 5 9 13 5 10 13 5 11 13 5 12 13 5 13 14 5 14 13 5 15 13 5 0 15 5 1 15 5 2 15 5 4 15 5 5 15 5 6 15 5 8 15 5 9 15 5 10 15 5 11 15 5 12 15 5 13 15 5 14 15 5 15 0 5
266 31726 1 1 1 1 13 1
267 31732 1 1 1 15 3 7
268 31745 1 1 1 11 10 1
269 31770 2 2 1 3 8 1 15 8 1
270 31797 1 1 1 7 1 1
271 31961 5 5 1 1 8 1 6 8 1 10 8 1 12 8 1 15 8 1
272 32034 6 3 1 5 9 50 5 9 12 10 9 50 10 9 12 14 9 50 14 9 12
273 32050 3 3 1 5 0 2 10 0 2 13 0 2
274 32082 2 1 1 7 14 50 7 14 9
275 32092 1 1 1 14 15 1
276 32106 2 2 1 3 12 21 9 12 21
277 32167 7 7 1 0 12 1 1 12 1 3 12 1 7 12 1 10 12 1 12 13 1 15 12 1
278 32561 28 14 1 0 12 50 0 12 8 2 12 50 2 12 8 3 12 50 3 12 8 4 12 50 4 12 8 5 12 50 5 12 8 7 12 50 7 12 8 8 12 50 8 12 8 9 12 50 9 12 8 10 12 50 10 12 8 11 12 50 11 12 8 12 13 50 12 13 8 13 12 50 13 12 8 14 12 50 14 12 8 15 12 50 15 12 8
279 32578 2 2 1 8 11 21 13 11 21
280 32703 13 13 1 0 15 1 1 15 1 2 15 1 3 15 1 4 15 1 5 15 1 7 15 1 8 15 1 10 15 1 11 15 1 12 15 1 14 15 1 15 0 1
281 32762 3 3 1 1 8 1 4 8 1 12 8 1
282 32770 1 1 1 9 15 1
283 32897 15 15 1 0 5 1 1 5 1 2 5 1 3 5 1 4 5 1 5 6 1 6 5 1 7 5 1 8 5 1 9 5 1 10 5 1 11 5 1 12 5 1 14 5 1 15 5 1
284 32911 1 1 1 5 12 1
285 32965 5 5 1 2 11 1 6 11 1 7 11 1 9 11 1 15 11 1
286 32966 1 1 1 14 15 11
287 33062 7 7 1 3 2 1 4 2 1 8 2 1 9 2 1 12 2 1 14 2 1 15 2 1
288 33084 1 1 1 9 12 1
289 33144 7 7 1 1 5 1 2 5 1 5 6 1 10 5 1 11 5 1 12 5 1 15 5 1
290 33158 1 1 1 5 13 1
291 33161 1 1 1 12 1 1
292 33167 2 2 1 14 9 1 15 9 1
293 33290 9 1 1 12 11 50 12 11 50 12 11 50 12 11 50 12 11 50 12 11 50 12 11 50 12 11 50 12 11 23
294 33292 1 1 1 7 0 1
295 33324 2 2 1 13 9 1 15 9 1
296 33326 1 1 1 11 8 1
297 33434 7 7 1 1 5 1 4 5 1 6 5 1 7 5 1 12 5 1 13 5 1 14 5 1
298 33503 3 3 1 6 10 2 12 10 2 14 10 2
299 33503 1 1 1 10 12 1
300 33533 2 2 1 5 14 20 7 14 20
301 33549 1 1 1 2 13 1
302 33568 1 1 1 4 9 1
303 33597 2 2 1 3 4 1 9 3 1
304 33706 6 6 1 0 8 1 1 8 1 2 8 1 6 8 1 10 8 1 11 8 1
305 33725 1 1 1 8 11 1
306 33764 5 5 1 0 4 1 2 4 1 9 4 1 10 4 1 14 4 1
307 33957 14 7 2 1 3 2 3 4 2 5 3 2 7 3 2 8 3 2 12 3 2 15 3 2 1 6 2 3 6 2 5 6 2 7 6 2 8 6 2 12 6 2 15 6 2
308 34027 3 3 1 0 10 2 7 10 2 11 10 2
309 34074 7 7 1 3 6 1 4 6 1 5 6 1 10 6 1 11 6 1 12 6 1 15 6 1
310 35080 70 14 5 0 4 5 1 4 5 2 4 5 3 4 5 4 5 5 6 4 5 7 4 5 8 4 5 9 4 5 10 4 5 11 4 5 13 4 5 14 4 5 15 4 5 0 5 5 1 5 5 2 5 5 3 5 5 4 5 5 6 5 5 7 5 5 8 5 5 9 5 5 10 5 5 11 5 5 13 5 5 14 5 5 15 5 5 0 6 5 1 6 5 2 6 5 3 6 5 4 6 5 6 7 5 7 6 5 8 6 5 9 6 5 10 6 5 11 6 5 13 6 5 14 6 5 15 6 5 0 8 5 1 8 5 2 8 5 3 8 5 4 8 5 6 8 5 7 8 5 8 9 5 9 8 5 10 8 5 11 8 5 13 8 5 14 8 5 15 8 5 0 9 5 1 9 5 2 9 5 3 9 5 4 9 5 6 9 5 7 9 5 8 9 5 9 10 5 10 9 5 11 9 5 13 9 5 14 9 5 15 9 5
311 35167 6 3 1 0 13 50 0 13 10 8 13 50 8 13 10 10 13 50 10 13 10
312 35272 13 13 1 0 15 1 1 15 1 2 15 1 3 15 1 5 15 1 6 15 1 7 15 1 9 15 1 10 15 1 11 15 1 12 15 1 14 15 1 15 0 1
313 35326 3 3 1 6 10 2 13 10 2 15 10 2
314 35428 7 7 1 0 3 1 3 4 1 5 3 1 6 3 1 8 3 1 9 3 1 11 3 1
315 35434 1 1 1 5 6 7
316 35474 6 3 1 8 9 50 8 9 12 14 9 50 14 9 12 15 9 50 15 9 12
317 35486 1 1 1 1 8 1
318 35535 2 2 1 3 13 21 8 13 21
319 35544 2 2 1 8 7 20 11 7 20
320 35554 1 1 1 13 4 1
321 35573 1 1 1 6 15 1
322 35600 1 1 1 8 2 1
323 35676 10 5 2 0 6 1 2 6 1 5 6 1 9 6 1 15 6 1 0 10 1 2 10 1 5 10 1 9 10 1 15 10 1
324 35687 1 1 1 5 3 1
325 35727 4 4 1 1 2 1 2 3 1 10 2 1 12 2 1
326 35849 7 7 1 0 15 1 1 15 1 2 15 1 3 15 1 6 15 1 7 15 1 14 15 1
327 35854 1 1 1 7 14 1
328 35974 11 1 11 4 0 3 4 1 3 4 2 3 4 5 6 4 7 3 4 8 2 4 10 6 4 11 3 4 12 3 4 13 3 4 14 3
329 35991 1 1 1 1 13 1
330 36151 15 15 1 0 1 1 1 2 1 3 1 1 4 1 1 5 1 1 6 1 1 7 1 1 8 1 1 9 1 1 10 1 1 11 1 1 12 1 1 13 1 1 14 1 1 15 1 1
331 36161 1 1 1 9 5 1
332 36258 11 11 1 0 1 1 1 0 1 2 0 1 3 0 1 4 0 1 5 0 1 8 0 1 10 0 1 12 0 1 14 0 1 15 0 1
333 36456 15 15 1 0 12 1 1 12 1 2 12 1 3 12 1 4 12 1 6 12 1 7 12 1 8 12 1 9 12 1 10 12 1 11 12 1 12 13 1 13 12 1 14 12 1 15 12 1
334 36603 13 13 1 0 10 1 1 10 1 2 10 1 3 10 1 5 10 1 6 10 1 7 10 1 8 10 1 9 10 1 10 11 1 12 10 1 14 10 1 15 10 1
335 36640 2 2 1 9 14 25 10 14 25
336 36958 28 14 1 0 11 50 0 11 8 1 11 50 1 11 8 2 11 50 2 11 8 3 11 50 3 11 8 4 11 50 4 11 8 5 11 50 5 11 8 6 11 50 6 11 8 7 11 50 7 11 8 8 11 50 8 11 8 9 11 50 9 11 8 10 11 50 10 11 8 12 11 50 12 11 8 13 11 50 13 11 8 14 11 50 14 11 8
337 37197 7 7 1 0 4 1 2 4 1 3 4 1 8 4 1 11 4 1 13 4 1 14 4 1
338 37286 6 3 1 7 15 50 7 15 13 13 15 50 13 15 13 15 0 50 15 0 13
339 37418 13 13 1 0 2 1 1 2 1 2 3 1 3 2 1 5 2 1 6 2 1 7 2 1 8 2 1 9 2 1 10 2 1 11 2 1 13 2 1 14 2 1
340 37587 7 7 1 0 10 1 5 10 1 6 10 1 7 10 1 8 10 1 10 11 1 13 10 1
341 37644 5 5 1 0 8 1 4 8 1 5 8 1 10 8 1 14 8 1
342 37768 7 7 1 1 3 1 2 3 1 5 3 1 7 3 1 8 3 1 10 3 1 15 3 1
343 37811 7 7 1 1 15 1 4 15 1 6 15 1 10 15 1 11 15 1 13 15 1 14 15 1
344 37812 1 1 1 11 12 6
345 37860 4 4 1 9 12 32 11 12 32 12 13 32 13 12 32
346 37860 1 1 1 3 6 1
347 37863 1 1 1 6 12 11
348 40267 180 12 15 0 1 4 1 0 4 2 0 4 3 0 4 5 0 4 7 0 4 8 0 4 9 0 4 10 0 4 11 0 4 13 0 4 15 0 4 0 1 4 1 2 4 2 1 4 3 1 4 5 1 4 7 1 4 8 1 4 9 1 4 10 1 4 11 1 4 13 1 4 15 1 4 0 2 4 1 2 4 2 3 4 3 2 4 5 2 4 7 2 4 8 2 4 9 2 4 10 2 4 11 2 4 13 2 4 15 2 4 0 3 4 1 3 4 2 3 4 3 4 4 5 3 4 7 3 4 8 3 4 9 3 4 10 3 4 11 3 4 13 3 4 15 3 4 0 4 4 1 4 4 2 4 4 3 4 4 5 4 4 7 4 4 8 4 4 9 4 4 10 4 4 11 4 4 13 4 4 15 4 4 0 5 8 1 5 8 2 5 8 3 5 8 5 6 8 7 5 8 8 5 8 9 5 8 10 5 8 11 5 8 13 5 8 15 5 8 0 6 5 1 6 5 2 6 5 3 6 5 5 6 5 7 6 5 8 6 5 9 6 5 10 6 5 11 6 5 13 6 5 15 6 5 0 7 4 1 7 4 2 7 4 3 7 4 5 7 4 7 8 4 8 7 4 9 7 4 10 7 4 11 7 4 13 7 4 15 7 4 0 8 4 1 8 4 2 8 4 3 8 4 5 8 4 7 8 4 8 9 4 9 8 4 10 8 4 11 8 4 13 8 4 15 8 4 0 9 4 1 9 4 2 9 4 3 9 4 5 9 4 7 9 4 8 9 4 9 10 4 10 9 4 11 9 4 13 9 4 15 9 4 0 11 4 1 11 4 2 11 4 3 11 4 5 11 4 7 11 4 8 11 4 9 11 4 10 11 4 11 12 4 13 11 4 15 11 4 0 12 4 1 12 4 2 12 4 3 12 4 5 12 4 7 12 4 8 12 4 9 12 4 10 12 4 11 12 4 13 12 4 15 12 4 0 13 4 1 13 4 2 13 4 3 13 4 5 13 4 7 13 4 8 13 4 9 13 4 10 13 4 11 13 4 13 14 4 15 13 4 0 14 4 1 14 4 2 14 4 3 14 4 5 14 4 7 14 4 8 14 4 9 14 4 10 14 4 11 14 4 13 14 4 15 14 4 0 15 4 1 15 4 2 15 4 3 15 4 5 15 4 7 15 4 8 15 4 9 15 4 10 15 4 11 15 4 13 15 4 15 0 4
349 40277 1 1 1 15 0 1
350 40325 7 7 1 3 4 1 4 5 1 7 4 1 10 4 1 11 4 1 12 4 1 13 4 1
351 40513 14 14 1 0 2 1 1 2 1 2 3 1 3 2 1 5 2 1 6 2 1 7 2 1 8 2 1 10 2 1 11 2 1 12 2 1 13 2 1 14 2 1 15 2 1
352 41606 75 15 5 0 1 4 1 2 4 2 1 4 3 1 4 4 1 4 5 1 4 6 1 4 7 1 4 8 1 4 9 1 4 10 1 4 12 1 4 13 1 4 14 1 4 15 1 4 0 4 4 1 4 4 2 4 4 3 4 4 4 5 4 5 4 4 6 4 4 7 4 4 8 4 4 9 4 4 10 4 4 12 4 4 13 4 4 14 4 4 15 4 4 0 5 4 1 5 4 2 5 4 3 5 4 4 5 4 5 6 4 6 5 4 7 5 4 8 5 4 9 5 4 10 5 4 12 5 4 13 5 4 14 5 4 15 5 4 0 8 4 1 8 4 2 8 4 3 8 4 4 8 4 5 8 4 6 8 4 7 8 4 8 9 4 9 8 4 10 8 4 12 8 4 13 8 4 14 8 4 15 8 4 0 9 4 1 9 4 2 9 4 3 9 4 4 9 4 5 9 4 6 9 4 7 9 4 8 9 4 9 10 4 10 9 4 12 9 4 13 9 4 14 9 4 15 9 4
353 41607 2 1 1 12 7 50 12 7 9
354 41619 1 1 1 0 11 1
355 41623 1 1 1 7 9 1
356 41658 2 2 1 4 12 41 8 12 41
357 41737 1 1 1 3 7 3
358 41748 1 1 1 13 5 1
359 41845 7 7 1 0 13 1 1 13 1 2 13 1 4 13 1 5 13 1 9 13 1 15 13 1
360 41846 1 1 1 13 3 1
361 41970 6 3 1 7 2 50 7 2 14 12 2 50 12 2 14 15 2 50 15 2 14
362 42057 7 7 1 1 13 1 2 13 1 3 13 1 6 13 1 9 13 1 13 14 1 14 13 1
363 42189 8 8 1 0 7 1 3 7 1 4 7 1 6 7 1 9 7 1 10 7 1 12 7 1 15 7 1
364 42194 1 1 1 6 9 1
365 42216 1 1 1 3 12 6
366 42240 1 1 1 8 9 1
367 42262 1 1 1 14 4 1
368 42368 8 8 1 2 13 1 3 13 1 5 13 1 6 13 1 8 13 1 10 13 1 12 13 1 13 14 1
369 42379 1 1 1 10 5 1
370 42493 7 7 1 1 3 1 2 3 1 4 3 1 5 3 1 7 3 1 12 3 1 15 3 1
371 42501 2 2 1 2 10 19 4 10 19
372 42727 13 13 1 0 3 1 3 4 1 5 3 1 6 3 1 7 3 1 8 3 1 9 3 1 10 3 1 11 3 1 12 3 1 13 3 1 14 3 1 15 3 1
373 42796 4 4 1 2 8 1 5 8 1 10 8 1 14 8 1
374 43050 14 14 1 0 8 1 1 8 1 2 8 1 3 8 1 4 8 1 5 8 1 6 8 1 7 8 1 8 9 1 9 8 1 10 8 1 11 8 1 12 8 1 14 8 1
375 43119 7 7 1 3 14 1 5 14 1 6 14 1 9 14 1 10 14 1 13 14 1 14 15 1
376 43139 1 1 1 0 1 1
377 43155 4 2 1 0 11 50 0 11 26 3 11 50 3 11 26
378 43259 10 5 2 0 8 1 1 8 1 10 8 1 12 8 1 15 8 1 0 13 1 1 13 1 10 13 1 12 13 1 15 13 1
379 43281 4 2 1 2 14 50 2 14 1 15 14 50 15 14 1
380 43404 7 7 1 0 3 1 3 4 1 4 3 1 6 3 1 9 3 1 10 3 1 13 3 1
381 43423 1 1 1 10 9 1
382 43487 5 5 1 2 1 1 11 1 1 12 1 1 14 1 1 15 1 1
383 43497 1 1 1 15 7 1
384 43568 7 7 1 4 11 1 5 11 1 6 11 1 10 11 1 11 12 1 13 11 1 14 11 1
385 43606 4 4 1 3 10 1 4 10 1 6 10 1 8 10 1
386 43628 1 1 1 1 15 3
387 43643 3 3 1 10 2 1 12 2 1 14 2 1
388 43670 3 3 1 0 10 9 6 10 9 8 10 9
389 43731 6 3 1 2 15 50 2 15 3 5 15 50 5 15 3 7 15 50 7 15 3
390 43775 1 1 1 15 13 1
391 43949 13 13 1 0 1 1 1 2 1 2 1 1 3 1 1 4 1 1 5 1 1 7 1 1 8 1 1 9 1 1 10 1 1 11 1 1 12 1 1 15 1 1
392 44000 2 2 1 4 11 1 12 11 1
393 44003 1 1 1 3 10 1
394 44018 3 3 1 3 4 2 7 3 2 11 3 2
395 44033 2 1 1 9 7 50 9 7 9
396 44035 1 1 1 13 9 1
397 44048 1 1 1 6 10 1
398 44172 7 7 1 0 11 1 1 11 1 4 11 1 6 11 1 7 11 1 13 11 1 14 11 1
399 44274 10 5 2 1 13 1 2 13 1 6 13 1 13 14 1 14 13 1 1 15 1 2 15 1 6 15 1 13 15 1 14 15 1
400 44314 5 5 1 1 2 1 8 2 1 12 2 1 13 2 1 15 2 1
401 44342 1 1 1 10 9 1
402 44344 1 1 1 11 13 1
403 44370 1 1 1 6 0 1
404 44386 1 1 1 14 10 1
405 44411 1 1 1 10 7 2
406 45039 60 10 3 0 11 50 0 11 21 3 11 50 3 11 21 4 11 50 4 11 21 5 11 50 5 11 21 7 11 50 7 11 21 9 11 50 9 11 21 10 11 50 10 11 21 11 12 50 11 12 21 12 11 50 12 11 21 13 11 50 13 11 21 0 12 50 0 12 21 3 12 50 3 12 21 4 12 50 4 12 21 5 12 50 5 12 21 7 12 50 7 12 21 9 12 50 9 12 21 10 12 50 10 12 21 11 12 50 11 12 21 12 13 50 12 13 21 13 12 50 13 12 21 0 15 50 0 15 8 3 15 50 3 15 8 4 15 50 4 15 8 5 15 50 5 15 8 7 15 50 7 15 8 9 15 50 9 15 8 10 15 50 10 15 8 11 15 50 11 15 8 12 15 50 12 15 8 13 15 50 13 15 8
407 45170 14 14 1 1 15 1 2 15 1 3 15 1 4 15 1 5 15 1 7 15 1 8 15 1 9 15 1 10 15 1 11 15 1 12 15 1 13 15 1 14 15 1 15 0 1
408 45178 1 1 1 0 11 1
409 45186 2 2 1 9 3 25 12 3 25
410 45193 1 1 1 14 2 1
411 45310 8 8 1 1 5 1 3 5 1 5 6 1 6 5 1 7 5 1 8 5 1 13 5 1 15 5 1
412 45386 3 3 1 0 10 1 7 10 1 9 10 1
413 45386 1 1 1 7 6 1
414 45391 1 1 1 11 8 1
415 45457 10 5 2 0 1 1 4 0 1 6 0 1 9 0 1 10 0 1 0 13 1 4 13 1 6 13 1 9 13 1 10 13 1
416 45471 2 2 1 7 8 22 12 7 22
417 45517 7 7 1 1 9 1 2 9 1 4 9 1 6 9 1 10 9 1 13 9 1 14 9 1
418 45528 2 2 1 12 14 1 15 14 1
419 45636 10 5 2 0 3 1 3 4 1 7 3 1 10 3 1 15 3 1 0 12 1 3 12 1 7 12 1 10 12 1 15 12 1
420 45801 12 12 1 0 11 1 2 11 1 3 11 1 4 11 1 6 11 1 7 11 1 9 11 1 10 11 1 11 12 1 12 11 1 14 11 1 15 11 1
421 45857 7 7 1 1 6 1 4 6 1 7 6 1 9 6 1 10 6 1 13 6 1 14 6 1
422 45953 7 7 1 0 9 1 2 9 1 6 9 1 7 9 1 9 10 1 12 9 1 14 9 1
423 45966 4 4 1 0 14 1 2 14 1 8 14 1 10 14 1
424 45972 1 1 1 15 0 18
425 46000 2 2 1 7 12 20 11 12 20
426 46003 1 1 1 2 6 3
427 46114 6 3 1 4 9 50 4 9 10 10 9 50 10 9 10 13 9 50 13 9 10
428 46299 14 14 1 0 3 1 1 3 1 2 3 1 3 4 1 4 3 1 5 3 1 6 3 1 8 3 1 9 3 1 10 3 1 11 3 1 13 3 1 14 3 1 15 3 1
429 46328 1 1 1 4 0 1
430 46356 2 2 1 9 10 47 11 9 47
431 46406 2 2 1 12 14 21 15 14 21
432 46412 1 1 1 15 0 1
433 46440 1 1 1 14 2 1
434 46575 10 5 2 3 0 47 5 0 47 6 0 47 7 0 47 8 0 47 3 10 47 5 10 47 6 10 47 7 10 47 8 10 47
435 46691 10 5 2 2 0 47 4 0 47 5 0 47 6 0 47 9 0 47 2 11 47 4 11 47 5 11 47 6 11 47 9 11 47
436 46696 2 2 1 11 4 25 15 4 25
437 46729 1 1 1 7 8 1
438 46730 2 2 1 0 13 24 3 13 24
439 46746 1 1 1 7 8 1
440 46771 2 2 1 10 5 1 15 5 1
441 46853 6 2 1 8 12 50 8 12 50 8 12 11 14 12 50 14 12 50 14 12 11
442 46879 1 1 1 13 7 1
443 46882 1 1 1 2 11 1
444 46931 6 3 1 2 14 50 2 14 10 3 14 50 3 14 10 10 14 50 10 14 10
445 47033 6 2 1 7 9 50 7 9 50 7 9 11 9 10 50 9 10 50 9 10 11
446 47052 2 2 1 10 7 24 12 7 24
447 47069 1 1 1 14 12 1
448 47096 1 1 1 13 11 1
449 47381 18 3 1 1 15 50 1 15 50 1 15 50 1 15 50 1 15 50 1 15 29 3 15 50 3 15 50 3 15 50 3 15 50 3 15 50 3 15 29 8 15 50 8 15 50 8 15 50 8 15 50 8 15 50 8 15 29
450 47398 2 1 1 1 2 50 1 2 9
451 47470 2 2 1 13 10 1 15 10 1
452 47473 1 1 1 9 8 1
453 47499 2 2 1 6 0 1 15 0 1
454 47543 1 1 1 0 3 1
455 47670 14 14 1 0 1 1 1 0 1 2 0 1 3 0 1 5 0 1 6 0 1 8 0 1 9 0 1 10 0 1 11 0 1 12 0 1 13 0 1 14 0 1 15 0 1
456 47676 2 2 1 5 2 24 15 2 24
457 47681 1 1 1 6 2 7
458 47904 13 13 1 1 15 1 3 15 1 4 15 1 5 15 1 6 15 1 7 15 1 8 15 1 9 15 1 10 15 1 11 15 1 12 15 1 13 15 1 14 15 1
459 47927 5 5 1 0 7 1 6 7 1 9 7 1 10 7 1 11 7 1
460 47953 2 2 1 10 0 1 15 0 1
461 47957 1 1 1 14 7 1
462 48014 3 3 1 7 2 2 8 2 2 15 2 2
463 48043 1 1 1 1 8 1
464 48224 12 12 1 0 9 1 1 9 1 2 9 1 3 9 1 4 9 1 6 9 1 7 9 1 8 9 1 10 9 1 11 9 1 12 9 1 13 9 1
465 48341 12 12 1 0 10 1 1 10 1 2 10 1 3 10 1 5 10 1 6 10 1 7 10 1 8 10 1 9 10 1 13 10 1 14 10 1 15 10 1
466 48399 7 7 1 1 0 1 2 0 1 7 0 1 8 0 1 12 0 1 14 0 1 15 0 1
467 48438 2 2 1 13 7 19 14 7 19
468 48453 2 2 1 10 2 45 15 2 45
469 48565 12 6 2 1 2 1 2 1 1 7 1 1 8 1 1 12 1 1 14 1 1 1 4 1 2 4 1 7 4 1 8 4 1 12 4 1 14 4 1
470 48572 2 2 1 8 4 1 10 4 1
471 48600 1 1 1 12 5 1
472 48706 7 7 1 0 9 1 6 9 1 7 9 1 8 9 1 9 10 1 12 9 1 13 9 1
473 48712 1 1 1 11 5 1
474 48733 1 1 1 10 12 1
475 48827 10 5 2 3 9 1 4 9 1 9 10 1 10 9 1 15 9 1 3 15 1 4 15 1 9 15 1 10 15 1 15 0 1
476 48827 1 1 1 13 14 1
477 48941 13 13 1 0 1 1 1 0 1 2 0 1 3 0 1 4 0 1 5 0 1 6 0 1 7 0 1 8 0 1 10 0 1 11 0 1 13 0 1 14 0 1
478 49002 2 2 1 7 5 1 12 5 1
479 49094 2 2 1 0 9 1 14 9 1
480 51948 225 15 15 0 1 8 1 0 8 2 0 8 3 0 8 4 0 8 5 0 8 7 0 8 8 0 8 9 0 8 10 0 8 11 0 8 12 0 8 13 0 8 14 0 8 15 0 8 0 1 8 1 2 8 2 1 8 3 1 8 4 1 8 5 1 8 7 1 8 8 1 8 9 1 8 10 1 8 11 1 8 12 1 8 13 1 8 14 1 8 15 1 8 0 2 8 1 2 8 2 3 8 3 2 8 4 2 8 5 2 8 7 2 8 8 2 8 9 2 8 10 2 8 11 2 8 12 2 8 13 2 8 14 2 8 15 2 8 0 3 8 1 3 8 2 3 8 3 4 8 4 3 8 5 3 8 7 3 8 8 3 8 9 3 8 10 3 8 11 3 8 12 3 8 13 3 8 14 3 8 15 3 8 0 4 8 1 4 8 2 4 8 3 4 8 4 5 8 5 4 8 7 4 8 8 4 8 9 4 8 10 4 8 11 4 8 12 4 8 13 4 8 14 4 8 15 4 8 0 5 8 1 5 8 2 5 8 3 5 8 4 5 8 5 6 8 7 5 8 8 5 8 9 5 8 10 5 8 11 5 8 12 5 8 13 5 8 14 5 8 15 5 8 0 6 8 1 6 8 2 6 8 3 6 8 4 6 8 5 6 8 7 6 8 8 6 8 9 6 8 10 6 8 11 6 8 12 6 8 13 6 8 14 6 8 15 6 8 0 7 16 1 7 16 2 7 16 3 7 16 4 7 16 5 7 16 7 8 16 8 7 16 9 7 16 10 7 16 11 7 16 12 7 16 13 7 16 14 7 16 15 7 16 0 8 8 1 8 8 2 8 8 3 8 8 4 8 8 5 8 8 7 8 8 8 9 8 9 8 8 10 8 8 11 8 8 12 8 8 13 8 8 14 8 8 15 8 8 0 9 8 1 9 8 2 9 8 3 9 8 4 9 8 5 9 8 7 9 8 8 9 8 9 10 8 10 9 8 11 9 8 12 9 8 13 9 8 14 9 8 15 9 8 0 10 9 1 10 9 2 10 9 3 10 9 4 10 9 5 10 9 7 10 9 8 10 9 9 10 9 10 11 9 11 10 9 12 10 9 13 10 9 14 10 9 15 10 9 0 12 8 1 12 8 2 12 8 3 12 8 4 12 8 5 12 8 7 12 8 8 12 8 9 12 8 10 12 8 11 12 8 12 13 8 13 12 8 14 12 8 15 12 8 0 13 8 1 13 8 2 13 8 3 13 8 4 13 8 5 13 8 7 13 8 8 13 8 9 13 8 10 13 8 11 13 8 12 13 8 13 14 8 14 13 8 15 13 8 0 14 8 1 14 8 2 14 8 3 14 8 4 14 8 5 14 8 7 14 8 8 14 8 9 14 8 10 14 8 11 14 8 12 14 8 13 14 8 14 15 8 15 14 8 0 15 8 1 15 8 2 15 8 3 15 8 4 15 8 5 15 8 7 15 8 8 15 8 9 15 8 10 15 8 11 15 8 12 15 8 13 15 8 14 15 8 15 0 8
481 51969 1 1 1 14 13 1
482 52002 1 1 1 3 4 1
483 52011 1 1 1 12 13 1
484 52018 1 1 1 1 4 1
485 52240 15 15 1 0 9 1 1 9 1 2 9 1 3 9 1 5 9 1 6 9 1 7 9 1 8 9 1 9 10 1 10 9 1 11 9 1 12 9 1 13 9 1 14 9 1 15 9 1
486 52290 7 7 1 4 12 1 5 12 1 6 12 1 7 12 1 9 12 1 10 12 1 15 12 1
487 52301 1 1 1 10 0 1
488 52307 1 1 1 0 15 1
489 52339 1 1 1 0 8 1
490 52380 6 2 1 1 9 50 1 9 50 1 9 23 15 9 50 15 9 50 15 9 23
491 52409 1 1 1 11 2 1
492 52417 2 2 1 4 11 1 13 11 1
493 52529 7 7 1 1 14 1 2 14 1 4 14 1 8 14 1 9 14 1 10 14 1 11 14 1
494 52575 4 4 1 1 7 32 2 7 32 6 7 32 12 7 32
495 52579 1 1 1 6 8 1
496 52666 6 2 1 3 14 50 3 14 50 3 14 11 5 14 50 5 14 50 5 14 11
497 52679 1 1 1 12 7 1
498 53563 75 15 5 0 3 4 1 3 4 2 3 4 3 4 4 4 3 4 5 3 4 6 3 4 8 3 4 9 3 4 10 3 4 11 3 4 12 3 4 13 3 4 14 3 4 15 3 4 0 5 4 1 5 4 2 5 4 3 5 4 4 5 4 5 6 4 6 5 4 8 5 4 9 5 4 10 5 4 11 5 4 12 5 4 13 5 4 14 5 4 15 5 4 0 6 4 1 6 4 2 6 4 3 6 4 4 6 4 5 6 4 6 7 4 8 6 4 9 6 4 10 6 4 11 6 4 12 6 4 13 6 4 14 6 4 15 6 4 0 7 4 1 7 4 2 7 4 3 7 4 4 7 4 5 7 4 6 7 4 8 7 4 9 7 4 10 7 4 11 7 4 12 7 4 13 7 4 14 7 4 15 7 4 0 9 4 1 9 4 2 9 4 3 9 4 4 9 4 5 9 4 6 9 4 8 9 4 9 10 4 10 9 4 11 9 4 12 9 4 13 9 4 14 9 4 15 9 4
499 53662 11 1 11 14 0 3 14 2 3 14 4 3 14 5 6 14 6 3 14 7 2 14 8 6 14 9 3 14 10 3 14 11 3 14 15 3
500 53745 5 5 1 1 14 6 3 14 6 4 14 6 7 14 6 15 14 6
501 53840 10 5 2 1 9 1 3 9 1 4 9 1 11 9 1 15 9 1 1 12 1 3 12 1 4 12 1 11 12 1 15 12 1
502 53894 5 5 1 0 7 1 7 8 1 8 7 1 9 7 1 14 7 1
503 53921 3 3 1 5 15 2 11 15 2 14 15 2
504 54039 14 14 1 0 13 1 1 13 1 2 13 1 3 13 1 4 13 1 6 13 1 7 13 1 9 13 1 10 13 1 11 13 1 12 13 1 13 14 1 14 13 1 15 13 1
505 55018 75 15 5 0 3 4 1 3 4 2 3 4 3 4 4 4 3 4 5 3 4 7 3 4 8 3 4 9 3 4 10 3 4 11 3 4 12 3 4 13 3 4 14 3 4 15 3 4 0 5 4 1 5 4 2 5 4 3 5 4 4 5 4 5 6 4 7 5 4 8 5 4 9 5 4 10 5 4 11 5 4 12 5 4 13 5 4 14 5 4 15 5 4 0 10 4 1 10 4 2 10 4 3 10 4 4 10 4 5 10 4 7 10 4 8 10 4 9 10 4 10 11 4 11 10 4 12 10 4 13 10 4 14 10 4 15 10 4 0 13 4 1 13 4 2 13 4 3 13 4 4 13 4 5 13 4 7 13 4 8 13 4 9 13 4 10 13 4 11 13 4 12 13 4 13 14 4 14 13 4 15 13 4 0 15 4 1 15 4 2 15 4 3 15 4 4 15 4 5 15 4 7 15 4 8 15 4 9 15 4 10 15 4 11 15 4 12 15 4 13 15 4 14 15 4 15 0 4
506 55157 10 5 2 3 4 1 4 3 1 10 3 1 12 3 1 15 3 1 3 15 1 4 15 1 10 15 1 12 15 1 15 0 1
507 55217 9 1 1 13 6 50 13 6 50 13 6 50 13 6 50 13 6 50 13 6 50 13 6 50 13 6 50 13 6 23
508 55266 7 7 1 1 0 1 2 0 1 3 0 1 6 0 1 10 0 1 14 0 1 15 0 1
509 55277 1 1 1 6 1 1
510 55511 13 13 1 0 11 1 1 11 1 2 11 1 4 11 1 5 11 1 6 11 1 7 11 1 8 11 1 9 11 1 10 11 1 11 12 1 14 11 1 15 11 1
511 55522 1 1 1 5 6 1
512 58405 225 15 15 0 1 8 1 0 8 2 0 8 3 0 8 4 0 8 5 0 8 6 0 8 7 0 8 8 0 8 9 0 8 10 0 8 11 0 8 12 0 8 13 0 8 14 0 8 0 1 8 1 2 8 2 1 8 3 1 8 4 1 8 5 1 8 6 1 8 7 1 8 8 1 8 9 1 8 10 1 8 11 1 8 12 1 8 13 1 8 14 1 8 0 2 8 1 2 8 2 3 8 3 2 8 4 2 8 5 2 8 6 2 8 7 2 8 8 2 8 9 2 8 10 2 8 11 2 8 12 2 8 13 2 8 14 2 8 0 3 8 1 3 8 2 3 8 3 4 8 4 3 8 5 3 8 6 3 8 7 3 8 8 3 8 9 3 8 10 3 8 11 3 8 12 3 8 13 3 8 14 3 8 0 4 8 1 4 8 2 4 8 3 4 8 4 5 8 5 4 8 6 4 8 7 4 8 8 4 8 9 4 8 10 4 8 11 4 8 12 4 8 13 4 8 14 4 8 0 5 8 1 5 8 2 5 8 3 5 8 4 5 8 5 6 8 6 5 8 7 5 8 8 5 8 9 5 8 10 5 8 11 5 8 12 5 8 13 5 8 14 5 8 0 6 8 1 6 8 2 6 8 3 6 8 4 6 8 5 6 8 6 7 8 7 6 8 8 6 8 9 6 8 10 6 8 11 6 8 12 6 8 13 6 8 14 6 8 0 7 16 1 7 16 2 7 16 3 7 16 4 7 16 5 7 16 6 7 16 7 8 16 8 7 16 9 7 16 10 7 16 11 7 16 12 7 16 13 7 16 14 7 16 0 8 8 1 8 8 2 8 8 3 8 8 4 8 8 5 8 8 6 8 8 7 8 8 8 9 8 9 8 8 10 8 8 11 8 8 12 8 8 13 8 8 14 8 8 0 9 8 1 9 8 2 9 8 3 9 8 4 9 8 5 9 8 6 9 8 7 9 8 8 9 8 9 10 8 10 9 8 11 9 8 12 9 8 13 9 8 14 9 8 0 10 9 1 10 9 2 10 9 3 10 9 4 10 9 5 10 9 6 10 9 7 10 9 8 10 9 9 10 9 10 11 9 11 10 9 12 10 9 13 10 9 14 10 9 0 11 8 1 11 8 2 11 8 3 11 8 4 11 8 5 11 8 6 11 8 7 11 8 8 11 8 9 11 8 10 11 8 11 12 8 12 11 8 13 11 8 14 11 8 0 12 8 1 12 8 2 12 8 3 12 8 4 12 8 5 12 8 6 12 8 7 12 8 8 12 8 9 12 8 10 12 8 11 12 8 12 13 8 13 12 8 14 12 8 0 13 8 1 13 8 2 13 8 3 13 8 4 13 8 5 13 8 6 13 8 7 13 8 8 13 8 9 13 8 10 13 8 11 13 8 12 13 8 13 14 8 14 13 8 0 15 8 1 15 8 2 15 8 3 15 8 4 15 8 5 15 8 6 15 8 7 15 8 8 15 8 9 15 8 10 15 8 11 15 8 12 15 8 13 15 8 14 15 8
513 58531 13 13 1 0 12 1 2 12 1 3 12 1 4 12 1 5 12 1 6 12 1 7 12 1 9 12 1 10 12 1 11 12 1 12 13 1 14 12 1 15 12 1
514 58562 3 3 1 3 4 1 6 3 1 15 3 1
515 58568 1 1 1 11 6 1
516 58594 1 1 1 5 15 1
517 58697 5 5 1 1 4 1 3 4 1 5 4 1 8 4 1 10 4 1
518 58757 4 4 1 3 15 32 4 15 32 6 15 32 11 15 32
519 58881 10 5 2 1 4 1 3 4 1 11 4 1 12 4 1 13 4 1 1 7 1 3 7 1 11 7 1 12 7 1 13 7 1
520 58940 6 2 3 3 2 49 5 2 49 3 9 49 5 9 49 3 13 49 5 13 49
521 58951 1 1 1 14 15 7
522 59106 10 5 2 1 8 1 2 8 1 4 8 1 7 8 1 13 8 1 1 10 1 2 10 1 4 10 1 7 10 1 13 10 1
523 59270 12 12 1 0 7 1 1 7 1 4 7 1 6 7 1 7 8 1 8 7 1 9 7 1 10 7 1 11 7 1 12 7 1 14 7 1 15 7 1
524 59476 13 13 1 0 10 1 1 10 1 2 10 1 4 10 1 6 10 1 8 10 1 9 10 1 10 11 1 11 10 1 12 10 1 13 10 1 14 10 1 15 10 1
525 59776 14 14 1 0 12 1 1 12 1 2 12 1 4 12 1 5 12 1 6 12 1 7 12 1 8 12 1 10 12 1 11 12 1 12 13 1 13 12 1 14 12 1 15 12 1
