5 60
0 14 2 2 1 2 4 22 4 0 22
1 27 3 3 1 1 4 2 2 4 2 3 4 2
2 41 4 4 1 0 4 1 1 4 1 3 4 1 4 0 1
3 50 1 1 1 3 4 1
4 50 1 1 1 4 0 1
5 52 1 1 1 2 3 1
6 54 2 2 1 0 2 1 1 2 1
7 57 2 2 1 0 1 19 2 1 19
8 58 1 1 1 2 3 1
9 60 2 2 1 0 4 47 1 4 47
10 66 1 1 1 2 4 1
11 72 1 1 1 2 3 1
12 74 2 2 1 0 1 22 3 1 22
13 75 1 1 1 3 4 1
14 77 1 1 1 1 4 1
15 82 2 2 1 1 2 1 2 3 1
16 84 1 1 1 3 1 1
17 94 4 2 1 1 0 25 1 0 2 4 0 25 4 0 2
18 101 2 2 1 2 3 25 4 3 25
19 105 3 3 1 0 1 2 2 1 2 4 1 2
20 106 1 1 1 4 0 1
21 109 2 2 1 1 2 25 3 2 25
22 132 10 5 2 0 1 1 1 0 1 2 0 1 3 0 1 4 0 1 0 4 1 1 4 1 2 4 1 3 4 1 4 0 1
23 141 5 5 1 0 2 6 1 2 6 2 3 6 3 2 6 4 2 6
24 177 15 3 5 0 1 1 2 0 1 3 0 1 0 1 1 2 1 1 3 1 1 0 2 1 2 3 1 3 2 1 0 3 1 2 3 1 3 4 1 0 4 1 2 4 1 3 4 1
25 208 6 2 3 1 0 1 3 0 1 1 2 1 3 1 1 1 3 4 3 4 4
26 238 10 5 2 0 1 1 1 0 1 2 0 1 3 0 1 4 0 1 0 4 1 1 4 1 2 4 1 3 4 1 4 0 1
27 242 2 2 1 0 4 23 1 4 23
28 255 6 3 1 2 1 25 2 1 13 3 1 25 3 1 13 4 1 25 4 1 13
29 262 2 2 1 0 1 1 3 1 1
30 270 1 1 1 2 4 1
31 271 2 2 1 0 3 22 2 3 22
32 273 1 1 1 2 0 1
33 277 3 3 1 0 1 1 1 0 1 2 0 1
34 278 1 1 1 0 1 1
35 288 2 2 1 3 4 1 4 3 1
36 289 1 1 1 3 4 1
37 295 1 1 1 3 0 1
38 301 2 2 1 3 2 1 4 2 1
39 301 1 1 1 2 1 1
40 306 2 2 1 2 4 22 3 4 22
41 314 2 2 1 0 4 22 2 4 22
42 319 1 1 1 2 3 1
43 329 3 3 1 0 1 1 3 0 1 4 0 1
44 347 5 5 1 0 1 1 1 2 1 2 1 1 3 1 1 4 1 1
45 349 2 2 1 0 1 41 4 1 41
46 358 2 2 1 0 1 1 3 1 1
47 413 15 3 5 0 1 1 2 0 1 3 0 1 0 1 1 2 1 1 3 1 1 0 2 1 2 3 1 3 2 1 0 3 1 2 3 1 3 4 1 0 4 1 2 4 1 3 4 1
48 424 4 4 1 0 1 1 1 2 1 3 1 1 4 1 1
49 425 1 1 1 3 4 1
50 426 1 1 1 0 2 1
51 427 1 1 1 2 0 1
52 435 6 3 1 0 1 25 0 1 13 1 2 25 1 2 13 2 1 25 2 1 13
53 449 3 3 1 1 2 2 3 2 2 4 2 2
54 450 1 1 1 1 4 1
55 451 1 1 1 0 4 1
56 454 3 3 1 0 4 1 1 4 1 2 4 1
57 454 1 1 1 0 1 1
58 454 1 1 1 1 2 6
59 480 6 2 1 3 1 25 3 1 25 3 1 23 4 1 25 4 1 25 4 1 23
